MYD17A2H.A2010001.h12v02.006.2015198133845.Gpp_500m,MYD17A2H,A2010001,Lat65.9255Lon-137.4220833Samp13Line13,2015198133845,Gpp_500m,32767,32767,32767,32767,32767,32767,32767,32767,32767,32767,32767,32767,32767,32767,32767,32767,32767,32767,32767,32767,32767,32767,32767,32767,32767,32767,32767,32767,32767,32767,32767,32767,32767,32767,32767,32767,32767,32767,32767,32767,32767,32767,32767,32767,32767,32767,32767,32767,32767,32767,32767,32767,32767,32767,32767,32767,32767,32767,32767,32767,32767,32767,32767,32767,32767,32767,32767,32767,32767,32767,32767,32767,32767,32767,32767,32767,32767,32767,32767,32767,32767,32767,32767,32767,32767,32767,32767,32767,32767,32767,32767,32767,32767,32767,32767,32767,32767,32767,32767,32767,32767,32767,32767,32767,32767,32767,32767,32767,32767,32767,32767,32767,32767,32767,32767,32767,32767,32767,32767,32767,32767,32767,32767,32767,32767,32767,32767,32767,32767,32767,32767,32767,32767,32767,32767,32767,32767,32767,32767,32767,32767,32767,32767,32767,32767,32767,32767,32767,32767,32767,32767,32767,32767,32767,32767,32767,32767,32767,32767,32767,32767,32767,32767,32767,32767,32767,32767,32767,32767
MYD17A2H.A2010001.h12v02.006.2015198133845.PsnNet_500m,MYD17A2H,A2010001,Lat65.9255Lon-137.4220833Samp13Line13,2015198133845,PsnNet_500m,32767,32767,32767,32767,32767,32767,32767,32767,32767,32767,32767,32767,32767,32767,32767,32767,32767,32767,32767,32767,32767,32767,32767,32767,32767,32767,32767,32767,32767,32767,32767,32767,32767,32767,32767,32767,32767,32767,32767,32767,32767,32767,32767,32767,32767,32767,32767,32767,32767,32767,32767,32767,32767,32767,32767,32767,32767,32767,32767,32767,32767,32767,32767,32767,32767,32767,32767,32767,32767,32767,32767,32767,32767,32767,32767,32767,32767,32767,32767,32767,32767,32767,32767,32767,32767,32767,32767,32767,32767,32767,32767,32767,32767,32767,32767,32767,32767,32767,32767,32767,32767,32767,32767,32767,32767,32767,32767,32767,32767,32767,32767,32767,32767,32767,32767,32767,32767,32767,32767,32767,32767,32767,32767,32767,32767,32767,32767,32767,32767,32767,32767,32767,32767,32767,32767,32767,32767,32767,32767,32767,32767,32767,32767,32767,32767,32767,32767,32767,32767,32767,32767,32767,32767,32767,32767,32767,32767,32767,32767,32767,32767,32767,32767,32767,32767,32767,32767,32767,32767
MYD17A2H.A2010001.h12v02.006.2015198133845.Psn_QC_500m,MYD17A2H,A2010001,Lat65.9255Lon-137.4220833Samp13Line13,2015198133845,Psn_QC_500m,255,255,255,255,255,255,255,255,255,255,255,255,255,255,255,255,255,255,255,255,255,255,255,255,255,255,255,255,255,255,255,255,255,255,255,255,255,255,255,255,255,255,255,255,255,255,255,255,255,255,255,255,255,255,255,255,255,255,255,255,255,255,255,255,255,255,255,255,255,255,255,255,255,255,255,255,255,255,255,255,255,255,255,255,255,255,255,255,255,255,255,255,255,255,255,255,255,255,255,255,255,255,255,255,255,255,255,255,255,255,255,255,255,255,255,255,255,255,255,255,255,255,255,255,255,255,255,255,255,255,255,255,255,255,255,255,255,255,255,255,255,255,255,255,255,255,255,255,255,255,255,255,255,255,255,255,255,255,255,255,255,255,255,255,255,255,255,255,255
MYD17A2H.A2010009.h12v02.006.2015198141940.Gpp_500m,MYD17A2H,A2010009,Lat65.9255Lon-137.4220833Samp13Line13,2015198141940,Gpp_500m,32767,32767,32767,32767,32767,32767,32767,32767,32767,32767,32767,32767,32767,32767,32767,32767,32767,32767,32767,32767,32767,32767,32767,32767,32767,32767,32767,32767,32767,32767,32767,32767,32767,32767,32767,32767,32767,32767,32767,32767,32767,32767,32767,32767,32767,32767,32767,32767,32767,32767,32767,32767,32767,32767,32767,32767,32767,32767,32767,32767,32767,32767,32767,32767,32767,32767,32767,32767,32767,32767,32767,32767,32767,32767,32767,32767,32767,32767,32767,32767,32767,32767,32767,32767,32767,32767,32767,32767,32767,32767,32767,32767,32767,32767,32767,32767,32767,32767,32767,32767,32767,32767,32767,32767,32767,32767,32767,32767,32767,32767,32767,32767,32767,32767,32767,32767,32767,32767,32767,32767,32767,32767,32767,32767,32767,32767,32767,32767,32767,32767,32767,32767,32767,32767,32767,32767,32767,32767,32767,32767,32767,32767,32767,32767,32767,32767,32767,32767,32767,32767,32767,32767,32767,32767,32767,32767,32767,32767,32767,32767,32767,32767,32767,32767,32767,32767,32767,32767,32767
MYD17A2H.A2010009.h12v02.006.2015198141940.PsnNet_500m,MYD17A2H,A2010009,Lat65.9255Lon-137.4220833Samp13Line13,2015198141940,PsnNet_500m,32767,32767,32767,32767,32767,32767,32767,32767,32767,32767,32767,32767,32767,32767,32767,32767,32767,32767,32767,32767,32767,32767,32767,32767,32767,32767,32767,32767,32767,32767,32767,32767,32767,32767,32767,32767,32767,32767,32767,32767,32767,32767,32767,32767,32767,32767,32767,32767,32767,32767,32767,32767,32767,32767,32767,32767,32767,32767,32767,32767,32767,32767,32767,32767,32767,32767,32767,32767,32767,32767,32767,32767,32767,32767,32767,32767,32767,32767,32767,32767,32767,32767,32767,32767,32767,32767,32767,32767,32767,32767,32767,32767,32767,32767,32767,32767,32767,32767,32767,32767,32767,32767,32767,32767,32767,32767,32767,32767,32767,32767,32767,32767,32767,32767,32767,32767,32767,32767,32767,32767,32767,32767,32767,32767,32767,32767,32767,32767,32767,32767,32767,32767,32767,32767,32767,32767,32767,32767,32767,32767,32767,32767,32767,32767,32767,32767,32767,32767,32767,32767,32767,32767,32767,32767,32767,32767,32767,32767,32767,32767,32767,32767,32767,32767,32767,32767,32767,32767,32767
MYD17A2H.A2010009.h12v02.006.2015198141940.Psn_QC_500m,MYD17A2H,A2010009,Lat65.9255Lon-137.4220833Samp13Line13,2015198141940,Psn_QC_500m,255,255,255,255,255,255,255,255,255,255,255,255,255,255,255,255,255,255,255,255,255,255,255,255,255,255,255,255,255,255,255,255,255,255,255,255,255,255,255,255,255,255,255,255,255,255,255,255,255,255,255,255,255,255,255,255,255,255,255,255,255,255,255,255,255,255,255,255,255,255,255,255,255,255,255,255,255,255,255,255,255,255,255,255,255,255,255,255,255,255,255,255,255,255,255,255,255,255,255,255,255,255,255,255,255,255,255,255,255,255,255,255,255,255,255,255,255,255,255,255,255,255,255,255,255,255,255,255,255,255,255,255,255,255,255,255,255,255,255,255,255,255,255,255,255,255,255,255,255,255,255,255,255,255,255,255,255,255,255,255,255,255,255,255,255,255,255,255,255
MYD17A2H.A2010017.h12v02.006.2015198224111.Gpp_500m,MYD17A2H,A2010017,Lat65.9255Lon-137.4220833Samp13Line13,2015198224111,Gpp_500m,0,0,0,0,0,0,0,0,0,0,0,0,0,0,0,0,0,0,0,0,0,0,0,0,0,0,0,0,0,0,0,0,0,0,0,0,0,0,0,0,0,0,0,0,0,0,0,0,0,0,0,0,0,0,0,0,0,0,0,0,0,0,0,0,0,0,0,0,0,0,0,0,0,0,0,0,0,0,0,0,0,0,0,0,0,0,0,0,0,0,0,0,0,0,0,0,0,0,0,0,0,0,0,0,0,0,0,0,0,0,0,0,0,0,0,0,0,0,0,0,0,0,0,0,0,0,0,0,0,0,0,0,0,0,0,0,0,0,0,0,0,0,0,0,0,0,0,0,0,0,0,0,0,0,0,0,0,0,0,0,0,0,0,0,0,0,0,0,0
MYD17A2H.A2010017.h12v02.006.2015198224111.PsnNet_500m,MYD17A2H,A2010017,Lat65.9255Lon-137.4220833Samp13Line13,2015198224111,PsnNet_500m,0,0,0,0,0,0,0,0,0,0,0,0,0,0,0,0,0,0,0,0,0,0,0,0,0,0,0,0,0,0,0,0,0,0,0,0,0,0,0,0,0,0,0,0,0,0,0,0,0,0,0,0,0,0,0,0,0,0,0,0,0,0,0,0,0,0,0,0,0,0,0,0,0,0,0,0,0,0,0,0,0,0,0,0,0,0,0,0,0,0,0,0,0,0,0,0,0,0,0,0,0,0,0,0,0,0,0,0,0,0,0,0,0,0,0,0,0,0,0,0,0,0,0,0,0,0,0,0,0,0,0,0,0,0,0,0,0,0,0,0,0,0,0,0,0,0,0,0,0,0,0,0,0,0,0,0,0,0,0,0,0,0,0,0,0,0,0,0,0
MYD17A2H.A2010017.h12v02.006.2015198224111.Psn_QC_500m,MYD17A2H,A2010017,Lat65.9255Lon-137.4220833Samp13Line13,2015198224111,Psn_QC_500m,67,67,67,67,67,67,67,67,67,67,67,67,67,67,67,67,67,67,67,67,67,67,67,67,67,67,67,67,67,67,67,67,75,75,75,67,67,67,67,67,67,83,75,67,67,67,67,67,67,67,83,67,67,67,67,67,67,67,67,67,67,67,67,67,67,67,67,67,67,67,67,67,83,67,67,67,67,67,67,67,67,67,67,67,67,67,67,75,67,67,67,67,67,67,67,67,67,67,67,67,67,67,67,67,67,67,67,67,67,67,67,67,67,67,67,67,67,67,67,67,67,67,67,67,67,67,67,67,67,67,67,67,67,67,67,67,67,67,67,67,67,67,67,67,67,67,67,67,67,67,67,67,67,67,67,67,67,67,67,67,67,67,67,67,67,67,67,67,67
MYD17A2H.A2010025.h12v02.006.2015199005415.Gpp_500m,MYD17A2H,A2010025,Lat65.9255Lon-137.4220833Samp13Line13,2015199005415,Gpp_500m,0,0,0,0,0,0,0,0,0,0,0,0,0,0,0,0,0,0,0,0,0,0,0,0,0,0,0,0,0,0,0,0,0,0,0,0,0,0,0,0,0,0,0,0,0,0,0,0,0,0,0,0,0,0,0,0,0,0,0,0,0,0,0,0,0,0,0,0,0,0,0,0,0,0,0,0,0,0,0,0,0,0,0,0,0,0,0,0,0,0,0,0,0,0,0,0,0,0,0,0,0,0,0,0,0,0,0,0,0,0,0,0,0,0,0,0,0,0,0,0,0,0,0,0,0,0,0,0,0,0,0,0,0,0,0,0,0,0,0,0,0,0,0,0,0,0,0,0,0,0,0,0,0,0,0,0,0,0,0,0,0,0,0,0,0,0,0,0,0
MYD17A2H.A2010025.h12v02.006.2015199005415.PsnNet_500m,MYD17A2H,A2010025,Lat65.9255Lon-137.4220833Samp13Line13,2015199005415,PsnNet_500m,0,0,0,0,0,0,0,0,0,0,0,0,0,0,0,0,0,0,0,0,0,0,0,0,0,0,0,0,0,0,0,0,0,0,0,0,0,0,0,0,0,0,0,0,0,0,0,0,0,0,0,0,0,0,0,0,0,0,0,0,0,0,0,0,0,0,0,0,0,0,0,0,0,0,0,0,0,0,0,0,0,0,0,0,0,0,0,0,0,0,0,0,0,0,0,0,0,0,0,0,0,0,0,0,0,0,0,0,0,0,0,0,0,0,0,0,0,0,0,0,0,0,0,0,0,0,0,0,0,0,0,0,0,0,0,0,0,0,0,0,0,0,0,0,0,0,0,0,0,0,0,0,0,0,0,0,0,0,0,0,0,0,0,0,0,0,0,0,0
MYD17A2H.A2010025.h12v02.006.2015199005415.Psn_QC_500m,MYD17A2H,A2010025,Lat65.9255Lon-137.4220833Samp13Line13,2015199005415,Psn_QC_500m,67,67,67,67,67,67,75,67,83,67,67,67,83,67,67,67,67,67,83,67,67,67,83,83,67,67,67,67,67,67,67,67,67,67,67,67,67,67,67,67,67,67,67,67,67,67,67,67,67,67,67,67,67,67,67,67,67,67,67,67,67,67,67,67,67,67,67,67,67,67,67,67,67,67,67,67,67,67,67,67,67,67,67,67,67,67,67,67,67,67,67,67,67,67,67,67,67,67,67,67,67,67,67,67,67,67,67,67,67,67,67,67,67,67,67,67,67,67,67,67,67,67,67,67,67,67,67,67,67,75,67,67,67,67,67,67,67,67,67,75,67,67,67,67,67,67,67,67,67,67,67,67,67,67,67,67,67,67,67,67,67,67,67,67,67,67,67,67,67
MYD17A2H.A2010033.h12v02.006.2015199155926.Gpp_500m,MYD17A2H,A2010033,Lat65.9255Lon-137.4220833Samp13Line13,2015199155926,Gpp_500m,0,0,0,0,0,0,0,0,0,0,0,0,0,0,0,0,0,0,0,0,0,0,0,0,0,0,0,0,0,0,0,0,0,0,0,0,0,0,0,0,0,0,0,0,0,0,0,0,0,0,0,0,0,0,0,0,0,0,0,0,0,0,0,0,0,0,0,0,0,0,0,0,0,0,0,0,0,0,0,0,0,0,0,0,0,0,0,0,0,0,0,0,0,0,0,0,0,0,0,0,0,0,0,0,0,0,0,0,0,0,0,0,0,0,0,0,0,0,0,0,0,0,0,0,0,0,0,0,0,0,0,0,0,0,0,0,0,0,0,0,0,0,0,0,0,0,0,0,0,0,0,0,0,0,0,0,0,0,0,0,0,0,0,0,0,0,0,0,0
MYD17A2H.A2010033.h12v02.006.2015199155926.PsnNet_500m,MYD17A2H,A2010033,Lat65.9255Lon-137.4220833Samp13Line13,2015199155926,PsnNet_500m,0,0,0,0,0,0,0,0,0,0,0,0,0,0,0,0,0,0,0,0,0,0,0,0,0,0,0,0,0,0,0,0,0,0,0,0,0,0,0,0,0,0,0,0,0,0,0,0,0,0,0,0,0,0,0,0,0,0,0,0,0,0,0,0,0,0,0,0,0,0,0,0,0,0,0,0,0,0,0,0,0,0,0,0,0,0,0,0,0,0,0,0,0,0,0,0,0,0,0,0,0,0,0,0,0,0,0,0,0,0,0,0,0,0,0,0,0,0,0,0,0,0,0,0,0,0,0,0,0,0,0,0,0,0,0,0,0,0,0,0,0,0,0,0,0,0,0,0,0,0,0,0,0,0,0,0,0,0,0,0,0,0,0,0,0,0,0,0,0
MYD17A2H.A2010033.h12v02.006.2015199155926.Psn_QC_500m,MYD17A2H,A2010033,Lat65.9255Lon-137.4220833Samp13Line13,2015199155926,Psn_QC_500m,67,67,67,67,67,67,67,67,67,67,67,83,75,67,67,67,67,67,83,67,67,67,75,67,67,67,67,67,67,67,67,67,67,67,67,67,67,67,75,67,67,67,75,75,75,67,67,67,67,67,67,75,67,67,75,75,75,75,67,67,67,75,67,67,67,75,67,75,67,75,75,75,75,75,75,67,75,67,67,67,67,75,67,67,67,67,67,67,67,67,75,67,67,67,67,67,67,67,75,75,67,75,75,75,67,67,67,67,67,67,67,67,67,75,75,67,67,67,67,67,67,67,67,67,67,67,67,75,75,75,67,67,67,67,67,67,67,67,67,67,67,67,67,67,67,67,67,67,67,75,75,67,67,67,67,75,67,67,67,67,67,67,67,67,67,67,75,75,75
MYD17A2H.A2010041.h12v02.006.2015199163511.Gpp_500m,MYD17A2H,A2010041,Lat65.9255Lon-137.4220833Samp13Line13,2015199163511,Gpp_500m,0,0,0,0,0,0,0,0,0,0,0,0,0,0,0,0,0,0,0,0,0,0,0,0,0,0,0,0,0,0,0,0,0,0,0,0,0,0,0,0,0,0,0,0,0,0,0,0,0,0,0,0,0,0,0,0,0,0,0,0,0,0,0,0,0,0,0,0,0,0,0,0,0,0,0,0,0,0,0,0,0,0,0,0,0,0,0,0,0,0,0,0,0,0,0,0,0,0,0,0,0,0,0,0,0,0,0,0,0,0,0,0,0,0,0,0,0,0,0,0,0,0,0,0,0,0,0,0,0,0,0,0,0,0,0,0,0,0,0,0,0,0,0,0,0,0,0,0,0,0,0,0,0,0,0,0,0,0,0,0,0,0,0,0,0,0,0,0,0
MYD17A2H.A2010041.h12v02.006.2015199163511.PsnNet_500m,MYD17A2H,A2010041,Lat65.9255Lon-137.4220833Samp13Line13,2015199163511,PsnNet_500m,0,0,0,0,0,0,0,0,0,0,0,0,0,0,0,0,0,0,0,0,0,0,0,0,0,0,0,0,0,0,0,0,0,0,0,0,0,0,0,0,0,0,0,0,0,0,0,0,0,0,0,0,0,0,0,0,0,0,0,0,0,0,0,0,0,0,0,0,0,0,0,0,0,0,0,0,0,0,0,0,0,0,0,0,0,0,0,0,0,0,0,0,0,0,0,0,0,0,0,0,0,0,0,0,0,0,0,0,0,0,0,0,0,0,0,0,0,0,0,0,0,0,0,0,0,0,0,0,0,0,0,0,0,0,0,0,0,0,0,0,0,0,0,0,0,0,0,0,0,0,0,0,0,0,0,0,0,0,0,0,0,0,0,0,0,0,0,0,0
MYD17A2H.A2010041.h12v02.006.2015199163511.Psn_QC_500m,MYD17A2H,A2010041,Lat65.9255Lon-137.4220833Samp13Line13,2015199163511,Psn_QC_500m,67,67,67,67,67,67,67,67,67,67,67,75,67,67,67,67,67,67,67,75,67,67,67,67,67,67,67,67,67,67,67,67,67,67,67,67,67,67,83,67,67,67,67,67,67,67,67,67,67,67,83,75,67,67,67,75,75,67,67,67,75,75,75,75,75,67,75,75,75,75,75,75,75,75,75,75,75,75,75,75,75,75,75,75,75,75,75,75,75,75,75,75,75,75,75,67,75,75,75,75,75,75,75,75,75,75,67,67,75,67,75,75,75,75,75,67,67,67,67,67,67,75,75,67,67,67,67,75,67,67,75,67,75,75,67,67,67,75,67,67,67,67,75,75,67,75,67,67,67,67,67,67,75,75,75,75,67,67,67,67,67,67,67,67,67,67,75,75,67
MYD17A2H.A2010049.h12v02.006.2015199170311.Gpp_500m,MYD17A2H,A2010049,Lat65.9255Lon-137.4220833Samp13Line13,2015199170311,Gpp_500m,0,0,0,0,0,0,0,0,0,0,0,0,0,0,0,0,0,0,0,0,0,0,0,0,0,0,0,0,0,0,0,0,0,0,0,0,0,0,0,0,0,0,0,0,0,0,0,0,0,0,0,0,0,0,0,0,0,0,0,0,0,0,0,0,0,0,0,0,0,0,0,0,0,0,0,0,0,0,0,0,0,0,0,0,0,0,0,0,0,0,0,0,0,0,0,0,0,0,0,0,0,0,0,0,0,0,0,0,0,0,0,0,0,0,0,0,0,0,0,0,0,0,0,0,0,0,0,0,0,0,0,0,0,0,0,0,0,0,0,0,0,0,0,0,0,0,0,0,0,0,0,0,0,0,0,0,0,0,0,0,0,0,0,0,0,0,0,0,0
MYD17A2H.A2010049.h12v02.006.2015199170311.PsnNet_500m,MYD17A2H,A2010049,Lat65.9255Lon-137.4220833Samp13Line13,2015199170311,PsnNet_500m,0,0,0,0,0,0,0,0,0,-21,0,0,0,0,0,0,0,0,0,0,0,0,0,0,0,0,0,0,0,0,0,0,0,0,0,0,0,0,0,0,0,0,0,0,0,0,0,0,0,0,0,0,0,0,0,0,0,0,0,0,0,0,0,0,0,0,0,0,0,0,0,0,0,0,0,0,0,0,0,0,0,0,0,0,0,0,0,0,0,0,0,0,0,0,0,0,0,0,0,0,0,0,0,0,0,0,0,0,0,0,0,0,0,0,0,0,0,0,0,0,0,0,0,0,0,0,0,0,0,0,0,0,0,0,0,0,0,0,0,0,0,0,0,0,0,0,0,0,0,0,0,0,0,0,0,0,0,0,0,0,0,0,0,0,0,0,0,0,0
MYD17A2H.A2010049.h12v02.006.2015199170311.Psn_QC_500m,MYD17A2H,A2010049,Lat65.9255Lon-137.4220833Samp13Line13,2015199170311,Psn_QC_500m,67,75,67,67,67,75,67,67,67,67,75,75,75,67,75,75,75,67,75,75,75,75,75,67,67,75,75,67,83,83,67,75,67,67,67,67,75,67,67,67,83,67,75,75,75,75,67,67,67,75,75,75,67,67,67,67,75,75,75,67,67,75,75,75,75,75,67,83,75,67,75,75,67,67,75,75,67,75,83,75,75,75,75,75,67,67,75,75,67,75,75,67,67,67,67,67,67,67,67,67,67,67,67,67,67,67,67,67,67,67,67,67,67,67,67,67,67,67,67,67,67,67,67,67,67,67,67,75,67,67,67,67,67,67,67,67,67,75,75,67,67,75,75,67,67,67,67,67,67,67,67,67,67,75,67,75,67,67,67,67,67,67,67,67,67,67,67,67,67
MYD17A2H.A2010057.h12v02.006.2015199172429.Gpp_500m,MYD17A2H,A2010057,Lat65.9255Lon-137.4220833Samp13Line13,2015199172429,Gpp_500m,0,0,0,0,0,0,0,0,0,0,0,0,0,0,0,0,0,0,0,0,0,0,0,0,0,0,0,0,0,0,0,0,0,0,0,0,0,0,0,0,0,0,0,0,0,0,0,0,0,0,0,0,0,0,0,0,0,0,0,0,0,0,0,0,0,0,0,0,0,0,0,0,0,0,0,0,0,0,0,0,0,0,0,0,0,0,0,0,0,0,0,0,0,0,0,0,0,0,0,0,0,0,0,0,0,0,0,0,0,0,0,0,0,0,0,0,0,0,0,0,0,0,0,0,0,0,0,0,0,0,0,0,0,0,0,0,0,0,0,0,0,0,0,0,0,0,0,0,0,0,0,0,0,0,0,0,0,0,0,0,0,0,0,0,0,0,0,0,0
MYD17A2H.A2010057.h12v02.006.2015199172429.PsnNet_500m,MYD17A2H,A2010057,Lat65.9255Lon-137.4220833Samp13Line13,2015199172429,PsnNet_500m,0,0,0,0,0,0,0,0,0,0,0,0,0,0,0,0,0,0,0,0,0,0,0,0,0,0,0,0,0,0,0,0,0,0,0,0,0,0,0,0,0,0,0,0,0,0,-17,-17,0,0,0,0,0,0,0,0,-17,-17,0,0,0,0,0,0,0,0,0,0,0,0,0,0,0,0,0,0,0,0,0,0,0,0,0,0,0,0,0,0,0,0,0,0,0,0,0,0,0,0,0,0,0,0,0,0,0,0,0,0,-17,-17,0,0,0,0,0,0,0,0,0,0,0,0,0,0,0,0,0,0,0,0,0,0,0,0,0,0,0,0,0,0,0,0,0,0,0,0,0,0,0,0,0,0,-17,0,0,0,0,0,0,0,0,0,0,-17,0,0,0,0,0
MYD17A2H.A2010057.h12v02.006.2015199172429.Psn_QC_500m,MYD17A2H,A2010057,Lat65.9255Lon-137.4220833Samp13Line13,2015199172429,Psn_QC_500m,67,67,67,67,67,75,75,75,75,75,75,75,75,67,75,75,75,67,75,67,75,75,75,75,75,75,67,67,67,75,67,75,75,75,75,67,75,67,75,67,67,67,67,67,67,67,67,67,75,67,67,67,67,67,67,67,67,67,75,75,75,67,67,67,67,67,67,67,75,67,67,75,67,67,75,75,75,67,67,67,67,67,67,67,67,67,75,75,67,67,67,67,67,67,67,67,67,67,67,67,67,67,67,67,67,67,67,67,67,67,67,67,67,67,67,67,67,67,67,67,67,67,67,67,67,67,67,67,67,67,67,67,67,67,67,67,67,67,67,67,67,67,67,67,67,67,67,67,67,67,67,67,67,67,67,67,67,67,67,67,67,67,67,67,67,67,67,67,67
MYD17A2H.A2010065.h12v02.006.2015199174241.Gpp_500m,MYD17A2H,A2010065,Lat65.9255Lon-137.4220833Samp13Line13,2015199174241,Gpp_500m,0,0,0,0,0,0,0,0,0,0,0,0,0,0,0,0,0,0,0,0,0,0,0,0,0,0,0,0,0,0,0,0,0,0,0,0,0,0,0,0,0,0,0,0,0,0,0,0,0,0,0,0,0,0,0,0,0,0,0,0,0,0,0,0,0,0,0,0,0,0,0,0,0,0,0,0,0,0,0,0,0,0,0,0,0,0,0,0,0,0,0,0,0,0,0,0,0,0,0,0,0,0,0,0,0,0,0,0,0,0,0,0,0,0,0,0,0,0,0,0,0,0,0,0,0,0,0,0,0,0,0,0,0,0,0,0,0,0,0,0,0,0,0,0,0,0,0,0,0,0,0,0,0,0,0,0,0,0,0,0,0,0,0,0,0,0,0,0,0
MYD17A2H.A2010065.h12v02.006.2015199174241.PsnNet_500m,MYD17A2H,A2010065,Lat65.9255Lon-137.4220833Samp13Line13,2015199174241,PsnNet_500m,0,0,0,0,0,0,0,0,0,0,0,0,0,0,0,0,0,0,0,0,0,0,0,0,0,0,0,0,0,0,0,0,0,0,0,0,0,0,0,0,0,0,0,0,0,0,0,0,0,0,0,0,0,0,0,0,0,0,0,0,0,0,0,0,0,0,0,0,0,0,0,0,0,0,0,0,0,0,0,0,0,0,0,0,0,0,0,0,0,0,0,0,0,0,0,0,0,0,0,0,0,0,0,0,0,0,0,0,0,0,0,0,0,0,0,0,0,0,0,0,0,0,0,0,0,0,0,0,0,0,0,0,0,0,0,0,0,0,0,0,0,0,0,0,0,0,0,0,0,0,0,0,0,0,0,0,0,0,0,0,0,0,0,0,0,0,0,0,0
MYD17A2H.A2010065.h12v02.006.2015199174241.Psn_QC_500m,MYD17A2H,A2010065,Lat65.9255Lon-137.4220833Samp13Line13,2015199174241,Psn_QC_500m,67,67,2,2,67,67,67,2,2,67,67,67,2,67,75,2,2,67,2,2,2,75,67,67,2,2,2,2,2,2,2,67,2,2,2,67,67,2,2,67,67,2,2,2,2,2,2,2,67,67,67,2,67,67,2,2,2,2,67,75,2,2,67,75,67,2,2,2,2,67,67,2,67,75,75,2,2,67,67,2,2,2,2,2,2,2,2,2,2,67,67,67,67,67,67,67,75,2,2,2,67,2,2,67,75,75,67,67,67,67,67,2,75,67,67,67,67,67,75,67,67,67,67,2,67,67,67,2,67,67,2,67,67,67,67,67,67,2,67,67,75,67,67,67,67,67,67,67,67,75,67,67,2,2,2,75,67,67,67,67,67,67,67,67,67,2,2,2,75
MYD17A2H.A2010073.h12v02.006.2015209031641.Gpp_500m,MYD17A2H,A2010073,Lat65.9255Lon-137.4220833Samp13Line13,2015209031641,Gpp_500m,0,0,0,0,0,0,0,0,0,0,0,0,0,0,0,0,0,0,0,0,0,0,0,0,0,0,0,0,0,0,0,0,0,0,0,0,0,0,0,0,0,0,0,0,0,0,0,0,0,0,0,0,0,0,0,0,0,0,0,0,0,0,0,0,0,0,0,0,0,0,0,0,0,0,0,0,0,0,0,0,0,0,0,0,0,0,0,0,0,0,0,0,0,0,0,0,0,0,0,0,0,0,0,0,0,0,0,0,0,0,0,0,0,0,0,0,0,0,0,0,0,0,0,0,0,0,0,0,0,0,0,0,0,0,0,0,0,0,0,0,0,0,0,0,0,0,0,0,0,0,0,0,0,0,0,0,0,0,0,0,0,0,0,0,0,0,0,0,0
MYD17A2H.A2010073.h12v02.006.2015209031641.PsnNet_500m,MYD17A2H,A2010073,Lat65.9255Lon-137.4220833Samp13Line13,2015209031641,PsnNet_500m,0,0,0,0,0,0,0,0,0,0,0,0,0,0,0,0,0,0,0,0,0,0,0,0,0,0,0,0,0,0,0,0,0,0,0,0,0,0,0,0,0,0,0,0,0,0,0,0,0,0,0,0,0,0,0,0,0,0,0,0,0,0,0,0,0,0,0,0,0,0,0,0,0,0,0,0,0,0,0,0,0,0,0,0,0,0,0,0,0,0,0,0,0,0,0,0,0,0,0,0,0,0,0,0,0,0,0,0,0,0,0,0,0,0,0,0,0,0,0,0,0,0,0,0,0,0,0,0,0,0,0,0,0,0,0,0,0,0,0,0,0,0,0,0,0,0,0,0,0,0,0,0,0,0,0,0,0,0,0,0,0,0,0,0,0,0,0,0,0
MYD17A2H.A2010073.h12v02.006.2015209031641.Psn_QC_500m,MYD17A2H,A2010073,Lat65.9255Lon-137.4220833Samp13Line13,2015209031641,Psn_QC_500m,99,107,107,107,107,107,10,2,10,2,107,107,107,107,107,2,2,10,10,10,10,107,107,107,107,107,2,2,2,10,10,10,10,2,107,107,10,10,10,107,107,10,10,2,10,10,2,2,2,2,107,2,107,99,2,2,10,107,107,107,107,107,2,2,107,2,10,10,10,10,10,2,2,107,10,10,2,2,10,99,99,99,2,107,107,2,2,10,10,2,10,99,99,107,99,107,107,107,2,10,10,10,2,107,107,107,107,107,107,107,107,10,10,107,107,107,107,107,107,107,107,107,107,10,107,107,10,10,10,107,2,2,107,99,107,99,107,10,107,107,107,107,107,107,99,107,99,107,107,107,107,2,2,10,10,10,99,107,107,107,107,107,107,107,107,107,10,10,10
MYD17A2H.A2010081.h12v02.006.2015209055030.Gpp_500m,MYD17A2H,A2010081,Lat65.9255Lon-137.4220833Samp13Line13,2015209055030,Gpp_500m,0,0,0,0,0,0,0,0,0,0,0,0,0,0,0,0,0,0,0,0,0,0,0,0,0,0,0,0,0,0,0,0,0,0,0,0,0,0,0,0,0,0,0,0,0,0,0,0,0,0,0,0,0,0,0,0,0,0,0,0,0,0,0,0,0,0,0,0,0,0,0,0,0,0,0,0,0,0,0,0,0,0,0,0,0,0,0,0,0,0,0,0,0,0,0,0,0,0,0,0,0,0,0,0,0,0,0,0,0,0,0,0,0,0,0,0,0,0,0,0,0,0,0,0,0,0,0,0,0,0,0,0,0,0,0,0,0,0,0,0,0,0,0,0,0,0,0,0,0,0,0,0,0,0,0,0,0,0,0,0,0,0,0,0,0,0,0,0,0
MYD17A2H.A2010081.h12v02.006.2015209055030.PsnNet_500m,MYD17A2H,A2010081,Lat65.9255Lon-137.4220833Samp13Line13,2015209055030,PsnNet_500m,0,0,0,0,0,0,0,0,0,0,0,0,0,0,0,0,0,0,0,0,0,0,0,0,0,0,0,0,0,0,0,0,0,0,0,0,0,0,0,0,0,0,0,0,0,0,0,0,0,0,0,0,0,0,0,0,0,0,0,0,0,0,0,0,0,0,0,0,0,0,0,0,0,0,0,0,0,0,0,0,0,0,0,0,0,0,0,0,0,0,0,0,0,0,0,0,0,0,0,0,0,0,0,0,0,0,0,0,0,0,0,0,0,0,0,0,0,0,0,0,0,0,0,0,0,0,0,0,0,0,0,0,0,0,0,0,0,0,0,0,0,0,0,0,0,0,0,0,0,0,0,0,0,0,0,0,0,0,0,0,0,0,0,0,0,0,0,0,0
MYD17A2H.A2010081.h12v02.006.2015209055030.Psn_QC_500m,MYD17A2H,A2010081,Lat65.9255Lon-137.4220833Samp13Line13,2015209055030,Psn_QC_500m,99,99,99,99,107,107,2,2,2,2,99,99,2,99,107,2,2,2,10,10,2,2,107,107,107,2,2,2,2,2,2,2,2,2,99,99,99,10,10,2,99,2,2,2,2,2,99,99,2,107,107,2,107,107,2,2,2,2,107,99,99,107,2,2,107,2,2,2,2,107,2,2,107,107,107,2,2,2,99,99,107,99,2,2,99,2,2,2,107,99,107,99,99,99,99,99,99,99,2,2,107,2,2,99,99,99,99,99,99,99,99,2,2,99,99,99,99,107,99,99,99,99,99,99,99,99,99,2,2,107,2,2,99,99,99,99,2,99,99,99,107,107,99,99,99,99,99,99,99,99,99,2,2,99,99,2,99,99,107,107,99,99,99,99,99,99,2,2,107
MYD17A2H.A2010089.h12v02.006.2015209082726.Gpp_500m,MYD17A2H,A2010089,Lat65.9255Lon-137.4220833Samp13Line13,2015209082726,Gpp_500m,0,0,0,0,0,0,0,0,0,0,0,0,0,0,0,0,0,0,0,0,0,0,0,0,0,0,0,0,0,0,0,0,0,0,0,0,0,0,0,0,0,0,0,0,0,0,0,0,0,0,0,0,0,0,0,0,0,0,0,0,0,0,0,0,0,0,0,0,0,0,0,0,0,0,0,0,0,0,0,0,0,0,0,0,0,0,0,0,0,0,0,0,0,0,0,0,0,0,0,0,0,0,0,0,0,0,0,0,0,0,0,0,0,0,0,0,0,0,0,0,0,0,0,0,0,0,0,0,0,0,0,0,0,0,0,0,0,0,0,0,0,0,0,0,0,0,0,0,0,0,0,0,0,0,0,0,0,0,0,0,0,0,0,0,0,0,0,0,0
MYD17A2H.A2010089.h12v02.006.2015209082726.PsnNet_500m,MYD17A2H,A2010089,Lat65.9255Lon-137.4220833Samp13Line13,2015209082726,PsnNet_500m,0,0,0,0,0,0,0,0,0,0,0,0,0,0,0,0,0,0,0,0,0,0,0,0,0,0,0,0,0,0,0,0,0,-27,-27,0,0,0,0,0,0,0,0,0,0,0,0,0,0,0,0,0,0,0,0,0,0,0,0,0,0,0,0,0,0,0,0,0,0,0,0,0,0,0,0,0,0,0,0,0,0,0,0,0,0,0,0,0,0,0,0,0,0,0,0,0,0,0,0,0,0,0,0,0,0,0,0,0,0,0,0,0,0,0,0,0,0,0,0,0,0,0,0,0,0,0,0,0,0,0,0,0,0,0,0,0,0,0,0,0,0,0,0,0,0,0,0,0,0,0,0,0,0,0,0,0,0,0,0,0,0,0,0,0,0,0,0,0,0
MYD17A2H.A2010089.h12v02.006.2015209082726.Psn_QC_500m,MYD17A2H,A2010089,Lat65.9255Lon-137.4220833Samp13Line13,2015209082726,Psn_QC_500m,99,99,99,2,99,99,99,2,2,2,99,99,99,2,99,2,10,10,2,2,2,2,2,2,2,2,10,2,2,2,10,10,2,99,99,2,2,2,2,10,10,2,2,2,2,2,2,2,2,107,107,2,2,2,2,2,2,2,99,99,99,99,99,99,2,2,2,2,2,2,99,2,99,99,2,2,2,10,99,99,99,99,99,99,99,99,2,2,2,10,10,99,99,99,99,99,2,2,2,2,10,2,2,10,99,99,99,99,99,2,2,2,2,10,2,2,10,2,2,2,99,10,10,10,2,2,2,99,99,99,2,2,10,99,10,10,99,99,99,99,99,99,99,99,99,99,99,99,99,99,107,99,99,99,10,2,10,107,99,99,107,107,99,99,99,99,99,99,2
MYD17A2H.A2010097.h12v02.006.2015209115233.Gpp_500m,MYD17A2H,A2010097,Lat65.9255Lon-137.4220833Samp13Line13,2015209115233,Gpp_500m,1,1,1,1,1,1,1,1,1,1,1,1,1,1,1,1,1,1,1,1,1,1,1,1,0,0,1,1,1,1,1,1,1,1,0,1,0,1,1,1,1,1,1,1,1,1,1,0,0,0,1,0,1,1,1,0,0,0,0,0,0,0,0,0,0,1,0,1,0,0,0,0,0,0,0,0,1,1,0,0,0,0,0,0,0,0,0,0,1,0,0,0,0,0,0,0,1,1,1,1,0,1,0,0,0,0,0,1,0,0,0,0,0,0,0,0,0,1,0,0,0,0,0,0,0,0,0,0,0,0,0,0,0,0,0,0,0,0,0,0,0,0,0,0,0,0,0,0,0,0,0,0,0,0,0,1,0,0,0,0,0,0,0,0,0,0,0,0,1
MYD17A2H.A2010097.h12v02.006.2015209115233.PsnNet_500m,MYD17A2H,A2010097,Lat65.9255Lon-137.4220833Samp13Line13,2015209115233,PsnNet_500m,1,1,1,1,1,1,1,1,1,1,1,1,1,1,1,1,1,1,1,1,1,1,1,1,0,0,1,1,1,1,1,1,1,0,0,1,0,1,1,1,1,1,1,1,1,1,1,0,0,0,1,0,1,1,1,0,0,0,0,0,0,0,0,0,0,1,0,1,0,0,0,0,0,0,0,0,1,1,0,0,0,0,0,0,0,0,0,0,1,0,0,0,0,0,0,0,1,1,1,1,0,1,0,0,0,0,0,1,0,0,0,0,0,0,0,0,0,1,0,0,0,0,0,0,0,0,0,0,0,0,0,0,0,0,0,0,0,0,0,0,0,0,0,0,0,0,0,0,0,0,0,0,0,0,0,1,0,0,0,0,0,0,0,0,0,0,0,0,1
MYD17A2H.A2010097.h12v02.006.2015209115233.Psn_QC_500m,MYD17A2H,A2010097,Lat65.9255Lon-137.4220833Samp13Line13,2015209115233,Psn_QC_500m,2,2,10,10,10,107,2,10,10,10,10,18,18,10,10,10,10,99,10,10,10,10,10,18,107,107,2,2,10,10,2,2,2,107,107,10,107,10,10,10,10,10,10,10,10,10,10,107,107,107,10,107,10,10,10,107,107,107,107,107,107,107,107,107,107,10,107,10,107,107,107,107,107,107,107,107,10,2,107,107,107,107,107,107,107,107,107,107,10,107,107,107,107,107,107,107,2,10,10,10,107,2,107,107,107,107,107,10,107,107,107,107,107,107,107,107,107,10,107,107,107,107,107,107,107,107,107,107,107,107,107,107,107,107,107,107,107,107,107,107,107,107,107,107,107,107,107,107,107,107,107,107,107,107,107,10,107,107,107,107,107,107,107,107,107,107,107,107,10
MYD17A2H.A2010105.h12v02.006.2015209162515.Gpp_500m,MYD17A2H,A2010105,Lat65.9255Lon-137.4220833Samp13Line13,2015209162515,Gpp_500m,6,6,7,7,7,6,7,13,7,7,7,3,3,7,7,7,13,13,7,7,7,6,6,6,9,3,17,17,17,17,7,7,13,7,3,3,9,9,9,17,17,13,7,7,3,3,3,3,3,3,3,9,6,3,3,7,9,3,3,3,3,6,3,6,9,2,2,3,3,9,3,3,3,3,1,3,6,3,9,3,3,3,3,1,1,1,3,3,9,3,9,3,3,3,3,3,3,3,9,9,3,3,9,6,3,3,3,6,6,9,3,9,9,3,6,6,3,6,3,3,3,3,3,3,3,6,3,6,6,6,3,3,3,3,3,6,6,9,6,3,3,3,3,9,6,6,3,3,9,9,3,3,3,6,9,9,3,3,6,6,3,3,6,7,7,3,3,3,9
MYD17A2H.A2010105.h12v02.006.2015209162515.PsnNet_500m,MYD17A2H,A2010105,Lat65.9255Lon-137.4220833Samp13Line13,2015209162515,PsnNet_500m,6,6,7,7,7,3,7,12,7,7,7,3,3,7,7,7,12,12,7,7,7,3,3,3,7,3,17,17,17,17,7,7,12,7,3,3,7,7,7,17,17,12,7,7,3,3,3,3,3,3,3,7,6,3,3,7,7,3,3,3,3,3,3,3,7,2,2,3,3,7,3,3,3,3,1,3,3,3,7,3,3,3,3,1,1,1,3,3,7,3,7,3,3,3,3,3,3,3,7,7,3,3,7,4,3,3,3,3,3,7,3,7,7,3,4,4,3,3,3,3,3,3,3,3,3,4,3,4,4,4,3,3,3,3,3,3,4,7,4,3,3,3,3,7,3,3,3,3,7,7,3,3,3,4,7,7,3,3,4,4,3,3,4,7,7,3,3,3,7
MYD17A2H.A2010105.h12v02.006.2015209162515.Psn_QC_500m,MYD17A2H,A2010105,Lat65.9255Lon-137.4220833Samp13Line13,2015209162515,Psn_QC_500m,99,99,99,99,99,99,2,2,2,2,18,99,99,99,99,2,2,2,2,2,2,99,99,99,18,99,2,2,2,2,2,2,18,2,99,99,2,2,2,2,2,2,2,18,99,99,99,99,99,99,99,2,99,99,99,2,2,99,99,99,99,107,107,107,2,99,99,99,99,2,99,99,99,99,99,99,99,99,2,99,99,107,107,99,99,99,99,99,2,99,2,107,107,107,99,99,99,99,2,2,99,99,2,99,99,99,99,99,99,2,99,2,2,99,99,99,99,99,99,99,99,99,99,99,99,99,99,99,99,99,99,99,99,99,99,99,99,10,99,99,99,99,99,10,99,99,99,99,10,10,99,99,107,99,2,2,99,99,99,99,99,99,99,2,2,99,99,99,2
MYD17A2H.A2010113.h12v02.006.2015209210025.Gpp_500m,MYD17A2H,A2010113,Lat65.9255Lon-137.4220833Samp13Line13,2015209210025,Gpp_500m,84,97,97,78,61,78,78,73,73,78,71,71,65,91,91,97,78,94,78,59,59,91,78,59,59,44,122,122,114,91,88,82,78,78,53,48,48,48,48,107,91,88,53,48,59,48,48,44,39,39,39,44,71,59,39,44,44,35,35,39,39,39,35,43,35,39,28,33,35,33,35,35,39,35,33,43,43,35,26,33,33,26,33,33,43,26,26,26,44,44,43,33,26,43,43,26,43,39,28,35,33,33,43,43,43,44,59,44,54,43,35,33,35,35,43,44,44,53,44,33,35,20,20,43,43,33,33,33,35,35,28,48,35,35,33,35,35,33,35,35,35,29,26,44,44,28,35,35,35,33,28,43,26,26,49,49,35,44,59,65,54,43,35,44,44,26,26,35,33
MYD17A2H.A2010113.h12v02.006.2015209210025.PsnNet_500m,MYD17A2H,A2010113,Lat65.9255Lon-137.4220833Samp13Line13,2015209210025,PsnNet_500m,79,89,89,71,56,73,73,70,70,73,66,66,60,83,83,93,73,89,73,54,54,82,71,54,54,43,110,109,103,82,82,75,73,73,47,44,44,44,44,100,82,82,47,46,54,44,44,43,37,37,37,42,66,54,38,42,42,33,33,37,37,37,33,39,33,38,27,29,33,29,33,33,37,33,29,39,39,33,25,29,29,25,29,29,39,25,25,25,43,43,39,29,25,39,39,25,39,37,26,33,29,29,39,39,39,43,54,43,52,39,33,29,33,33,39,43,43,47,43,29,33,18,18,39,39,29,29,29,33,33,26,44,33,33,29,33,33,29,33,33,33,26,25,43,42,26,33,33,33,29,26,39,25,25,44,44,33,43,54,60,54,39,33,43,43,25,25,33,29
MYD17A2H.A2010113.h12v02.006.2015209210025.Psn_QC_500m,MYD17A2H,A2010113,Lat65.9255Lon-137.4220833Samp13Line13,2015209210025,Psn_QC_500m,10,10,10,10,10,10,10,2,2,10,18,18,10,2,2,10,10,10,10,18,10,18,18,10,10,10,18,18,18,18,10,18,10,10,10,10,10,10,10,18,18,10,18,10,10,10,10,10,2,2,2,2,18,2,2,2,2,2,2,2,2,2,10,2,10,2,18,2,2,2,10,10,10,10,10,10,10,10,2,10,10,2,10,10,10,10,2,2,10,10,2,10,2,10,10,2,10,10,18,10,10,10,10,10,10,10,10,2,10,2,10,10,10,10,2,2,2,10,2,2,2,2,2,10,10,10,10,10,10,10,10,10,2,2,10,10,10,10,2,10,10,10,2,2,10,10,10,2,2,2,10,10,2,2,10,10,10,2,10,2,2,2,2,10,10,2,2,10,10
MYD17A2H.A2010121.h12v02.006.2015209234518.Gpp_500m,MYD17A2H,A2010121,Lat65.9255Lon-137.4220833Samp13Line13,2015209234518,Gpp_500m,75,71,75,85,82,76,71,66,66,75,80,71,61,80,75,75,82,81,59,71,71,80,75,72,61,56,71,71,73,75,66,59,65,72,84,72,61,56,51,80,76,76,60,65,65,75,67,62,56,66,61,60,78,71,55,75,56,61,68,68,68,56,54,61,61,55,55,53,44,53,51,51,62,49,49,32,41,49,53,36,41,40,25,26,35,26,26,25,47,41,41,51,47,74,56,62,62,32,29,25,26,40,38,38,61,74,64,67,47,47,20,20,25,43,43,43,40,72,41,46,25,20,22,22,22,41,41,22,26,41,25,25,25,20,32,33,32,32,29,28,28,26,40,35,32,32,40,56,56,56,56,31,25,26,45,57,35,47,67,62,65,59,58,51,51,31,31,35,64
MYD17A2H.A2010121.h12v02.006.2015209234518.PsnNet_500m,MYD17A2H,A2010121,Lat65.9255Lon-137.4220833Samp13Line13,2015209234518,PsnNet_500m,65,62,66,74,73,68,62,60,60,65,70,64,55,70,65,65,73,73,53,62,62,70,65,65,55,52,64,63,64,65,58,53,56,64,75,63,55,51,45,70,68,68,55,56,56,66,60,56,52,58,55,55,69,64,50,66,51,55,61,60,60,52,48,55,55,50,50,48,40,47,45,45,56,45,45,28,37,45,48,35,38,36,21,24,32,24,24,21,41,37,37,45,42,66,52,56,55,28,26,21,24,35,35,35,55,66,57,60,42,41,19,19,21,40,40,40,36,63,38,40,21,19,20,20,20,40,40,20,24,40,21,21,21,19,28,28,28,28,26,25,25,24,36,34,28,28,35,48,49,52,52,28,21,24,40,52,32,41,58,55,57,53,53,45,45,26,26,33,57
MYD17A2H.A2010121.h12v02.006.2015209234518.Psn_QC_500m,MYD17A2H,A2010121,Lat65.9255Lon-137.4220833Samp13Line13,2015209234518,Psn_QC_500m,2,2,2,18,18,18,18,18,18,18,18,18,2,18,2,2,18,18,2,2,2,18,18,18,2,2,2,2,2,2,2,2,18,18,18,18,18,2,2,2,2,2,18,2,2,10,18,18,2,18,2,18,2,18,2,10,2,18,18,18,18,2,18,18,18,18,10,18,2,18,18,18,18,2,2,10,18,10,18,18,10,18,10,2,10,2,2,18,18,18,18,10,10,18,10,10,10,18,10,10,18,18,18,18,18,18,10,10,10,10,10,10,10,18,18,18,18,10,18,18,2,10,10,10,10,18,18,10,10,18,2,18,18,10,10,10,2,2,10,10,10,10,18,10,10,10,18,10,10,10,10,10,18,18,10,10,10,10,18,18,2,18,18,10,10,10,10,10,18
MYD17A2H.A2010129.h12v02.006.2015210032339.Gpp_500m,MYD17A2H,A2010129,Lat65.9255Lon-137.4220833Samp13Line13,2015210032339,Gpp_500m,106,109,92,42,42,42,42,42,42,42,42,98,95,101,101,42,54,54,42,42,42,42,42,39,39,95,42,42,42,42,66,81,42,37,38,12,85,75,75,42,37,37,37,78,83,23,35,30,42,42,42,42,109,90,90,75,28,23,23,42,42,42,42,91,95,24,23,23,28,58,73,90,90,91,44,44,50,61,73,44,39,39,30,44,44,44,30,23,32,32,30,60,47,35,35,42,42,39,30,30,42,32,38,32,35,119,102,102,35,64,30,32,30,27,35,29,35,87,87,44,42,32,30,30,27,32,32,39,32,42,39,30,30,35,35,50,83,47,44,42,42,43,27,39,44,30,44,104,104,48,44,43,43,29,30,38,47,42,42,42,42,44,43,42,38,24,13,50,50
MYD17A2H.A2010129.h12v02.006.2015210032339.PsnNet_500m,MYD17A2H,A2010129,Lat65.9255Lon-137.4220833Samp13Line13,2015210032339,PsnNet_500m,94,96,84,41,41,40,39,39,39,39,39,86,84,90,91,41,52,51,39,39,39,39,39,37,37,84,41,39,39,39,59,71,39,34,33,10,75,68,68,39,34,34,34,70,72,21,32,27,39,39,39,39,95,80,80,67,24,21,21,39,39,39,39,82,84,23,20,21,24,51,67,79,80,82,40,40,45,54,67,40,37,37,27,40,40,40,27,20,29,29,27,53,43,31,31,39,39,36,27,27,39,29,32,29,31,104,90,90,31,57,27,29,27,25,31,27,31,77,77,40,39,29,27,27,25,29,29,36,29,38,36,27,27,31,31,45,75,42,42,38,38,42,25,36,40,27,41,92,91,42,42,42,42,27,29,33,43,38,38,38,38,42,42,38,33,23,13,43,43
MYD17A2H.A2010129.h12v02.006.2015210032339.Psn_QC_500m,MYD17A2H,A2010129,Lat65.9255Lon-137.4220833Samp13Line13,2015210032339,Psn_QC_500m,2,10,10,2,2,2,2,2,2,2,2,2,2,10,10,2,10,10,2,2,2,2,2,2,2,2,10,2,2,2,2,2,2,2,2,2,2,2,2,2,2,2,2,2,2,2,10,10,2,2,2,2,18,18,18,2,10,2,2,2,2,2,2,18,2,10,2,2,10,18,18,18,18,18,2,18,18,10,18,18,18,18,10,2,2,2,2,2,10,10,18,10,10,2,2,2,2,10,2,10,18,10,18,10,2,18,10,10,2,10,10,10,18,18,10,18,10,10,10,10,2,10,2,18,18,10,10,10,10,2,10,2,2,10,10,10,10,10,10,2,2,2,2,10,10,2,10,2,2,10,2,2,2,10,18,2,10,2,2,2,2,2,2,10,10,10,2,18,18
MYD17A2H.A2010137.h12v02.006.2015210060029.Gpp_500m,MYD17A2H,A2010137,Lat65.9255Lon-137.4220833Samp13Line13,2015210060029,Gpp_500m,202,202,206,206,206,171,181,152,175,175,162,181,178,206,195,195,195,184,162,162,181,184,184,188,188,171,184,197,184,184,175,175,165,165,184,166,188,152,152,187,187,134,181,152,157,171,171,178,188,188,192,178,181,181,149,144,157,188,174,178,184,192,192,188,188,165,149,146,174,174,184,188,215,215,188,188,134,184,174,171,171,174,174,203,184,165,165,165,146,157,165,174,178,192,203,184,184,184,165,134,140,184,174,188,237,237,165,184,184,157,188,178,174,140,146,146,178,188,165,188,192,184,184,152,161,140,140,161,178,188,140,146,184,184,178,184,184,140,161,140,178,178,178,184,184,184,206,206,215,196,157,130,126,152,134,134,165,165,192,218,196,174,146,196,157,152,140,126,126
MYD17A2H.A2010137.h12v02.006.2015210060029.PsnNet_500m,MYD17A2H,A2010137,Lat65.9255Lon-137.4220833Samp13Line13,2015210060029,PsnNet_500m,186,186,189,189,189,156,165,140,162,162,149,165,164,189,177,177,176,168,149,149,165,169,169,174,174,156,168,181,168,168,162,162,154,154,169,153,174,140,140,175,175,124,165,140,145,156,156,164,174,174,176,164,165,165,138,133,146,174,160,164,169,176,176,172,172,154,138,138,162,162,169,174,198,198,174,174,124,169,162,156,156,162,160,185,169,153,153,153,136,146,153,162,164,176,185,169,169,169,153,124,128,169,160,171,217,217,153,169,169,146,174,164,160,128,136,136,164,174,153,174,176,169,169,140,149,128,128,150,164,174,128,136,169,169,164,169,169,128,150,127,164,164,164,169,169,169,188,188,198,182,145,120,113,140,124,124,153,153,175,199,182,162,136,182,144,140,128,113,113
MYD17A2H.A2010137.h12v02.006.2015210060029.Psn_QC_500m,MYD17A2H,A2010137,Lat65.9255Lon-137.4220833Samp13Line13,2015210060029,Psn_QC_500m,2,2,2,2,2,2,2,2,2,2,2,2,2,2,2,2,2,2,2,2,2,2,2,2,2,2,2,2,2,2,2,2,2,2,2,2,2,2,2,2,2,2,2,2,2,2,2,2,2,2,2,2,2,2,2,2,2,2,2,2,2,2,2,2,2,2,2,18,2,2,2,2,2,2,2,2,2,2,2,2,2,2,2,2,2,2,2,2,2,2,2,10,2,2,2,2,2,2,2,2,2,2,2,2,2,2,2,2,2,2,2,2,2,2,2,2,2,2,2,2,2,2,2,2,2,2,2,2,2,2,2,2,2,2,2,2,2,2,2,2,2,2,2,2,2,2,2,2,2,2,2,2,2,2,2,2,2,10,2,2,2,2,2,2,2,2,2,2,2
MYD17A2H.A2010145.h12v02.006.2015210090205.Gpp_500m,MYD17A2H,A2010145,Lat65.9255Lon-137.4220833Samp13Line13,2015210090205,Gpp_500m,449,410,416,441,441,398,398,449,448,448,408,383,374,416,441,441,398,398,390,441,441,448,448,383,374,357,458,458,409,408,390,448,408,408,416,357,366,366,366,449,448,424,374,398,398,374,357,332,340,466,439,439,398,358,348,348,347,357,416,439,457,482,482,398,398,341,324,323,366,448,465,457,482,482,466,439,398,408,340,347,448,456,457,474,457,439,439,408,457,398,408,432,432,439,407,407,408,431,390,398,374,341,357,348,482,482,407,457,449,398,398,390,390,390,399,399,399,408,398,398,408,408,408,408,408,374,366,390,349,375,382,408,408,423,408,390,416,383,399,399,350,316,333,415,439,390,416,500,475,474,442,390,383,375,375,375,415,475,475,442,516,442,424,416,383,383,342,283,325
MYD17A2H.A2010145.h12v02.006.2015210090205.PsnNet_500m,MYD17A2H,A2010145,Lat65.9255Lon-137.4220833Samp13Line13,2015210090205,PsnNet_500m,408,369,377,396,396,362,361,404,404,404,368,348,340,377,396,396,361,361,355,396,396,404,404,348,340,324,413,413,369,368,355,404,368,368,378,324,332,332,332,404,404,382,338,362,362,340,324,303,311,420,399,399,362,325,317,319,319,324,378,399,412,434,434,363,363,313,298,298,332,403,420,412,434,434,420,399,363,369,311,316,403,412,412,426,412,399,399,369,412,363,369,390,390,399,368,368,369,390,355,360,340,312,324,316,434,431,368,412,407,363,363,355,355,355,362,362,362,369,360,363,369,369,369,369,369,340,332,355,320,339,347,369,369,384,369,355,378,347,362,362,320,289,304,377,400,355,378,449,425,425,400,355,347,340,340,339,377,425,425,400,461,396,385,377,348,348,312,258,298
MYD17A2H.A2010145.h12v02.006.2015210090205.Psn_QC_500m,MYD17A2H,A2010145,Lat65.9255Lon-137.4220833Samp13Line13,2015210090205,Psn_QC_500m,2,2,2,2,2,2,2,2,2,2,2,2,2,2,2,2,2,2,2,2,2,2,2,2,2,2,2,2,2,2,2,2,2,2,2,2,2,2,2,2,2,2,2,2,2,2,2,2,2,2,2,2,2,2,2,10,10,2,2,2,2,2,2,2,2,10,2,2,2,2,2,2,2,2,2,2,2,2,2,2,2,2,2,2,2,2,2,2,2,2,2,2,2,2,2,2,2,2,2,2,2,2,2,2,2,2,2,2,2,2,2,2,2,2,2,2,2,2,2,2,2,2,2,2,2,2,2,2,2,2,2,2,2,2,2,2,2,2,2,2,18,18,2,2,2,2,2,2,2,2,2,2,2,2,2,2,2,2,2,2,2,2,2,2,2,2,2,2,2
MYD17A2H.A2010153.h12v02.006.2015210125239.Gpp_500m,MYD17A2H,A2010153,Lat65.9255Lon-137.4220833Samp13Line13,2015210125239,Gpp_500m,452,459,460,475,431,392,408,489,475,475,465,431,373,460,460,445,446,408,408,408,452,482,392,373,341,341,465,504,437,437,423,482,446,408,386,350,341,341,341,510,510,461,416,408,379,341,341,364,401,401,401,364,357,357,340,385,409,358,380,409,386,386,380,401,402,340,340,335,373,439,431,431,431,425,460,410,373,505,350,350,439,439,364,431,431,380,395,395,439,364,358,364,476,409,409,373,485,417,417,380,373,364,328,314,439,408,408,409,417,380,373,364,380,380,380,328,306,408,408,395,395,395,387,387,365,365,306,320,314,321,373,395,395,431,431,351,380,365,365,365,365,314,300,417,373,373,380,477,454,441,441,380,341,328,328,342,364,446,477,469,431,431,380,409,373,373,358,342,350
MYD17A2H.A2010153.h12v02.006.2015210125239.PsnNet_500m,MYD17A2H,A2010153,Lat65.9255Lon-137.4220833Samp13Line13,2015210125239,PsnNet_500m,417,421,421,433,396,361,374,446,433,433,430,395,343,421,421,407,407,374,374,374,415,441,361,343,318,318,425,459,401,402,387,439,408,375,357,323,318,318,318,465,465,421,381,374,350,317,318,336,369,369,371,336,330,330,314,356,377,332,349,377,357,357,352,371,370,314,314,308,343,402,397,397,397,393,424,377,343,458,323,323,402,402,336,397,397,352,364,364,402,337,332,336,434,377,377,343,442,384,384,349,343,336,305,290,402,377,377,377,384,352,343,336,349,349,349,305,284,377,377,364,364,364,357,357,336,336,284,296,291,296,343,364,364,397,397,324,349,336,336,336,336,291,276,384,343,343,353,433,418,406,406,350,318,305,305,320,336,410,433,430,397,397,353,378,346,346,330,318,324
MYD17A2H.A2010153.h12v02.006.2015210125239.Psn_QC_500m,MYD17A2H,A2010153,Lat65.9255Lon-137.4220833Samp13Line13,2015210125239,Psn_QC_500m,2,2,2,2,2,2,2,2,2,2,2,2,2,2,2,2,2,2,2,2,2,2,2,2,2,2,2,2,2,2,2,2,2,2,2,2,2,2,2,2,2,2,2,2,2,2,2,2,2,2,2,2,2,2,2,2,2,2,2,2,2,2,2,2,2,2,2,2,2,2,2,2,2,2,2,2,2,2,2,2,2,2,2,2,2,2,2,2,2,2,2,2,2,2,2,2,2,2,2,2,2,2,2,2,2,2,2,2,2,2,2,2,2,2,2,2,2,2,2,2,2,2,2,2,2,2,2,2,2,2,2,2,2,2,2,2,2,2,2,2,2,2,2,2,2,2,2,2,2,2,2,2,2,2,2,2,2,2,2,2,2,2,2,2,2,2,2,2,2
MYD17A2H.A2010161.h12v02.006.2015210161531.Gpp_500m,MYD17A2H,A2010161,Lat65.9255Lon-137.4220833Samp13Line13,2015210161531,Gpp_500m,543,542,542,553,535,528,535,535,578,562,543,482,431,542,570,562,562,528,527,588,578,578,518,440,440,423,588,597,499,499,527,578,527,518,440,440,440,413,413,632,607,537,492,501,501,467,422,423,501,528,528,484,492,429,458,501,459,466,449,528,512,512,476,530,484,429,509,405,466,466,546,564,564,502,573,493,530,465,413,476,476,546,466,537,529,476,484,484,484,484,494,449,483,572,493,493,573,573,441,423,441,476,519,519,520,484,484,536,493,484,458,465,465,476,431,423,423,512,476,465,465,484,484,608,484,415,415,424,431,432,476,476,476,537,484,484,441,441,431,450,484,477,416,537,476,459,459,484,537,530,503,432,416,424,459,459,484,484,582,563,530,484,450,450,424,512,432,432,477
MYD17A2H.A2010161.h12v02.006.2015210161531.PsnNet_500m,MYD17A2H,A2010161,Lat65.9255Lon-137.4220833Samp13Line13,2015210161531,PsnNet_500m,494,494,494,502,486,481,487,488,522,508,493,443,396,494,516,509,508,479,479,531,522,525,472,405,405,386,531,537,457,457,479,522,481,472,405,405,405,380,380,568,545,488,448,457,457,425,390,386,459,483,483,442,448,394,418,457,419,430,412,483,466,466,435,482,443,394,464,371,430,430,496,512,512,459,518,449,482,425,381,435,435,496,430,487,483,434,443,443,443,443,453,412,442,520,451,451,518,518,404,388,404,436,476,476,473,442,443,487,451,443,420,430,430,435,395,390,390,464,434,430,430,443,443,545,443,382,382,387,395,395,434,434,437,488,443,443,405,405,395,410,443,434,382,491,434,420,420,443,487,481,458,395,382,387,420,420,443,443,527,513,481,443,410,410,387,467,396,396,435
MYD17A2H.A2010161.h12v02.006.2015210161531.Psn_QC_500m,MYD17A2H,A2010161,Lat65.9255Lon-137.4220833Samp13Line13,2015210161531,Psn_QC_500m,2,2,2,2,2,2,2,2,2,2,2,2,2,2,2,2,2,2,2,2,2,2,2,2,2,2,2,2,2,2,2,2,2,2,2,2,2,2,2,2,2,2,2,2,2,2,2,2,2,2,2,2,2,2,2,2,18,2,2,2,2,2,2,2,2,2,2,2,2,2,2,2,2,2,2,2,2,2,2,2,2,2,2,2,2,2,2,2,2,2,2,2,2,2,2,2,2,2,2,2,2,2,2,2,2,2,2,2,2,2,2,2,2,18,2,2,2,2,2,2,2,2,2,18,2,2,2,2,2,2,2,2,2,2,2,2,2,2,2,2,2,2,2,2,2,2,2,2,2,2,2,2,2,2,2,2,2,2,2,2,2,2,2,2,2,10,2,2,2
MYD17A2H.A2010169.h12v02.006.2015210185555.Gpp_500m,MYD17A2H,A2010169,Lat65.9255Lon-137.4220833Samp13Line13,2015210185555,Gpp_500m,503,510,518,518,510,494,478,494,494,436,541,541,449,542,542,542,683,459,494,550,550,541,541,449,417,416,494,501,494,427,436,559,526,494,441,377,376,383,424,459,494,494,518,541,500,498,385,333,391,514,514,391,486,486,453,453,408,366,408,481,481,343,308,324,382,436,436,317,243,529,555,538,448,448,530,424,423,382,326,400,433,424,424,489,513,399,424,423,455,481,481,375,408,408,391,390,375,398,398,440,398,398,374,397,481,382,465,465,530,390,390,398,390,398,413,413,405,440,407,440,433,433,422,439,439,421,381,390,390,390,406,405,423,447,432,431,381,397,397,397,422,397,650,447,431,431,397,464,504,504,454,389,372,364,381,429,381,481,568,521,521,447,349,348,372,348,347,210,510
MYD17A2H.A2010169.h12v02.006.2015210185555.PsnNet_500m,MYD17A2H,A2010169,Lat65.9255Lon-137.4220833Samp13Line13,2015210185555,PsnNet_500m,458,463,471,471,466,450,438,450,450,400,492,492,413,493,492,492,604,423,450,499,499,492,492,413,383,382,450,458,452,392,400,513,479,452,408,348,348,355,387,421,450,450,472,496,461,459,360,311,361,468,467,363,445,445,414,414,377,341,374,440,440,315,289,303,355,400,400,296,228,483,503,491,410,410,482,392,392,355,303,369,399,390,390,448,467,370,388,388,417,439,439,348,377,377,363,363,348,370,367,402,367,367,345,366,443,355,425,425,482,363,359,367,362,366,380,380,372,403,376,402,398,398,388,405,404,388,354,357,357,357,374,374,388,410,393,393,354,366,366,366,388,366,574,410,393,393,366,424,457,457,416,357,345,335,352,393,354,438,518,471,471,410,322,322,344,321,321,197,456
MYD17A2H.A2010169.h12v02.006.2015210185555.Psn_QC_500m,MYD17A2H,A2010169,Lat65.9255Lon-137.4220833Samp13Line13,2015210185555,Psn_QC_500m,2,2,2,2,2,2,2,2,2,18,2,2,2,2,2,2,10,10,2,18,18,2,2,2,2,2,2,2,2,2,2,10,2,2,2,2,2,2,2,2,2,2,2,18,10,10,10,2,2,2,2,2,18,18,2,2,2,2,2,2,2,2,2,2,2,2,2,2,2,2,2,10,2,2,2,18,18,2,2,2,2,2,2,2,2,2,18,18,18,2,2,2,2,2,2,2,2,2,2,2,2,2,2,18,2,2,2,2,2,2,2,2,2,2,18,18,18,2,2,2,2,2,2,2,2,2,2,2,2,2,2,2,2,2,2,2,2,2,2,2,2,2,10,2,2,2,2,2,2,2,2,2,10,2,2,2,2,2,10,2,2,2,2,2,2,2,2,2,67
MYD17A2H.A2010177.h12v02.006.2015210210810.Gpp_500m,MYD17A2H,A2010177,Lat65.9255Lon-137.4220833Samp13Line13,2015210210810,Gpp_500m,547,556,556,563,563,522,531,533,580,580,497,490,489,581,628,563,547,506,505,497,497,556,423,424,433,440,571,547,539,490,547,547,497,505,603,603,489,489,498,539,547,547,432,457,505,564,564,489,489,131,489,244,440,383,417,497,498,466,531,507,204,204,539,498,204,547,556,440,507,481,473,498,498,579,579,392,564,489,424,472,252,268,400,588,433,433,417,424,489,466,244,294,162,367,367,489,506,228,261,244,244,140,505,505,107,375,392,532,532,564,538,367,96,107,106,465,465,506,456,456,514,367,392,107,220,278,286,581,384,41,400,432,474,514,515,328,237,489,604,278,359,360,391,474,432,432,189,189,555,555,555,441,441,426,441,441,345,334,228,360,571,571,409,409,425,449,449,432,73
MYD17A2H.A2010177.h12v02.006.2015210210810.PsnNet_500m,MYD17A2H,A2010177,Lat65.9255Lon-137.4220833Samp13Line13,2015210210810,PsnNet_500m,485,492,492,496,498,464,468,468,506,506,443,438,438,510,546,493,484,448,448,444,444,489,381,383,392,395,501,478,475,436,484,484,443,456,525,525,437,437,443,475,484,484,391,410,450,494,494,437,437,123,437,227,395,346,376,443,443,417,469,451,190,190,478,443,190,484,492,395,451,431,425,443,443,507,507,355,494,436,383,421,231,245,362,514,387,387,376,382,436,416,227,267,152,334,335,437,449,211,241,227,227,131,451,451,101,338,359,477,477,495,476,332,92,101,101,421,421,452,408,408,458,332,355,101,205,248,261,509,351,37,361,387,422,457,457,297,219,436,528,253,329,330,355,423,390,390,173,173,486,494,494,394,394,382,395,395,315,306,211,326,506,506,369,369,382,405,405,386,67
MYD17A2H.A2010177.h12v02.006.2015210210810.Psn_QC_500m,MYD17A2H,A2010177,Lat65.9255Lon-137.4220833Samp13Line13,2015210210810,Psn_QC_500m,2,2,2,2,10,2,2,2,2,2,2,2,2,2,2,2,2,2,2,2,2,2,2,2,2,2,2,2,2,2,2,2,2,2,2,2,2,2,2,2,2,2,2,2,2,2,2,2,2,2,2,10,2,2,10,2,2,2,2,2,10,10,2,10,10,2,2,2,2,2,2,10,10,2,2,10,2,2,18,10,18,2,10,2,2,2,2,2,2,2,18,2,10,2,2,2,2,10,2,10,10,10,10,10,10,2,2,2,2,2,18,18,10,10,10,10,2,2,2,2,2,2,10,10,10,2,10,2,10,2,10,2,2,2,2,2,10,2,2,10,2,2,2,2,2,2,2,2,2,2,2,2,2,2,2,2,10,2,2,18,2,2,2,2,2,2,2,2,18
MYD17A2H.A2010185.h12v02.006.2015210233906.Gpp_500m,MYD17A2H,A2010185,Lat65.9255Lon-137.4220833Samp13Line13,2015210233906,Gpp_500m,745,734,763,763,715,696,696,724,621,622,603,528,527,781,782,715,565,565,670,613,622,603,528,527,491,472,715,735,735,640,545,613,583,537,538,491,491,452,452,660,357,357,583,518,518,463,463,463,462,547,538,556,518,245,367,320,500,501,518,518,538,547,529,529,548,518,197,75,368,547,576,576,236,584,566,245,510,520,491,340,123,348,576,615,83,548,48,567,407,407,453,518,415,566,452,605,671,614,614,435,435,500,331,585,707,605,604,539,529,661,500,368,407,520,509,161,322,652,548,548,520,538,539,200,161,161,464,509,510,492,520,520,180,548,558,558,473,104,123,141,510,510,360,520,180,141,161,151,151,567,567,501,454,454,482,492,141,58,227,643,643,567,522,501,501,501,501,510,510
MYD17A2H.A2010185.h12v02.006.2015210233906.PsnNet_500m,MYD17A2H,A2010185,Lat65.9255Lon-137.4220833Samp13Line13,2015210233906,PsnNet_500m,641,634,657,657,626,609,609,629,554,554,537,476,476,668,668,630,509,509,590,543,554,537,476,476,442,426,630,641,641,564,488,543,523,483,482,442,442,407,407,580,326,326,523,466,466,418,418,418,418,492,482,499,466,224,336,290,450,450,467,467,482,492,474,474,487,466,181,68,337,492,511,512,215,523,508,223,458,468,442,316,115,321,512,546,76,492,43,508,371,371,412,467,376,508,413,541,597,548,548,395,395,452,299,523,624,545,545,482,477,587,452,337,368,468,458,152,292,577,492,492,468,483,483,184,151,152,418,459,459,444,468,468,168,493,500,499,426,98,114,132,459,459,328,468,168,132,152,141,141,509,509,454,408,408,434,444,132,52,209,568,568,509,468,453,453,453,453,459,460
MYD17A2H.A2010185.h12v02.006.2015210233906.Psn_QC_500m,MYD17A2H,A2010185,Lat65.9255Lon-137.4220833Samp13Line13,2015210233906,Psn_QC_500m,2,2,2,2,2,2,2,2,2,2,2,2,2,2,2,10,2,2,2,2,2,2,2,2,2,2,10,2,2,2,2,2,2,2,2,2,2,2,2,2,67,67,2,2,2,2,2,2,2,2,2,2,2,2,67,10,2,2,2,2,2,2,2,2,2,2,2,2,67,2,2,2,2,2,2,2,2,2,2,10,10,10,2,2,2,2,10,2,10,10,2,2,67,2,10,18,18,18,18,10,10,2,2,2,18,18,18,2,2,18,2,2,2,2,2,10,2,18,2,2,2,2,2,10,10,10,2,2,2,2,2,2,10,2,2,2,2,10,10,18,2,2,67,2,10,18,10,10,10,2,2,2,2,2,2,2,2,10,67,2,2,2,2,2,2,2,2,2,2
MYD17A2H.A2010193.h12v02.006.2015211021413.Gpp_500m,MYD17A2H,A2010193,Lat65.9255Lon-137.4220833Samp13Line13,2015211021413,Gpp_500m,153,153,161,146,131,123,238,338,176,422,422,330,91,100,221,300,276,276,338,239,45,123,123,177,177,237,375,229,229,253,315,253,253,130,322,276,177,184,191,123,400,400,367,367,367,153,123,169,184,199,177,170,346,85,276,93,329,306,306,224,91,91,161,522,445,383,384,244,244,169,322,123,123,268,522,483,475,99,276,145,391,391,177,177,378,522,521,483,459,452,413,215,252,137,244,244,475,475,437,437,392,231,146,131,101,100,115,514,405,306,306,354,191,78,99,154,154,191,115,370,99,131,298,237,131,137,84,200,200,122,459,405,177,177,200,237,84,84,320,321,122,138,129,107,123,191,146,107,107,306,306,290,130,137,154,169,231,231,123,99,276,276,353,122,122,122,169,184,184
MYD17A2H.A2010193.h12v02.006.2015211021413.PsnNet_500m,MYD17A2H,A2010193,Lat65.9255Lon-137.4220833Samp13Line13,2015211021413,PsnNet_500m,142,142,148,135,122,115,219,311,162,383,383,302,87,94,206,278,254,254,311,221,43,115,115,163,163,218,346,212,212,233,290,233,233,122,296,253,163,170,178,115,367,367,338,338,338,140,113,156,170,183,163,156,318,80,254,87,304,284,284,205,83,83,148,461,400,349,349,227,225,156,295,113,113,246,461,429,427,94,253,134,353,353,163,163,342,461,461,429,411,408,371,197,232,127,225,225,424,424,391,392,351,211,135,121,94,94,106,455,366,278,278,319,178,71,94,142,142,178,106,331,94,121,274,218,121,129,79,181,181,113,411,363,163,163,182,218,79,79,290,291,113,127,121,98,113,178,135,98,98,281,281,268,121,127,141,155,213,213,113,94,256,256,322,112,112,112,155,169,169
MYD17A2H.A2010193.h12v02.006.2015211021413.Psn_QC_500m,MYD17A2H,A2010193,Lat65.9255Lon-137.4220833Samp13Line13,2015211021413,Psn_QC_500m,75,75,75,75,10,18,2,2,10,18,18,2,2,10,10,10,2,2,2,18,10,10,10,10,75,10,10,2,2,2,10,10,10,10,10,10,75,75,75,10,10,10,10,10,10,10,83,10,75,67,67,75,10,10,75,10,10,10,10,75,10,10,75,2,2,10,10,10,10,10,2,2,2,2,2,2,2,10,10,18,2,2,2,2,2,2,2,2,2,2,2,2,2,75,18,18,2,2,2,2,2,2,75,75,10,10,75,2,2,2,2,2,75,2,10,75,75,2,75,2,75,75,2,2,75,2,2,2,2,2,2,2,75,75,2,2,10,10,2,2,2,75,75,75,75,75,75,75,75,2,2,10,2,75,75,75,10,10,75,10,2,2,10,75,75,75,75,75,75
MYD17A2H.A2010201.h12v02.006.2015211040800.Gpp_500m,MYD17A2H,A2010201,Lat65.9255Lon-137.4220833Samp13Line13,2015211040800,Gpp_500m,367,386,386,331,296,305,297,297,285,121,285,285,230,331,342,336,305,292,292,297,285,285,285,243,243,222,342,236,209,261,261,261,285,266,269,222,222,222,165,317,317,273,76,209,236,236,236,205,198,198,100,100,248,178,236,343,333,193,198,165,165,332,306,332,135,343,469,409,345,332,332,352,340,416,328,440,372,372,165,172,436,165,65,0,474,474,410,353,353,200,377,263,263,0,440,402,403,422,37,101,377,419,328,244,461,100,545,545,410,447,391,430,430,347,288,334,392,294,294,436,429,436,437,430,404,404,392,397,392,392,441,396,429,430,454,377,377,367,424,397,397,360,361,422,423,383,418,456,431,462,404,404,397,361,372,385,378,437,500,493,411,392,392,384,328,313,313,379,386
MYD17A2H.A2010201.h12v02.006.2015211040800.PsnNet_500m,MYD17A2H,A2010201,Lat65.9255Lon-137.4220833Samp13Line13,2015211040800,PsnNet_500m,322,338,338,292,264,267,264,264,253,112,251,251,204,292,299,293,267,257,258,264,251,251,251,213,213,202,299,212,190,231,231,231,254,239,239,202,202,202,149,280,280,245,70,191,208,211,211,185,177,177,93,93,223,162,208,303,297,176,177,149,149,296,272,295,122,303,402,358,308,297,297,311,302,363,289,382,328,328,150,156,380,149,58,0,404,404,356,312,313,177,328,234,234,0,381,349,350,363,35,93,327,358,288,221,395,93,422,422,352,385,339,366,367,301,260,296,341,262,262,373,372,376,376,369,350,350,340,346,341,341,378,344,373,372,385,328,329,319,365,343,343,316,316,364,364,335,358,388,369,393,354,354,342,316,324,334,328,376,420,416,357,343,343,337,291,279,279,334,339
MYD17A2H.A2010201.h12v02.006.2015211040800.Psn_QC_500m,MYD17A2H,A2010201,Lat65.9255Lon-137.4220833Samp13Line13,2015211040800,Psn_QC_500m,2,2,2,2,2,2,2,2,2,10,2,2,2,2,2,2,2,2,2,2,2,2,2,2,2,2,2,10,10,2,2,2,2,2,2,2,2,2,2,2,2,2,10,10,2,2,2,10,2,2,2,2,2,10,2,10,10,10,2,2,2,2,2,2,10,10,10,10,10,10,10,10,2,2,2,10,10,10,2,18,18,2,10,75,2,2,2,2,2,18,18,2,2,75,2,2,2,2,10,2,99,2,2,2,2,2,99,99,2,2,2,2,2,2,2,2,2,2,2,2,2,2,2,2,2,2,2,2,2,2,2,2,2,2,2,2,2,2,2,2,2,2,2,2,2,2,2,2,2,2,2,2,2,2,2,2,2,2,2,2,2,2,2,2,2,2,2,2,2
MYD17A2H.A2010209.h12v02.006.2015211061309.Gpp_500m,MYD17A2H,A2010209,Lat65.9255Lon-137.4220833Samp13Line13,2015211061309,Gpp_500m,431,431,431,424,478,469,469,518,518,469,463,439,378,431,447,447,455,455,486,463,518,518,439,442,378,378,501,501,501,439,439,469,470,455,423,487,417,464,432,533,526,526,478,417,425,472,495,409,442,494,495,495,417,417,417,408,479,479,473,494,464,463,432,533,488,399,376,409,479,542,542,504,504,495,424,424,385,385,423,423,533,533,432,449,449,400,392,371,386,472,387,449,473,473,431,378,408,370,371,371,362,346,362,362,550,512,384,384,449,377,362,362,362,362,378,346,331,378,378,385,377,386,386,387,378,354,346,339,346,347,378,377,392,392,417,417,386,378,378,354,378,378,347,463,481,417,417,504,426,426,362,354,354,315,378,378,449,513,513,590,456,418,370,354,362,505,488,488,497
MYD17A2H.A2010209.h12v02.006.2015211061309.PsnNet_500m,MYD17A2H,A2010209,Lat65.9255Lon-137.4220833Samp13Line13,2015211061309,PsnNet_500m,380,380,381,374,418,411,411,446,446,412,409,388,333,375,396,396,397,397,422,405,449,448,388,388,333,333,433,433,433,383,383,410,410,397,374,425,367,406,376,462,453,453,416,368,373,414,430,364,385,427,427,430,365,365,368,360,421,417,414,430,406,406,382,458,421,351,336,361,417,467,467,438,438,430,376,376,337,341,374,374,459,459,382,393,393,356,345,328,341,413,341,393,413,413,382,335,360,328,328,328,322,305,320,320,474,445,341,341,394,335,322,322,321,320,337,311,291,335,335,341,335,341,341,341,336,313,305,299,309,308,335,335,349,349,373,372,342,337,337,313,337,337,308,406,421,373,373,439,377,377,319,313,313,280,339,339,396,446,446,501,403,370,329,317,320,438,425,425,431
MYD17A2H.A2010209.h12v02.006.2015211061309.Psn_QC_500m,MYD17A2H,A2010209,Lat65.9255Lon-137.4220833Samp13Line13,2015211061309,Psn_QC_500m,2,2,2,2,2,2,2,2,2,2,2,2,2,2,2,2,2,2,2,2,2,2,2,2,2,2,2,2,2,2,2,2,2,2,2,2,10,10,2,2,2,2,2,2,2,2,2,10,2,2,2,2,2,2,2,2,2,2,2,2,2,2,2,2,2,2,2,2,2,2,2,2,2,2,2,2,2,2,2,2,2,2,2,2,2,2,2,2,2,2,2,2,2,2,2,2,2,2,2,2,2,2,2,2,2,2,2,2,2,2,2,2,2,2,2,2,2,2,2,2,2,2,2,2,2,2,2,2,2,2,2,2,2,2,10,10,2,2,2,2,2,2,2,2,18,18,18,2,2,2,2,2,2,2,10,10,2,2,2,2,10,2,2,2,2,2,2,2,2
MYD17A2H.A2010217.h12v02.006.2015211080316.Gpp_500m,MYD17A2H,A2010217,Lat65.9255Lon-137.4220833Samp13Line13,2015211080316,Gpp_500m,294,294,254,324,324,254,254,284,284,341,341,289,296,214,284,271,197,225,225,317,317,317,317,296,296,186,290,197,197,267,267,267,244,244,216,216,186,186,186,267,267,254,254,237,237,239,186,186,245,245,226,227,271,220,220,225,255,249,248,216,245,245,227,240,240,214,213,186,186,262,262,245,255,248,248,308,308,222,220,220,262,226,255,255,255,255,227,227,226,226,226,226,226,248,279,279,332,227,217,217,217,217,262,233,262,227,227,240,240,303,226,226,316,316,233,246,205,203,222,315,303,303,269,227,239,240,192,246,217,217,269,326,326,269,269,222,246,205,227,263,117,117,70,293,279,222,234,275,276,227,152,82,64,153,153,211,222,246,275,205,187,152,99,99,193,94,94,105,88
MYD17A2H.A2010217.h12v02.006.2015211080316.PsnNet_500m,MYD17A2H,A2010217,Lat65.9255Lon-137.4220833Samp13Line13,2015211080316,PsnNet_500m,254,254,218,276,276,222,222,240,240,291,291,251,254,186,246,237,176,202,203,274,274,274,274,254,254,162,247,176,175,232,231,230,210,210,187,187,162,162,162,232,232,219,219,208,208,208,162,162,210,210,196,196,233,194,194,194,221,218,218,187,210,210,196,208,208,186,186,161,162,226,226,210,222,217,216,267,264,195,195,195,226,196,222,222,222,222,196,196,196,196,196,196,196,219,240,240,283,196,188,188,188,188,225,203,229,196,196,208,208,267,196,196,275,275,203,212,181,176,195,275,267,267,231,197,209,209,168,212,188,188,234,284,284,231,231,195,213,176,198,226,105,105,64,255,247,195,203,238,238,198,134,73,60,134,134,184,195,213,238,176,165,134,91,91,169,84,84,97,80
MYD17A2H.A2010217.h12v02.006.2015211080316.Psn_QC_500m,MYD17A2H,A2010217,Lat65.9255Lon-137.4220833Samp13Line13,2015211080316,Psn_QC_500m,2,2,2,2,2,2,2,2,2,2,2,2,2,2,2,2,2,2,2,2,2,2,2,2,2,2,2,2,2,2,2,2,2,2,2,2,2,2,2,2,2,2,2,2,2,2,2,2,2,2,2,2,2,2,2,2,2,2,2,2,2,2,2,2,2,2,2,2,2,2,2,2,2,2,2,2,2,2,2,2,2,2,2,2,2,2,2,2,2,2,2,2,2,2,2,2,2,2,2,2,2,2,2,2,2,2,2,2,2,10,2,2,2,2,2,2,2,2,2,10,10,10,2,2,2,2,2,2,2,2,10,10,10,2,2,2,2,2,2,2,10,10,10,10,10,2,2,2,2,2,2,10,10,2,2,2,2,2,2,2,2,2,10,10,2,10,10,10,10
MYD17A2H.A2010225.h12v02.006.2015211090946.Gpp_500m,MYD17A2H,A2010225,Lat65.9255Lon-137.4220833Samp13Line13,2015211090946,Gpp_500m,319,378,366,389,382,360,401,382,382,401,359,318,276,372,378,360,354,348,329,341,360,341,297,295,265,271,378,424,424,347,354,354,341,341,324,288,282,295,294,378,389,329,329,341,324,289,306,282,282,324,313,313,306,306,289,324,289,306,313,313,330,347,313,357,363,278,297,271,306,357,357,324,370,334,334,317,313,294,324,324,346,347,324,324,324,324,352,328,358,358,353,324,347,313,329,313,313,347,347,313,299,294,277,280,393,393,357,422,422,347,313,300,288,288,313,277,306,339,352,352,353,363,317,313,306,271,277,294,300,313,306,306,369,353,353,318,329,313,318,318,306,281,305,369,353,353,376,376,376,369,353,317,300,287,316,322,353,369,398,381,369,369,317,317,333,358,353,353,352
MYD17A2H.A2010225.h12v02.006.2015211090946.PsnNet_500m,MYD17A2H,A2010225,Lat65.9255Lon-137.4220833Samp13Line13,2015211090946,PsnNet_500m,280,325,320,340,337,314,358,332,330,363,314,280,243,325,329,319,307,304,287,297,311,297,259,256,233,242,324,380,379,304,307,307,297,297,283,253,248,256,259,342,335,287,287,297,283,253,268,248,248,280,272,272,269,269,255,283,253,268,272,272,286,302,272,311,331,243,259,242,268,311,311,280,319,292,293,279,273,257,293,293,303,303,280,283,280,280,304,300,327,323,319,283,303,272,286,272,272,315,315,272,262,268,244,251,339,338,311,378,378,315,285,262,253,253,274,244,267,310,319,319,319,331,278,272,267,237,242,259,266,274,268,268,337,319,319,278,289,274,291,291,267,247,279,337,319,319,338,328,326,319,308,291,272,253,286,295,319,338,343,328,319,319,278,278,304,325,320,320,320
MYD17A2H.A2010225.h12v02.006.2015211090946.Psn_QC_500m,MYD17A2H,A2010225,Lat65.9255Lon-137.4220833Samp13Line13,2015211090946,Psn_QC_500m,2,2,2,2,2,2,18,2,2,10,2,2,2,2,2,2,2,2,2,2,2,2,2,2,2,18,2,2,2,2,2,2,2,2,2,2,2,2,18,2,2,2,2,2,2,2,2,2,2,2,2,2,2,2,2,2,2,2,2,2,2,2,2,2,2,2,2,10,2,2,2,2,2,2,2,2,2,2,2,2,2,2,2,2,2,2,2,2,2,2,2,2,2,2,2,2,2,2,2,2,2,2,2,10,2,2,2,2,2,2,2,2,2,2,2,2,18,2,2,2,2,2,2,2,2,2,2,18,2,2,2,2,2,2,2,2,2,2,2,2,2,2,2,2,2,2,2,2,2,2,2,2,2,2,2,18,2,2,2,2,2,2,2,2,2,2,18,18,18
MYD17A2H.A2010233.h12v02.006.2015211100426.Gpp_500m,MYD17A2H,A2010233,Lat65.9255Lon-137.4220833Samp13Line13,2015211100426,Gpp_500m,203,205,195,195,180,180,211,167,234,136,164,122,108,193,193,177,148,200,138,187,187,203,203,164,164,168,52,218,210,107,107,189,189,200,158,168,168,161,26,268,234,234,182,77,67,161,218,164,137,26,20,137,223,180,164,177,149,239,239,133,133,26,137,170,176,164,85,149,217,280,252,144,144,184,194,204,204,204,161,212,212,239,176,196,196,180,177,177,183,55,55,155,170,188,184,168,158,196,150,132,132,42,70,101,189,168,196,196,188,137,137,52,26,74,81,77,93,168,210,210,247,158,26,81,81,101,52,52,66,66,201,245,190,190,66,264,263,52,39,26,26,14,26,113,113,77,119,66,52,49,45,45,26,14,168,164,84,119,119,49,49,183,170,170,108,176,26,16,158
MYD17A2H.A2010233.h12v02.006.2015211100426.PsnNet_500m,MYD17A2H,A2010233,Lat65.9255Lon-137.4220833Samp13Line13,2015211100426,PsnNet_500m,182,184,176,176,164,164,190,155,207,124,148,114,99,174,174,161,136,183,129,169,169,182,181,151,151,155,50,194,188,98,98,173,173,181,146,153,153,146,24,232,207,207,166,73,63,146,194,151,129,24,17,129,200,164,148,160,135,211,211,121,121,24,126,155,159,148,79,135,193,239,220,134,134,166,174,186,186,186,146,191,191,213,160,178,177,164,161,161,165,52,52,142,155,170,166,153,145,177,135,121,121,40,67,93,172,153,177,177,169,126,126,50,24,69,75,73,86,153,188,188,219,146,24,75,75,93,50,50,60,60,180,217,173,173,60,231,231,50,35,24,24,12,24,104,104,73,110,60,50,44,42,42,24,12,154,148,78,110,110,44,44,166,156,156,99,160,24,14,144
MYD17A2H.A2010233.h12v02.006.2015211100426.Psn_QC_500m,MYD17A2H,A2010233,Lat65.9255Lon-137.4220833Samp13Line13,2015211100426,Psn_QC_500m,2,2,2,2,2,2,2,2,2,2,2,2,10,2,2,2,2,10,10,2,2,10,10,18,18,18,2,2,10,2,2,2,2,10,2,2,2,2,10,18,18,18,2,10,10,2,10,10,10,10,107,10,18,2,2,2,2,10,10,2,2,10,2,10,2,2,2,2,2,2,2,10,10,2,2,2,2,2,2,2,2,2,2,2,2,2,2,2,2,10,10,2,2,2,2,2,2,2,2,10,10,2,2,18,2,2,2,2,2,2,2,2,10,2,2,18,2,2,2,2,10,10,10,10,10,2,10,10,10,10,2,10,10,10,10,10,10,10,10,10,10,107,10,2,2,10,2,10,10,10,10,10,107,107,10,10,18,2,2,2,2,2,2,2,2,10,10,107,2
MYD17A2H.A2010241.h12v02.006.2015211105526.Gpp_500m,MYD17A2H,A2010241,Lat65.9255Lon-137.4220833Samp13Line13,2015211105526,Gpp_500m,139,139,153,153,150,150,120,120,150,171,156,156,136,156,153,139,139,139,124,124,171,167,135,140,107,107,179,150,150,135,150,150,150,120,140,113,113,103,103,158,177,177,162,104,104,107,121,113,113,125,125,103,143,104,104,104,103,103,121,119,107,108,113,122,125,104,103,103,103,121,121,125,125,140,122,108,122,122,107,107,113,113,107,127,127,113,104,119,119,122,122,121,113,158,121,122,119,119,104,113,105,113,114,134,155,140,133,152,159,146,113,128,128,136,136,136,119,125,125,128,128,134,136,136,113,122,122,114,114,122,116,125,125,141,108,108,114,117,136,136,122,105,105,141,141,108,146,150,150,142,125,105,94,105,105,94,108,146,159,159,153,153,130,130,108,108,105,108,108
MYD17A2H.A2010241.h12v02.006.2015211105526.PsnNet_500m,MYD17A2H,A2010241,Lat65.9255Lon-137.4220833Samp13Line13,2015211105526,PsnNet_500m,123,123,136,136,132,132,108,108,132,150,138,138,121,138,136,124,125,125,108,108,150,147,121,124,96,97,159,132,132,121,132,132,132,108,124,101,101,94,94,141,154,154,143,95,95,96,109,101,101,113,113,94,128,95,95,95,94,94,109,107,97,97,101,109,113,95,94,94,94,109,109,113,113,124,109,97,109,109,96,97,101,101,97,115,115,101,93,107,107,109,109,109,101,140,109,109,107,107,93,101,93,101,101,120,137,124,120,135,140,130,101,115,115,123,124,124,108,113,113,115,115,120,123,123,101,110,110,102,102,110,104,113,113,124,97,97,101,104,124,124,110,93,93,124,125,97,131,133,133,126,115,93,85,93,93,86,97,131,141,141,138,138,115,115,98,98,93,98,98
MYD17A2H.A2010241.h12v02.006.2015211105526.Psn_QC_500m,MYD17A2H,A2010241,Lat65.9255Lon-137.4220833Samp13Line13,2015211105526,Psn_QC_500m,2,2,2,2,2,2,2,2,2,2,2,2,2,2,2,2,2,2,2,2,2,2,2,2,2,2,2,2,2,2,2,2,2,2,2,2,2,2,2,2,2,2,2,2,2,2,2,2,2,2,2,2,2,2,2,2,2,2,2,2,2,2,2,2,2,2,2,2,2,2,2,2,2,2,2,2,2,2,2,2,2,2,2,2,2,2,2,2,2,2,2,2,2,2,2,2,2,2,2,2,2,10,10,2,2,2,2,2,2,2,2,10,10,10,2,2,2,10,10,2,2,2,10,10,2,2,2,2,2,2,2,2,2,2,2,2,2,2,2,2,2,2,2,2,2,2,2,2,2,2,2,2,2,2,2,2,2,2,2,2,2,2,2,2,2,2,2,2,2
MYD17A2H.A2010249.h12v02.006.2015211114104.Gpp_500m,MYD17A2H,A2010249,Lat65.9255Lon-137.4220833Samp13Line13,2015211114104,Gpp_500m,123,142,142,123,123,120,120,85,85,91,91,101,103,134,127,127,127,120,91,101,101,80,91,117,117,91,127,117,120,101,101,85,64,101,103,103,91,103,103,123,123,75,64,64,91,91,65,65,65,91,73,85,85,81,64,91,103,91,112,112,91,94,94,103,91,118,23,103,103,103,97,103,125,125,65,121,121,94,103,91,117,116,116,101,101,85,65,85,90,112,91,154,103,103,76,103,103,91,85,106,91,91,133,91,109,97,103,103,143,106,91,106,128,76,91,91,85,138,128,143,121,106,106,103,94,91,70,65,65,128,128,128,128,128,103,108,91,91,85,65,69,64,64,150,150,112,121,125,103,103,76,83,83,83,103,103,128,128,94,116,116,94,91,91,103,103,103,64,64
MYD17A2H.A2010249.h12v02.006.2015211114104.PsnNet_500m,MYD17A2H,A2010249,Lat65.9255Lon-137.4220833Samp13Line13,2015211114104,PsnNet_500m,109,128,128,108,108,107,107,75,75,82,82,92,92,119,111,111,111,107,82,92,92,71,82,104,104,83,111,104,107,92,92,75,58,92,92,92,83,92,92,108,108,68,58,58,82,83,59,59,59,83,66,76,75,74,58,82,92,83,97,97,83,83,83,92,83,104,21,92,92,92,89,92,109,109,59,109,109,83,92,83,104,102,102,91,91,76,59,76,80,101,83,135,92,92,68,92,92,83,76,95,83,83,118,83,97,89,92,92,129,95,83,95,115,69,83,83,76,123,115,129,109,95,95,92,83,83,63,59,59,115,115,115,115,115,92,97,83,83,76,59,63,59,59,132,132,101,109,109,92,92,69,75,75,75,93,93,115,115,83,104,104,83,83,83,93,93,93,59,59
MYD17A2H.A2010249.h12v02.006.2015211114104.Psn_QC_500m,MYD17A2H,A2010249,Lat65.9255Lon-137.4220833Samp13Line13,2015211114104,Psn_QC_500m,2,2,2,2,2,2,2,2,2,2,2,2,2,2,2,2,2,2,2,2,2,2,2,2,2,2,2,2,2,2,2,2,2,2,2,2,2,2,2,2,2,10,2,2,2,2,2,2,2,2,18,10,2,10,2,2,2,2,2,2,18,18,18,2,2,2,10,2,2,2,18,2,2,2,2,2,2,10,2,2,2,2,2,18,18,2,2,10,10,2,2,2,2,2,18,2,2,2,2,2,2,2,2,2,18,18,2,2,2,2,2,2,2,2,2,2,2,2,2,2,2,2,2,2,2,2,2,2,2,2,2,2,2,2,2,2,2,2,2,2,10,2,2,2,2,2,18,18,2,2,10,10,10,10,2,2,18,18,2,18,18,10,2,2,2,2,2,2,2
MYD17A2H.A2010257.h12v02.006.2015211122315.Gpp_500m,MYD17A2H,A2010257,Lat65.9255Lon-137.4220833Samp13Line13,2015211122315,Gpp_500m,75,75,92,94,74,67,59,59,50,67,59,59,58,87,94,69,74,83,83,59,87,67,59,58,58,50,80,74,91,91,95,65,69,69,58,58,58,58,48,86,73,83,59,59,59,58,58,58,58,58,58,58,65,59,59,59,59,58,58,58,58,58,58,58,50,65,35,35,58,62,58,58,58,62,58,41,50,75,50,82,82,62,62,58,58,51,35,50,50,58,58,77,76,100,75,75,76,50,48,58,59,50,50,58,68,84,84,71,68,68,58,58,58,58,58,50,58,62,58,62,76,67,58,58,58,58,50,48,49,57,58,60,67,60,58,58,60,60,59,59,49,57,57,68,62,60,59,75,75,72,67,49,49,40,57,57,58,75,72,72,72,67,66,59,59,49,57,57,57
MYD17A2H.A2010257.h12v02.006.2015211122315.PsnNet_500m,MYD17A2H,A2010257,Lat65.9255Lon-137.4220833Samp13Line13,2015211122315,PsnNet_500m,65,63,77,77,65,58,49,49,44,58,49,49,49,74,79,60,63,70,69,49,73,58,49,49,49,43,69,63,77,77,81,55,60,60,49,49,49,49,41,73,64,70,49,49,49,49,49,49,49,49,49,49,55,49,49,49,51,49,49,49,49,49,49,49,43,57,33,33,49,53,49,49,49,53,49,35,43,64,43,68,68,54,54,49,49,46,33,43,43,49,49,67,65,82,64,64,65,43,41,50,51,43,43,48,59,70,70,60,59,60,50,49,49,48,48,43,48,53,50,53,64,57,49,48,48,48,43,41,43,48,50,52,57,51,48,48,51,51,51,51,43,48,48,59,53,51,51,64,64,61,59,43,42,34,48,48,48,62,61,61,61,59,57,51,51,42,48,48,48
MYD17A2H.A2010257.h12v02.006.2015211122315.Psn_QC_500m,MYD17A2H,A2010257,Lat65.9255Lon-137.4220833Samp13Line13,2015211122315,Psn_QC_500m,2,2,2,2,2,2,2,2,2,2,2,2,2,2,2,2,2,2,2,2,2,2,2,2,2,2,2,2,2,2,2,2,10,10,2,2,2,2,2,2,2,2,2,2,2,2,2,2,2,2,2,2,2,2,2,2,2,2,2,2,2,2,2,2,2,2,2,2,2,2,2,2,2,2,2,2,2,2,2,2,2,10,10,2,2,10,2,2,2,2,2,2,2,2,2,2,10,2,2,2,10,2,2,2,2,2,2,2,2,10,2,2,2,2,2,2,2,2,2,2,10,2,2,2,2,2,2,2,2,2,2,10,2,10,2,2,10,10,2,2,2,2,2,2,10,10,2,2,2,2,2,2,2,10,2,2,10,2,2,2,2,2,2,2,2,2,2,2,2
MYD17A2H.A2010265.h12v02.006.2015211140531.Gpp_500m,MYD17A2H,A2010265,Lat65.9255Lon-137.4220833Samp13Line13,2015211140531,Gpp_500m,3,5,5,5,3,3,2,4,4,4,4,3,2,3,6,4,4,6,4,4,3,3,5,3,2,2,7,7,5,3,3,2,4,4,3,3,3,2,2,7,5,4,2,2,2,3,2,2,3,5,3,3,2,2,2,2,2,2,2,2,3,7,3,2,2,2,2,2,2,2,2,2,3,2,2,2,2,2,2,2,2,2,2,2,3,2,2,2,2,2,2,0,0,2,2,2,2,2,2,2,2,5,5,2,0,0,2,2,2,2,2,2,2,3,5,4,4,5,3,3,5,2,3,3,2,3,3,2,2,3,2,2,2,2,3,2,2,2,2,3,3,2,2,2,2,2,2,2,2,2,2,2,2,2,2,2,5,5,2,2,2,2,2,2,2,2,2,2,2
MYD17A2H.A2010265.h12v02.006.2015211140531.PsnNet_500m,MYD17A2H,A2010265,Lat65.9255Lon-137.4220833Samp13Line13,2015211140531,PsnNet_500m,2,2,2,2,2,2,2,2,2,2,2,2,2,2,3,2,2,3,2,2,2,2,3,2,2,2,4,4,2,2,2,2,2,2,2,2,2,2,2,5,2,2,2,2,2,2,2,2,2,3,2,2,2,2,2,2,2,2,2,2,2,4,2,2,2,2,2,2,2,2,2,2,2,2,2,2,2,2,2,2,2,2,2,2,2,2,2,2,2,2,2,0,0,2,2,2,1,2,2,2,2,3,3,2,0,0,2,2,2,2,2,2,2,2,3,3,3,3,2,2,3,2,2,2,2,2,2,2,2,2,2,2,2,2,2,2,2,2,2,2,2,2,2,2,2,2,2,2,2,2,2,2,2,2,2,2,3,3,2,2,2,2,2,2,2,2,1,1,1
MYD17A2H.A2010265.h12v02.006.2015211140531.Psn_QC_500m,MYD17A2H,A2010265,Lat65.9255Lon-137.4220833Samp13Line13,2015211140531,Psn_QC_500m,10,2,2,2,2,2,2,2,2,2,2,10,10,2,2,2,2,2,2,2,2,2,10,67,75,10,2,2,2,2,2,2,2,2,2,2,2,10,10,2,2,2,2,2,2,2,2,2,2,2,2,2,2,2,2,2,2,2,2,10,2,10,2,2,2,2,2,2,2,2,2,10,10,2,2,2,10,2,2,2,2,2,10,2,10,2,10,10,10,10,10,99,99,10,10,2,10,10,10,10,10,2,2,10,99,99,10,10,10,10,10,10,10,2,2,2,2,2,2,2,2,10,2,2,10,2,2,2,2,2,2,2,10,10,2,10,10,2,2,2,2,2,10,10,2,2,10,10,10,10,10,2,2,10,10,10,2,2,2,10,10,10,10,10,10,10,2,2,2
MYD17A2H.A2010273.h12v02.006.2015211153617.Gpp_500m,MYD17A2H,A2010273,Lat65.9255Lon-137.4220833Samp13Line13,2015211153617,Gpp_500m,3,11,10,10,3,3,3,3,3,3,3,3,3,11,11,10,10,3,3,3,3,3,3,11,11,3,10,10,10,10,9,9,10,10,10,3,3,3,3,11,10,3,3,3,3,3,3,3,3,10,10,3,10,11,3,3,3,3,9,10,10,3,3,3,3,3,3,10,9,10,3,3,3,3,3,3,3,3,7,9,3,3,3,3,3,3,3,3,3,9,10,7,3,7,7,9,3,3,3,3,3,3,3,3,9,9,3,10,9,9,9,3,3,10,3,11,11,11,3,3,3,9,9,3,3,10,3,3,3,3,3,10,9,9,3,3,3,11,11,3,3,3,3,12,11,11,10,10,12,9,9,3,3,3,3,3,10,10,22,12,12,10,3,3,3,3,3,3,3
MYD17A2H.A2010273.h12v02.006.2015211153617.PsnNet_500m,MYD17A2H,A2010273,Lat65.9255Lon-137.4220833Samp13Line13,2015211153617,PsnNet_500m,3,9,9,9,3,3,3,3,3,3,3,3,3,9,9,9,9,3,3,3,3,3,3,9,9,3,9,9,9,9,4,4,9,9,9,3,3,3,3,9,9,3,3,3,3,3,3,3,3,9,9,3,9,9,3,3,3,3,8,9,9,3,3,3,3,3,3,9,8,7,3,3,3,3,3,3,3,3,3,8,3,3,3,3,3,3,3,3,3,4,9,3,3,3,3,6,3,3,3,3,3,3,3,3,5,4,3,9,6,4,4,3,3,9,3,9,9,9,3,3,3,6,6,3,3,9,3,3,3,3,3,9,8,8,3,3,3,9,9,3,3,3,3,9,9,9,9,9,9,7,7,3,3,3,3,3,9,9,15,9,9,9,3,3,3,3,3,3,3
MYD17A2H.A2010273.h12v02.006.2015211153617.Psn_QC_500m,MYD17A2H,A2010273,Lat65.9255Lon-137.4220833Samp13Line13,2015211153617,Psn_QC_500m,10,10,10,10,10,10,10,10,10,10,10,10,10,10,10,10,10,10,10,10,10,10,10,10,10,10,10,10,10,10,10,10,10,10,10,10,10,10,10,10,10,10,10,10,10,10,10,10,10,67,67,10,10,67,10,10,10,10,67,67,67,10,10,10,10,10,10,67,67,67,10,10,10,10,10,10,10,10,67,67,10,10,10,10,10,10,10,10,10,67,67,67,10,67,67,67,10,10,10,10,10,10,10,10,75,67,10,67,67,67,67,10,10,67,10,10,10,67,10,10,10,67,67,10,10,67,10,10,10,10,10,67,67,67,10,10,10,10,10,10,10,10,10,67,67,67,83,83,67,67,67,10,10,10,10,10,83,83,75,67,67,83,10,10,10,10,10,10,2
MYD17A2H.A2010281.h12v02.006.2015211164933.Gpp_500m,MYD17A2H,A2010281,Lat65.9255Lon-137.4220833Samp13Line13,2015211164933,Gpp_500m,0,0,0,0,0,0,0,0,0,1,0,0,0,0,0,4,3,1,1,1,1,0,0,0,0,0,0,0,1,1,1,0,1,1,0,0,0,0,0,1,1,1,0,0,0,0,0,0,0,0,0,0,0,0,0,0,0,0,0,0,0,0,0,0,7,0,0,0,0,0,0,0,0,0,7,0,1,1,0,0,0,0,0,0,0,7,0,0,0,0,1,0,0,7,7,0,0,0,0,0,0,0,0,0,7,7,1,0,0,0,0,0,1,1,1,1,1,0,1,0,0,0,0,1,0,1,1,1,1,1,0,0,0,0,1,1,1,1,1,1,1,0,1,1,1,1,1,1,1,1,0,1,1,1,1,1,1,1,1,1,1,1,1,1,1,1,0,1,1
MYD17A2H.A2010281.h12v02.006.2015211164933.PsnNet_500m,MYD17A2H,A2010281,Lat65.9255Lon-137.4220833Samp13Line13,2015211164933,PsnNet_500m,0,0,0,0,0,0,0,0,0,0,0,0,0,0,0,-4,-1,0,0,0,0,0,0,0,0,0,0,0,0,0,0,0,0,0,0,0,0,0,0,0,0,0,0,0,0,0,0,0,0,0,0,0,0,0,0,0,0,0,0,0,0,0,0,0,-27,0,0,0,0,0,0,0,0,0,-27,0,0,0,0,0,0,0,0,0,0,-27,0,0,0,0,0,0,0,-25,-25,0,0,0,0,0,0,0,0,0,-15,-27,0,0,0,0,0,0,0,0,0,0,0,0,0,0,0,0,0,0,0,0,0,0,0,0,0,0,0,0,0,0,0,0,0,0,0,0,0,0,0,0,0,0,0,0,0,0,0,0,0,0,0,0,0,0,0,0,0,0,0,0,0,0,0
MYD17A2H.A2010281.h12v02.006.2015211164933.Psn_QC_500m,MYD17A2H,A2010281,Lat65.9255Lon-137.4220833Samp13Line13,2015211164933,Psn_QC_500m,75,75,75,75,75,75,75,75,75,75,75,75,75,75,75,75,75,75,75,75,75,75,75,75,75,75,75,75,75,75,75,75,75,75,75,75,75,75,75,75,75,75,75,75,75,75,75,75,75,75,75,75,75,75,75,75,75,75,75,75,75,75,75,75,75,75,75,75,75,75,75,75,75,75,75,75,75,75,75,75,75,75,75,75,75,75,75,75,75,75,75,75,75,75,75,75,75,75,75,75,75,75,75,75,75,75,75,75,75,75,75,75,75,75,75,75,75,75,75,75,75,75,75,75,75,75,75,75,75,75,75,75,75,75,75,75,75,75,75,75,75,75,75,75,75,75,75,75,75,75,75,75,75,75,75,75,75,75,75,75,75,75,75,75,75,75,67,75,75
MYD17A2H.A2010289.h12v02.006.2015212022512.Gpp_500m,MYD17A2H,A2010289,Lat65.9255Lon-137.4220833Samp13Line13,2015212022512,Gpp_500m,0,0,0,0,0,0,0,0,0,0,0,0,0,0,0,0,0,0,0,0,0,0,0,0,0,0,0,0,0,0,0,0,0,0,0,0,0,0,0,0,0,0,0,0,0,0,0,0,0,0,0,0,0,0,0,0,0,0,0,0,0,0,0,0,0,0,0,0,0,0,0,0,0,0,0,0,0,0,0,0,0,0,0,0,0,0,0,0,0,0,0,0,0,0,0,0,0,0,0,0,0,0,0,0,0,0,0,0,0,0,0,0,0,0,0,0,0,0,0,0,0,0,0,0,0,0,0,0,0,0,0,0,0,0,0,0,0,0,0,0,0,0,0,0,0,0,0,0,0,0,0,0,0,0,0,0,0,0,0,0,0,0,0,0,0,0,0,0,0
MYD17A2H.A2010289.h12v02.006.2015212022512.PsnNet_500m,MYD17A2H,A2010289,Lat65.9255Lon-137.4220833Samp13Line13,2015212022512,PsnNet_500m,0,0,0,0,0,0,0,0,0,0,0,0,0,0,0,0,0,0,0,0,0,0,0,0,0,0,0,-1,0,0,0,0,0,0,0,0,0,0,0,-1,0,0,0,0,0,0,0,0,0,0,0,0,0,0,0,0,0,0,0,0,0,0,0,0,0,0,0,0,0,0,0,0,0,0,0,0,0,0,0,0,0,0,0,0,0,0,0,0,0,0,0,0,0,0,0,0,0,0,0,0,0,0,0,0,0,0,0,0,0,0,0,0,0,0,0,0,0,0,0,0,0,0,0,0,0,0,0,0,0,0,0,0,0,0,0,0,0,0,0,0,0,0,0,0,0,0,0,0,0,0,0,0,0,0,0,0,0,0,0,0,0,0,0,0,0,0,0,0,0
MYD17A2H.A2010289.h12v02.006.2015212022512.Psn_QC_500m,MYD17A2H,A2010289,Lat65.9255Lon-137.4220833Samp13Line13,2015212022512,Psn_QC_500m,67,67,67,67,67,67,67,75,67,67,67,67,67,75,75,75,67,67,75,75,67,67,75,75,67,75,75,75,67,67,67,67,67,67,75,67,67,75,75,75,67,75,75,67,75,75,75,75,67,75,67,67,67,75,75,67,67,67,67,67,67,67,75,75,75,75,67,67,67,67,67,67,67,67,67,67,67,67,67,67,75,67,67,67,67,75,75,67,67,67,67,67,67,67,67,67,67,67,67,67,75,75,67,67,67,67,67,67,67,75,67,67,67,67,67,67,67,67,67,67,67,67,67,67,67,67,67,67,67,67,67,67,67,67,67,67,67,67,67,67,67,67,67,67,67,67,67,67,75,67,67,67,67,67,67,67,67,67,67,75,67,75,67,67,67,67,67,67,67
MYD17A2H.A2010297.h12v02.006.2015212041954.Gpp_500m,MYD17A2H,A2010297,Lat65.9255Lon-137.4220833Samp13Line13,2015212041954,Gpp_500m,0,0,0,0,0,0,0,0,0,0,0,0,0,0,0,0,0,0,0,0,0,0,0,0,0,0,0,0,0,0,0,0,0,0,0,0,0,0,0,0,0,0,0,0,0,0,0,0,0,0,0,0,0,0,0,0,0,0,0,0,0,0,0,0,0,0,0,0,0,0,0,0,0,0,0,0,0,0,0,0,0,0,0,0,0,0,0,0,0,0,0,0,0,0,0,0,0,0,0,0,0,0,0,0,0,0,0,0,0,0,0,0,0,0,0,0,0,0,0,0,0,0,0,0,0,0,0,0,0,0,0,0,0,0,0,0,0,0,0,0,0,0,0,0,0,0,0,0,0,0,0,0,0,0,0,0,0,0,0,0,0,0,0,0,0,0,0,0,0
MYD17A2H.A2010297.h12v02.006.2015212041954.PsnNet_500m,MYD17A2H,A2010297,Lat65.9255Lon-137.4220833Samp13Line13,2015212041954,PsnNet_500m,0,0,0,0,0,0,0,0,0,0,0,0,0,0,0,0,0,0,0,0,0,0,0,0,0,0,0,0,0,0,0,0,0,0,0,0,0,0,0,0,0,0,0,0,0,0,0,0,0,0,0,0,0,0,0,0,0,0,0,0,0,0,0,0,0,0,0,0,0,0,0,0,0,0,0,0,0,0,0,0,0,0,0,0,0,0,0,0,0,0,0,0,0,0,0,0,0,0,0,0,0,0,0,0,0,0,0,0,0,0,0,0,0,0,0,0,0,0,0,0,0,0,0,0,0,0,0,0,0,0,0,0,0,0,0,0,0,0,0,0,0,0,0,0,0,0,0,0,0,0,0,0,0,0,0,0,0,0,0,0,0,0,0,0,0,0,0,0,0
MYD17A2H.A2010297.h12v02.006.2015212041954.Psn_QC_500m,MYD17A2H,A2010297,Lat65.9255Lon-137.4220833Samp13Line13,2015212041954,Psn_QC_500m,67,67,67,67,67,67,67,67,67,67,67,67,67,67,67,67,67,67,67,67,67,67,67,67,67,67,67,67,67,67,67,67,67,67,67,83,83,67,67,67,67,67,75,67,83,67,83,67,67,67,67,67,67,75,75,67,83,83,67,67,67,67,67,67,67,67,67,67,67,67,67,67,67,67,67,67,67,67,67,67,67,67,67,75,75,75,75,67,67,67,67,67,67,67,75,67,67,67,67,67,67,67,67,67,67,67,67,67,67,67,67,67,67,67,67,67,67,67,67,67,67,67,67,67,67,67,67,67,75,67,67,67,67,67,67,67,67,67,67,67,67,67,75,67,67,67,67,67,67,67,67,75,75,75,75,75,67,75,83,83,67,67,67,67,67,67,67,75,75
MYD17A2H.A2010305.h12v02.006.2015212093540.Gpp_500m,MYD17A2H,A2010305,Lat65.9255Lon-137.4220833Samp13Line13,2015212093540,Gpp_500m,0,0,0,0,0,0,0,0,0,0,0,0,0,0,0,0,0,0,0,0,0,0,0,0,0,0,0,0,0,0,0,0,0,0,0,0,0,0,0,0,0,0,0,0,0,0,0,0,0,0,0,0,0,0,0,0,0,0,0,0,0,0,0,0,0,0,0,0,0,0,0,0,0,0,0,0,0,0,0,0,0,0,0,0,0,0,0,0,0,0,0,0,0,0,0,0,0,0,0,0,0,0,0,0,0,0,0,0,0,0,0,0,0,0,0,0,0,0,0,0,0,0,0,0,0,0,0,0,0,0,0,0,0,0,0,0,0,0,0,0,0,0,0,0,0,0,0,0,0,0,0,0,0,0,0,0,0,0,0,0,0,0,0,0,0,0,0,0,0
MYD17A2H.A2010305.h12v02.006.2015212093540.PsnNet_500m,MYD17A2H,A2010305,Lat65.9255Lon-137.4220833Samp13Line13,2015212093540,PsnNet_500m,0,0,0,0,0,0,0,0,0,0,0,0,0,0,0,0,0,0,0,0,0,0,0,0,0,0,0,0,0,0,0,0,0,0,0,0,0,0,0,0,0,0,0,0,0,0,0,0,0,0,0,0,0,0,0,0,0,0,0,0,0,0,0,0,0,0,0,0,0,0,0,0,0,0,0,0,0,0,0,0,0,0,0,0,0,0,0,0,0,0,0,0,0,0,0,0,0,0,0,0,0,0,0,0,0,0,0,0,0,0,0,0,0,0,0,0,0,0,0,0,0,0,0,0,0,0,0,0,0,0,0,0,0,0,0,0,0,0,0,0,0,0,0,0,0,0,0,0,0,0,0,0,0,0,0,0,0,0,0,0,0,0,0,0,0,0,0,0,0
MYD17A2H.A2010305.h12v02.006.2015212093540.Psn_QC_500m,MYD17A2H,A2010305,Lat65.9255Lon-137.4220833Samp13Line13,2015212093540,Psn_QC_500m,75,67,67,67,67,67,67,75,75,75,75,75,75,67,67,67,67,67,67,75,75,75,75,75,75,75,67,67,67,67,75,75,75,75,75,75,75,75,75,83,75,75,75,75,75,75,75,75,75,75,75,75,75,75,75,75,75,75,75,75,75,75,75,75,75,75,75,75,75,75,75,75,75,75,75,75,75,75,75,75,67,67,75,67,67,67,67,67,67,67,75,75,67,67,67,67,67,67,67,75,75,75,67,67,67,67,75,75,75,75,75,75,67,67,67,67,75,75,75,67,75,67,67,67,75,75,75,75,67,67,67,67,67,75,75,67,67,67,67,67,67,67,67,75,67,67,67,67,67,67,67,67,67,67,67,75,67,67,67,67,67,67,67,67,67,67,75,75,75
MYD17A2H.A2010313.h12v02.006.2015213130253.Gpp_500m,MYD17A2H,A2010313,Lat65.9255Lon-137.4220833Samp13Line13,2015213130253,Gpp_500m,0,0,0,0,0,0,0,0,0,0,0,0,0,0,0,0,0,0,0,0,0,0,0,0,0,0,0,0,0,0,0,0,0,0,0,0,0,0,0,0,0,0,0,0,0,0,0,0,0,0,0,0,0,0,0,0,0,0,0,0,0,0,0,0,0,0,0,0,0,0,0,0,0,0,0,0,0,0,0,0,0,0,0,0,0,0,0,0,0,0,0,0,0,0,0,0,0,0,0,0,0,0,0,0,0,0,0,0,0,0,0,0,0,0,0,0,0,0,0,0,0,0,0,0,0,0,0,0,0,0,0,0,0,0,0,0,0,0,0,0,0,0,0,0,0,0,0,0,0,0,0,0,0,0,0,0,0,0,0,0,0,0,0,0,0,0,0,0,0
MYD17A2H.A2010313.h12v02.006.2015213130253.PsnNet_500m,MYD17A2H,A2010313,Lat65.9255Lon-137.4220833Samp13Line13,2015213130253,PsnNet_500m,0,0,0,0,0,0,0,0,0,0,0,0,0,0,0,0,0,0,0,0,0,0,0,0,0,0,0,0,0,0,0,0,0,0,0,0,0,0,0,0,0,0,0,0,0,0,0,0,0,0,0,0,0,0,0,0,0,0,0,0,0,0,0,0,0,0,0,0,0,0,0,0,0,0,0,0,0,0,0,0,0,0,0,0,0,0,0,0,0,0,0,0,0,0,0,0,0,0,0,0,0,0,0,0,0,0,0,0,0,0,0,0,0,0,0,0,0,0,0,0,0,0,0,0,0,0,0,0,0,0,0,0,0,0,0,0,0,0,0,0,0,0,0,0,0,0,0,0,0,0,0,0,0,0,0,0,0,0,0,0,0,0,0,0,0,0,0,0,0
MYD17A2H.A2010313.h12v02.006.2015213130253.Psn_QC_500m,MYD17A2H,A2010313,Lat65.9255Lon-137.4220833Samp13Line13,2015213130253,Psn_QC_500m,67,67,67,67,67,67,75,75,75,75,75,75,75,83,83,83,83,83,75,75,75,75,75,75,75,75,83,83,83,83,83,75,75,75,75,75,75,75,83,83,67,83,75,75,75,83,83,83,83,83,83,83,75,75,75,75,83,83,83,83,83,83,83,83,83,75,75,75,83,75,75,75,83,83,75,75,83,75,83,67,75,75,75,75,75,75,75,75,75,75,75,83,83,67,83,67,75,75,75,75,75,75,75,75,67,67,83,83,75,75,75,75,75,75,75,75,75,75,75,75,83,75,75,75,75,75,75,75,75,75,75,75,75,75,75,75,75,75,67,75,75,75,75,67,67,75,75,83,83,67,67,75,67,75,75,75,75,83,83,83,83,67,67,67,75,67,75,75,75
MYD17A2H.A2010321.h12v02.006.2015213193859.Gpp_500m,MYD17A2H,A2010321,Lat65.9255Lon-137.4220833Samp13Line13,2015213193859,Gpp_500m,0,0,0,0,0,0,0,0,0,0,0,0,0,0,0,0,0,0,0,0,0,0,0,0,0,0,0,0,0,0,0,0,0,0,0,0,0,0,0,0,0,0,0,0,0,0,0,0,0,0,0,0,0,0,0,0,0,0,0,0,0,0,0,0,0,0,0,0,0,0,0,0,0,0,0,0,0,0,0,0,0,0,0,0,0,0,0,0,0,0,0,0,0,0,0,0,0,0,0,0,0,0,0,0,0,0,0,0,0,0,0,0,0,0,0,0,0,0,0,0,0,0,0,0,0,0,0,0,0,0,0,0,0,0,0,0,0,0,0,0,0,0,0,0,0,0,0,0,0,0,0,0,0,0,0,0,0,0,0,0,0,0,0,0,0,0,0,0,0
MYD17A2H.A2010321.h12v02.006.2015213193859.PsnNet_500m,MYD17A2H,A2010321,Lat65.9255Lon-137.4220833Samp13Line13,2015213193859,PsnNet_500m,0,0,0,0,0,0,0,0,0,0,0,0,0,0,0,0,0,0,0,0,0,0,0,0,0,0,0,0,0,0,0,0,0,0,0,0,0,0,0,0,0,0,0,0,0,0,0,0,0,0,0,0,0,0,0,0,0,0,0,0,0,0,0,0,0,0,0,0,0,0,0,0,0,0,0,0,0,0,0,0,0,0,0,0,0,0,0,0,0,0,0,0,0,0,0,0,0,0,0,0,0,0,0,0,0,0,0,0,0,0,0,0,0,0,0,0,0,0,0,0,0,0,0,0,0,0,0,0,0,0,0,0,0,0,0,0,0,0,0,0,0,0,0,0,0,0,0,0,0,0,0,0,0,0,0,0,0,0,0,0,0,0,0,0,0,0,0,0,0
MYD17A2H.A2010321.h12v02.006.2015213193859.Psn_QC_500m,MYD17A2H,A2010321,Lat65.9255Lon-137.4220833Samp13Line13,2015213193859,Psn_QC_500m,67,67,67,75,75,75,75,75,75,75,75,75,75,75,75,67,67,67,75,75,75,75,75,67,75,75,67,67,75,75,75,75,75,75,75,75,67,75,75,67,67,75,75,75,75,75,67,67,75,75,75,75,75,75,75,75,75,75,75,75,75,75,75,75,75,75,75,75,75,75,75,75,75,75,75,75,75,75,75,75,75,75,75,75,75,75,75,75,75,75,75,67,75,67,67,67,67,75,75,75,75,75,75,75,67,67,67,67,67,67,75,75,75,75,67,75,75,67,67,67,67,75,75,75,75,75,75,75,75,75,67,67,67,67,75,75,75,75,67,75,75,75,75,67,67,75,67,67,67,67,75,75,75,75,75,75,75,67,67,67,67,67,67,67,67,75,75,75,75
MYD17A2H.A2010329.h12v02.006.2015214002732.Gpp_500m,MYD17A2H,A2010329,Lat65.9255Lon-137.4220833Samp13Line13,2015214002732,Gpp_500m,32767,32767,32767,32767,32767,32767,32767,32767,32767,32767,32767,32767,32767,32767,32767,32767,32767,32767,32767,32767,32767,32767,32767,32767,32767,32767,32767,32767,32767,32767,32767,32767,32767,32767,32767,32767,32767,32767,32767,32767,32767,32767,32767,32767,32767,32767,32767,32767,32767,32767,32767,32767,32767,32767,32767,32767,32767,32767,32767,32767,32767,32767,32767,32767,32767,32767,32767,32767,32767,32767,32767,32767,32767,32767,32767,32767,32767,32767,32767,32767,32767,32767,32767,32767,32767,32767,32767,32767,32767,32767,32767,32767,32767,32767,32767,32767,32767,32767,32767,32767,32767,32767,32767,32767,32767,32767,32767,32767,32767,32767,32767,32767,32767,32767,32767,32767,32767,32767,32767,32767,32767,32767,32767,32767,32767,32767,32767,32767,32767,32767,32767,32767,32767,32767,32767,32767,32767,32767,32767,32767,32767,32767,32767,32767,32767,32767,32767,32767,32767,32767,32767,32767,32767,32767,32767,32767,32767,32767,32767,32767,32767,32767,32767,32767,32767,32767,32767,32767,32767
MYD17A2H.A2010329.h12v02.006.2015214002732.PsnNet_500m,MYD17A2H,A2010329,Lat65.9255Lon-137.4220833Samp13Line13,2015214002732,PsnNet_500m,32767,32767,32767,32767,32767,32767,32767,32767,32767,32767,32767,32767,32767,32767,32767,32767,32767,32767,32767,32767,32767,32767,32767,32767,32767,32767,32767,32767,32767,32767,32767,32767,32767,32767,32767,32767,32767,32767,32767,32767,32767,32767,32767,32767,32767,32767,32767,32767,32767,32767,32767,32767,32767,32767,32767,32767,32767,32767,32767,32767,32767,32767,32767,32767,32767,32767,32767,32767,32767,32767,32767,32767,32767,32767,32767,32767,32767,32767,32767,32767,32767,32767,32767,32767,32767,32767,32767,32767,32767,32767,32767,32767,32767,32767,32767,32767,32767,32767,32767,32767,32767,32767,32767,32767,32767,32767,32767,32767,32767,32767,32767,32767,32767,32767,32767,32767,32767,32767,32767,32767,32767,32767,32767,32767,32767,32767,32767,32767,32767,32767,32767,32767,32767,32767,32767,32767,32767,32767,32767,32767,32767,32767,32767,32767,32767,32767,32767,32767,32767,32767,32767,32767,32767,32767,32767,32767,32767,32767,32767,32767,32767,32767,32767,32767,32767,32767,32767,32767,32767
MYD17A2H.A2010329.h12v02.006.2015214002732.Psn_QC_500m,MYD17A2H,A2010329,Lat65.9255Lon-137.4220833Samp13Line13,2015214002732,Psn_QC_500m,255,255,255,255,255,255,255,255,255,255,255,255,255,255,255,255,255,255,255,255,255,255,255,255,255,255,255,255,255,255,255,255,255,255,255,255,255,255,255,255,255,255,255,255,255,255,255,255,255,255,255,255,255,255,255,255,255,255,255,255,255,255,255,255,255,255,255,255,255,255,255,255,255,255,255,255,255,255,255,255,255,255,255,255,255,255,255,255,255,255,255,255,255,255,255,255,255,255,255,255,255,255,255,255,255,255,255,255,255,255,255,255,255,255,255,255,255,255,255,255,255,255,255,255,255,255,255,255,255,255,255,255,255,255,255,255,255,255,255,255,255,255,255,255,255,255,255,255,255,255,255,255,255,255,255,255,255,255,255,255,255,255,255,255,255,255,255,255,255
MYD17A2H.A2010337.h12v02.006.2015214034902.Gpp_500m,MYD17A2H,A2010337,Lat65.9255Lon-137.4220833Samp13Line13,2015214034902,Gpp_500m,32767,32767,32767,32767,32767,32767,32767,32767,32767,32767,32767,32767,32767,32767,32767,32767,32767,32767,32767,32767,32767,32767,32767,32767,32767,32767,32767,32767,32767,32767,32767,32767,32767,32767,32767,32767,32767,32767,32767,32767,32767,32767,32767,32767,32767,32767,32767,32767,32767,32767,32767,32767,32767,32767,32767,32767,32767,32767,32767,32767,32767,32767,32767,32767,32767,32767,32767,32767,32767,32767,32767,32767,32767,32767,32767,32767,32767,32767,32767,32767,32767,32767,32767,32767,32767,32767,32767,32767,32767,32767,32767,32767,32767,32767,32767,32767,32767,32767,32767,32767,32767,32767,32767,32767,32767,32767,32767,32767,32767,32767,32767,32767,32767,32767,32767,32767,32767,32767,32767,32767,32767,32767,32767,32767,32767,32767,32767,32767,32767,32767,32767,32767,32767,32767,32767,32767,32767,32767,32767,32767,32767,32767,32767,32767,32767,32767,32767,32767,32767,32767,32767,32767,32767,32767,32767,32767,32767,32767,32767,32767,32767,32767,32767,32767,32767,32767,32767,32767,32767
MYD17A2H.A2010337.h12v02.006.2015214034902.PsnNet_500m,MYD17A2H,A2010337,Lat65.9255Lon-137.4220833Samp13Line13,2015214034902,PsnNet_500m,32767,32767,32767,32767,32767,32767,32767,32767,32767,32767,32767,32767,32767,32767,32767,32767,32767,32767,32767,32767,32767,32767,32767,32767,32767,32767,32767,32767,32767,32767,32767,32767,32767,32767,32767,32767,32767,32767,32767,32767,32767,32767,32767,32767,32767,32767,32767,32767,32767,32767,32767,32767,32767,32767,32767,32767,32767,32767,32767,32767,32767,32767,32767,32767,32767,32767,32767,32767,32767,32767,32767,32767,32767,32767,32767,32767,32767,32767,32767,32767,32767,32767,32767,32767,32767,32767,32767,32767,32767,32767,32767,32767,32767,32767,32767,32767,32767,32767,32767,32767,32767,32767,32767,32767,32767,32767,32767,32767,32767,32767,32767,32767,32767,32767,32767,32767,32767,32767,32767,32767,32767,32767,32767,32767,32767,32767,32767,32767,32767,32767,32767,32767,32767,32767,32767,32767,32767,32767,32767,32767,32767,32767,32767,32767,32767,32767,32767,32767,32767,32767,32767,32767,32767,32767,32767,32767,32767,32767,32767,32767,32767,32767,32767,32767,32767,32767,32767,32767,32767
MYD17A2H.A2010337.h12v02.006.2015214034902.Psn_QC_500m,MYD17A2H,A2010337,Lat65.9255Lon-137.4220833Samp13Line13,2015214034902,Psn_QC_500m,255,255,255,255,255,255,255,255,255,255,255,255,255,255,255,255,255,255,255,255,255,255,255,255,255,255,255,255,255,255,255,255,255,255,255,255,255,255,255,255,255,255,255,255,255,255,255,255,255,255,255,255,255,255,255,255,255,255,255,255,255,255,255,255,255,255,255,255,255,255,255,255,255,255,255,255,255,255,255,255,255,255,255,255,255,255,255,255,255,255,255,255,255,255,255,255,255,255,255,255,255,255,255,255,255,255,255,255,255,255,255,255,255,255,255,255,255,255,255,255,255,255,255,255,255,255,255,255,255,255,255,255,255,255,255,255,255,255,255,255,255,255,255,255,255,255,255,255,255,255,255,255,255,255,255,255,255,255,255,255,255,255,255,255,255,255,255,255,255
MYD17A2H.A2010345.h12v02.006.2015214060346.Gpp_500m,MYD17A2H,A2010345,Lat65.9255Lon-137.4220833Samp13Line13,2015214060346,Gpp_500m,32767,32767,32767,32767,32767,32767,32767,32767,32767,32767,32767,32767,32767,32767,32767,32767,32767,32767,32767,32767,32767,32767,32767,32767,32767,32767,32767,32767,32767,32767,32767,32767,32767,32767,32767,32767,32767,32767,32767,32767,32767,32767,32767,32767,32767,32767,32767,32767,32767,32767,32767,32767,32767,32767,32767,32767,32767,32767,32767,32767,32767,32767,32767,32767,32767,32767,32767,32767,32767,32767,32767,32767,32767,32767,32767,32767,32767,32767,32767,32767,32767,32767,32767,32767,32767,32767,32767,32767,32767,32767,32767,32767,32767,32767,32767,32767,32767,32767,32767,32767,32767,32767,32767,32767,32767,32767,32767,32767,32767,32767,32767,32767,32767,32767,32767,32767,32767,32767,32767,32767,32767,32767,32767,32767,32767,32767,32767,32767,32767,32767,32767,32767,32767,32767,32767,32767,32767,32767,32767,32767,32767,32767,32767,32767,32767,32767,32767,32767,32767,32767,32767,32767,32767,32767,32767,32767,32767,32767,32767,32767,32767,32767,32767,32767,32767,32767,32767,32767,32767
MYD17A2H.A2010345.h12v02.006.2015214060346.PsnNet_500m,MYD17A2H,A2010345,Lat65.9255Lon-137.4220833Samp13Line13,2015214060346,PsnNet_500m,32767,32767,32767,32767,32767,32767,32767,32767,32767,32767,32767,32767,32767,32767,32767,32767,32767,32767,32767,32767,32767,32767,32767,32767,32767,32767,32767,32767,32767,32767,32767,32767,32767,32767,32767,32767,32767,32767,32767,32767,32767,32767,32767,32767,32767,32767,32767,32767,32767,32767,32767,32767,32767,32767,32767,32767,32767,32767,32767,32767,32767,32767,32767,32767,32767,32767,32767,32767,32767,32767,32767,32767,32767,32767,32767,32767,32767,32767,32767,32767,32767,32767,32767,32767,32767,32767,32767,32767,32767,32767,32767,32767,32767,32767,32767,32767,32767,32767,32767,32767,32767,32767,32767,32767,32767,32767,32767,32767,32767,32767,32767,32767,32767,32767,32767,32767,32767,32767,32767,32767,32767,32767,32767,32767,32767,32767,32767,32767,32767,32767,32767,32767,32767,32767,32767,32767,32767,32767,32767,32767,32767,32767,32767,32767,32767,32767,32767,32767,32767,32767,32767,32767,32767,32767,32767,32767,32767,32767,32767,32767,32767,32767,32767,32767,32767,32767,32767,32767,32767
MYD17A2H.A2010345.h12v02.006.2015214060346.Psn_QC_500m,MYD17A2H,A2010345,Lat65.9255Lon-137.4220833Samp13Line13,2015214060346,Psn_QC_500m,255,255,255,255,255,255,255,255,255,255,255,255,255,255,255,255,255,255,255,255,255,255,255,255,255,255,255,255,255,255,255,255,255,255,255,255,255,255,255,255,255,255,255,255,255,255,255,255,255,255,255,255,255,255,255,255,255,255,255,255,255,255,255,255,255,255,255,255,255,255,255,255,255,255,255,255,255,255,255,255,255,255,255,255,255,255,255,255,255,255,255,255,255,255,255,255,255,255,255,255,255,255,255,255,255,255,255,255,255,255,255,255,255,255,255,255,255,255,255,255,255,255,255,255,255,255,255,255,255,255,255,255,255,255,255,255,255,255,255,255,255,255,255,255,255,255,255,255,255,255,255,255,255,255,255,255,255,255,255,255,255,255,255,255,255,255,255,255,255
MYD17A2H.A2010353.h12v02.006.2015214074645.Gpp_500m,MYD17A2H,A2010353,Lat65.9255Lon-137.4220833Samp13Line13,2015214074645,Gpp_500m,32767,32767,32767,32767,32767,32767,32767,32767,32767,32767,32767,32767,32767,32767,32767,32767,32767,32767,32767,32767,32767,32767,32767,32767,32767,32767,32767,32767,32767,32767,32767,32767,32767,32767,32767,32767,32767,32767,32767,32767,32767,32767,32767,32767,32767,32767,32767,32767,32767,32767,32767,32767,32767,32767,32767,32767,32767,32767,32767,32767,32767,32767,32767,32767,32767,32767,32767,32767,32767,32767,32767,32767,32767,32767,32767,32767,32767,32767,32767,32767,32767,32767,32767,32767,32767,32767,32767,32767,32767,32767,32767,32767,32767,32767,32767,32767,32767,32767,32767,32767,32767,32767,32767,32767,32767,32767,32767,32767,32767,32767,32767,32767,32767,32767,32767,32767,32767,32767,32767,32767,32767,32767,32767,32767,32767,32767,32767,32767,32767,32767,32767,32767,32767,32767,32767,32767,32767,32767,32767,32767,32767,32767,32767,32767,32767,32767,32767,32767,32767,32767,32767,32767,32767,32767,32767,32767,32767,32767,32767,32767,32767,32767,32767,32767,32767,32767,32767,32767,32767
MYD17A2H.A2010353.h12v02.006.2015214074645.PsnNet_500m,MYD17A2H,A2010353,Lat65.9255Lon-137.4220833Samp13Line13,2015214074645,PsnNet_500m,32767,32767,32767,32767,32767,32767,32767,32767,32767,32767,32767,32767,32767,32767,32767,32767,32767,32767,32767,32767,32767,32767,32767,32767,32767,32767,32767,32767,32767,32767,32767,32767,32767,32767,32767,32767,32767,32767,32767,32767,32767,32767,32767,32767,32767,32767,32767,32767,32767,32767,32767,32767,32767,32767,32767,32767,32767,32767,32767,32767,32767,32767,32767,32767,32767,32767,32767,32767,32767,32767,32767,32767,32767,32767,32767,32767,32767,32767,32767,32767,32767,32767,32767,32767,32767,32767,32767,32767,32767,32767,32767,32767,32767,32767,32767,32767,32767,32767,32767,32767,32767,32767,32767,32767,32767,32767,32767,32767,32767,32767,32767,32767,32767,32767,32767,32767,32767,32767,32767,32767,32767,32767,32767,32767,32767,32767,32767,32767,32767,32767,32767,32767,32767,32767,32767,32767,32767,32767,32767,32767,32767,32767,32767,32767,32767,32767,32767,32767,32767,32767,32767,32767,32767,32767,32767,32767,32767,32767,32767,32767,32767,32767,32767,32767,32767,32767,32767,32767,32767
MYD17A2H.A2010353.h12v02.006.2015214074645.Psn_QC_500m,MYD17A2H,A2010353,Lat65.9255Lon-137.4220833Samp13Line13,2015214074645,Psn_QC_500m,255,255,255,255,255,255,255,255,255,255,255,255,255,255,255,255,255,255,255,255,255,255,255,255,255,255,255,255,255,255,255,255,255,255,255,255,255,255,255,255,255,255,255,255,255,255,255,255,255,255,255,255,255,255,255,255,255,255,255,255,255,255,255,255,255,255,255,255,255,255,255,255,255,255,255,255,255,255,255,255,255,255,255,255,255,255,255,255,255,255,255,255,255,255,255,255,255,255,255,255,255,255,255,255,255,255,255,255,255,255,255,255,255,255,255,255,255,255,255,255,255,255,255,255,255,255,255,255,255,255,255,255,255,255,255,255,255,255,255,255,255,255,255,255,255,255,255,255,255,255,255,255,255,255,255,255,255,255,255,255,255,255,255,255,255,255,255,255,255
MYD17A2H.A2010361.h12v02.006.2015216033144.Gpp_500m,MYD17A2H,A2010361,Lat65.9255Lon-137.4220833Samp13Line13,2015216033144,Gpp_500m,32767,32767,32767,32767,32767,32767,32767,32767,32767,32767,32767,32767,32767,32767,32767,32767,32767,32767,32767,32767,32767,32767,32767,32767,32767,32767,32767,32767,32767,32767,32767,32767,32767,32767,32767,32767,32767,32767,32767,32767,32767,32767,32767,32767,32767,32767,32767,32767,32767,32767,32767,32767,32767,32767,32767,32767,32767,32767,32767,32767,32767,32767,32767,32767,32767,32767,32767,32767,32767,32767,32767,32767,32767,32767,32767,32767,32767,32767,32767,32767,32767,32767,32767,32767,32767,32767,32767,32767,32767,32767,32767,32767,32767,32767,32767,32767,32767,32767,32767,32767,32767,32767,32767,32767,32767,32767,32767,32767,32767,32767,32767,32767,32767,32767,32767,32767,32767,32767,32767,32767,32767,32767,32767,32767,32767,32767,32767,32767,32767,32767,32767,32767,32767,32767,32767,32767,32767,32767,32767,32767,32767,32767,32767,32767,32767,32767,32767,32767,32767,32767,32767,32767,32767,32767,32767,32767,32767,32767,32767,32767,32767,32767,32767,32767,32767,32767,32767,32767,32767
MYD17A2H.A2010361.h12v02.006.2015216033144.PsnNet_500m,MYD17A2H,A2010361,Lat65.9255Lon-137.4220833Samp13Line13,2015216033144,PsnNet_500m,32767,32767,32767,32767,32767,32767,32767,32767,32767,32767,32767,32767,32767,32767,32767,32767,32767,32767,32767,32767,32767,32767,32767,32767,32767,32767,32767,32767,32767,32767,32767,32767,32767,32767,32767,32767,32767,32767,32767,32767,32767,32767,32767,32767,32767,32767,32767,32767,32767,32767,32767,32767,32767,32767,32767,32767,32767,32767,32767,32767,32767,32767,32767,32767,32767,32767,32767,32767,32767,32767,32767,32767,32767,32767,32767,32767,32767,32767,32767,32767,32767,32767,32767,32767,32767,32767,32767,32767,32767,32767,32767,32767,32767,32767,32767,32767,32767,32767,32767,32767,32767,32767,32767,32767,32767,32767,32767,32767,32767,32767,32767,32767,32767,32767,32767,32767,32767,32767,32767,32767,32767,32767,32767,32767,32767,32767,32767,32767,32767,32767,32767,32767,32767,32767,32767,32767,32767,32767,32767,32767,32767,32767,32767,32767,32767,32767,32767,32767,32767,32767,32767,32767,32767,32767,32767,32767,32767,32767,32767,32767,32767,32767,32767,32767,32767,32767,32767,32767,32767
MYD17A2H.A2010361.h12v02.006.2015216033144.Psn_QC_500m,MYD17A2H,A2010361,Lat65.9255Lon-137.4220833Samp13Line13,2015216033144,Psn_QC_500m,255,255,255,255,255,255,255,255,255,255,255,255,255,255,255,255,255,255,255,255,255,255,255,255,255,255,255,255,255,255,255,255,255,255,255,255,255,255,255,255,255,255,255,255,255,255,255,255,255,255,255,255,255,255,255,255,255,255,255,255,255,255,255,255,255,255,255,255,255,255,255,255,255,255,255,255,255,255,255,255,255,255,255,255,255,255,255,255,255,255,255,255,255,255,255,255,255,255,255,255,255,255,255,255,255,255,255,255,255,255,255,255,255,255,255,255,255,255,255,255,255,255,255,255,255,255,255,255,255,255,255,255,255,255,255,255,255,255,255,255,255,255,255,255,255,255,255,255,255,255,255,255,255,255,255,255,255,255,255,255,255,255,255,255,255,255,255,255,255
MYD17A2H.A2011001.h12v02.006.2015216150021.Gpp_500m,MYD17A2H,A2011001,Lat65.9255Lon-137.4220833Samp13Line13,2015216150021,Gpp_500m,32767,32767,32767,32767,32767,32767,32767,32767,32767,32767,32767,32767,32767,32767,32767,32767,32767,32767,32767,32767,32767,32767,32767,32767,32767,32767,32767,32767,32767,32767,32767,32767,32767,32767,32767,32767,32767,32767,32767,32767,32767,32767,32767,32767,32767,32767,32767,32767,32767,32767,32767,32767,32767,32767,32767,32767,32767,32767,32767,32767,32767,32767,32767,32767,32767,32767,32767,32767,32767,32767,32767,32767,32767,32767,32767,32767,32767,32767,32767,32767,32767,32767,32767,32767,32767,32767,32767,32767,32767,32767,32767,32767,32767,32767,32767,32767,32767,32767,32767,32767,32767,32767,32767,32767,32767,32767,32767,32767,32767,32767,32767,32767,32767,32767,32767,32767,32767,32767,32767,32767,32767,32767,32767,32767,32767,32767,32767,32767,32767,32767,32767,32767,32767,32767,32767,32767,32767,32767,32767,32767,32767,32767,32767,32767,32767,32767,32767,32767,32767,32767,32767,32767,32767,32767,32767,32767,32767,32767,32767,32767,32767,32767,32767,32767,32767,32767,32767,32767,32767
MYD17A2H.A2011001.h12v02.006.2015216150021.PsnNet_500m,MYD17A2H,A2011001,Lat65.9255Lon-137.4220833Samp13Line13,2015216150021,PsnNet_500m,32767,32767,32767,32767,32767,32767,32767,32767,32767,32767,32767,32767,32767,32767,32767,32767,32767,32767,32767,32767,32767,32767,32767,32767,32767,32767,32767,32767,32767,32767,32767,32767,32767,32767,32767,32767,32767,32767,32767,32767,32767,32767,32767,32767,32767,32767,32767,32767,32767,32767,32767,32767,32767,32767,32767,32767,32767,32767,32767,32767,32767,32767,32767,32767,32767,32767,32767,32767,32767,32767,32767,32767,32767,32767,32767,32767,32767,32767,32767,32767,32767,32767,32767,32767,32767,32767,32767,32767,32767,32767,32767,32767,32767,32767,32767,32767,32767,32767,32767,32767,32767,32767,32767,32767,32767,32767,32767,32767,32767,32767,32767,32767,32767,32767,32767,32767,32767,32767,32767,32767,32767,32767,32767,32767,32767,32767,32767,32767,32767,32767,32767,32767,32767,32767,32767,32767,32767,32767,32767,32767,32767,32767,32767,32767,32767,32767,32767,32767,32767,32767,32767,32767,32767,32767,32767,32767,32767,32767,32767,32767,32767,32767,32767,32767,32767,32767,32767,32767,32767
MYD17A2H.A2011001.h12v02.006.2015216150021.Psn_QC_500m,MYD17A2H,A2011001,Lat65.9255Lon-137.4220833Samp13Line13,2015216150021,Psn_QC_500m,255,255,255,255,255,255,255,255,255,255,255,255,255,255,255,255,255,255,255,255,255,255,255,255,255,255,255,255,255,255,255,255,255,255,255,255,255,255,255,255,255,255,255,255,255,255,255,255,255,255,255,255,255,255,255,255,255,255,255,255,255,255,255,255,255,255,255,255,255,255,255,255,255,255,255,255,255,255,255,255,255,255,255,255,255,255,255,255,255,255,255,255,255,255,255,255,255,255,255,255,255,255,255,255,255,255,255,255,255,255,255,255,255,255,255,255,255,255,255,255,255,255,255,255,255,255,255,255,255,255,255,255,255,255,255,255,255,255,255,255,255,255,255,255,255,255,255,255,255,255,255,255,255,255,255,255,255,255,255,255,255,255,255,255,255,255,255,255,255
MYD17A2H.A2011009.h12v02.006.2015216170753.Gpp_500m,MYD17A2H,A2011009,Lat65.9255Lon-137.4220833Samp13Line13,2015216170753,Gpp_500m,32767,32767,32767,32767,32767,32767,32767,32767,32767,32767,32767,32767,32767,32767,32767,32767,32767,32767,32767,32767,32767,32767,32767,32767,32767,32767,32767,32767,32767,32767,32767,32767,32767,32767,32767,32767,32767,32767,32767,32767,32767,32767,32767,32767,32767,32767,32767,32767,32767,32767,32767,32767,32767,32767,32767,32767,32767,32767,32767,32767,32767,32767,32767,32767,32767,32767,32767,32767,32767,32767,32767,32767,32767,32767,32767,32767,32767,32767,32767,32767,32767,32767,32767,32767,32767,32767,32767,32767,32767,32767,32767,32767,32767,32767,32767,32767,32767,32767,32767,32767,32767,32767,32767,32767,32767,32767,32767,32767,32767,32767,32767,32767,32767,32767,32767,32767,32767,32767,32767,32767,32767,32767,32767,32767,32767,32767,32767,32767,32767,32767,32767,32767,32767,32767,32767,32767,32767,32767,32767,32767,32767,32767,32767,32767,32767,32767,32767,32767,32767,32767,32767,32767,32767,32767,32767,32767,32767,32767,32767,32767,32767,32767,32767,32767,32767,32767,32767,32767,32767
MYD17A2H.A2011009.h12v02.006.2015216170753.PsnNet_500m,MYD17A2H,A2011009,Lat65.9255Lon-137.4220833Samp13Line13,2015216170753,PsnNet_500m,32767,32767,32767,32767,32767,32767,32767,32767,32767,32767,32767,32767,32767,32767,32767,32767,32767,32767,32767,32767,32767,32767,32767,32767,32767,32767,32767,32767,32767,32767,32767,32767,32767,32767,32767,32767,32767,32767,32767,32767,32767,32767,32767,32767,32767,32767,32767,32767,32767,32767,32767,32767,32767,32767,32767,32767,32767,32767,32767,32767,32767,32767,32767,32767,32767,32767,32767,32767,32767,32767,32767,32767,32767,32767,32767,32767,32767,32767,32767,32767,32767,32767,32767,32767,32767,32767,32767,32767,32767,32767,32767,32767,32767,32767,32767,32767,32767,32767,32767,32767,32767,32767,32767,32767,32767,32767,32767,32767,32767,32767,32767,32767,32767,32767,32767,32767,32767,32767,32767,32767,32767,32767,32767,32767,32767,32767,32767,32767,32767,32767,32767,32767,32767,32767,32767,32767,32767,32767,32767,32767,32767,32767,32767,32767,32767,32767,32767,32767,32767,32767,32767,32767,32767,32767,32767,32767,32767,32767,32767,32767,32767,32767,32767,32767,32767,32767,32767,32767,32767
MYD17A2H.A2011009.h12v02.006.2015216170753.Psn_QC_500m,MYD17A2H,A2011009,Lat65.9255Lon-137.4220833Samp13Line13,2015216170753,Psn_QC_500m,255,255,255,255,255,255,255,255,255,255,255,255,255,255,255,255,255,255,255,255,255,255,255,255,255,255,255,255,255,255,255,255,255,255,255,255,255,255,255,255,255,255,255,255,255,255,255,255,255,255,255,255,255,255,255,255,255,255,255,255,255,255,255,255,255,255,255,255,255,255,255,255,255,255,255,255,255,255,255,255,255,255,255,255,255,255,255,255,255,255,255,255,255,255,255,255,255,255,255,255,255,255,255,255,255,255,255,255,255,255,255,255,255,255,255,255,255,255,255,255,255,255,255,255,255,255,255,255,255,255,255,255,255,255,255,255,255,255,255,255,255,255,255,255,255,255,255,255,255,255,255,255,255,255,255,255,255,255,255,255,255,255,255,255,255,255,255,255,255
MYD17A2H.A2011017.h12v02.006.2015216180027.Gpp_500m,MYD17A2H,A2011017,Lat65.9255Lon-137.4220833Samp13Line13,2015216180027,Gpp_500m,0,0,0,0,0,0,0,0,0,0,0,0,0,0,0,0,0,0,0,0,0,0,0,0,0,0,0,0,0,0,0,0,0,0,0,0,0,0,0,0,0,0,0,0,0,0,0,0,0,0,0,0,0,0,0,0,0,0,0,0,0,0,0,0,0,0,0,0,0,0,0,0,0,0,0,0,0,0,0,0,0,0,0,0,0,0,0,0,0,0,0,0,0,0,0,0,0,0,0,0,0,0,0,0,0,0,0,0,0,0,0,0,0,0,0,0,0,0,0,0,0,0,0,0,0,0,0,0,0,0,0,0,0,0,0,0,0,0,0,0,0,0,0,0,0,0,0,0,0,0,0,0,0,0,0,0,0,0,0,0,0,0,0,0,0,0,0,0,0
MYD17A2H.A2011017.h12v02.006.2015216180027.PsnNet_500m,MYD17A2H,A2011017,Lat65.9255Lon-137.4220833Samp13Line13,2015216180027,PsnNet_500m,0,0,0,0,0,0,0,0,0,0,0,0,0,0,0,0,0,0,0,0,0,0,0,0,0,0,0,0,0,0,0,0,0,0,0,0,0,0,0,0,0,0,0,0,0,0,0,0,0,0,0,0,0,0,0,0,0,0,0,0,0,0,0,0,0,0,0,0,0,0,0,0,0,0,0,0,0,0,0,0,0,0,0,0,0,0,0,0,0,0,0,0,0,0,0,0,0,0,0,0,0,0,0,0,0,0,0,0,0,0,0,0,0,0,0,0,0,0,0,0,0,0,0,0,0,0,0,0,0,0,0,0,0,0,0,0,0,0,0,0,0,0,0,0,0,0,0,0,0,0,0,0,0,0,0,0,0,0,0,0,0,0,0,0,0,0,0,0,0
MYD17A2H.A2011017.h12v02.006.2015216180027.Psn_QC_500m,MYD17A2H,A2011017,Lat65.9255Lon-137.4220833Samp13Line13,2015216180027,Psn_QC_500m,67,67,67,67,67,67,75,75,75,75,75,67,75,67,67,75,75,75,75,75,75,75,75,75,75,75,67,67,67,67,75,75,75,75,67,75,75,75,75,67,67,67,75,67,67,67,67,67,75,67,67,67,67,75,75,67,67,67,67,67,75,75,75,75,75,75,67,67,75,75,75,75,75,75,75,75,75,75,75,75,75,75,75,75,75,75,75,75,75,75,75,75,67,67,67,67,67,75,75,75,75,75,75,75,67,67,67,67,67,67,75,75,75,75,75,75,75,67,75,75,67,75,75,75,75,75,75,75,75,75,75,75,75,75,75,75,67,67,75,75,75,75,75,67,67,75,75,67,67,67,67,75,83,83,83,83,75,83,67,67,67,67,67,67,67,83,67,67,67
MYD17A2H.A2011025.h12v02.006.2015216184228.Gpp_500m,MYD17A2H,A2011025,Lat65.9255Lon-137.4220833Samp13Line13,2015216184228,Gpp_500m,0,0,0,0,0,0,0,0,0,0,0,0,0,0,0,0,0,0,0,0,0,0,0,0,0,0,0,0,0,0,0,0,0,0,0,0,0,0,0,0,0,0,0,0,0,0,0,0,0,0,0,0,0,0,0,0,0,0,0,0,0,0,0,0,0,0,0,0,0,0,0,0,0,0,0,0,0,0,0,0,0,0,0,0,0,0,0,0,0,0,0,0,0,0,0,0,0,0,0,0,0,0,0,0,0,0,0,0,0,0,0,0,0,0,0,0,0,0,0,0,0,0,0,0,0,0,0,0,0,0,0,0,0,0,0,0,0,0,0,0,0,0,0,0,0,0,0,0,0,0,0,0,0,0,0,0,0,0,0,0,0,0,0,0,0,0,0,0,0
MYD17A2H.A2011025.h12v02.006.2015216184228.PsnNet_500m,MYD17A2H,A2011025,Lat65.9255Lon-137.4220833Samp13Line13,2015216184228,PsnNet_500m,0,0,0,0,0,0,0,0,0,0,0,0,0,0,0,0,0,0,0,0,0,0,0,0,0,0,0,0,0,0,0,0,0,0,0,0,0,0,0,0,0,0,0,0,0,0,0,0,0,0,0,0,0,0,0,0,0,0,0,0,0,0,0,0,0,0,0,0,0,0,0,0,0,0,0,0,0,0,0,0,0,0,0,0,0,0,0,0,0,0,0,0,0,0,0,0,0,0,0,0,0,0,0,0,0,0,0,0,0,0,0,0,0,0,0,0,0,0,0,0,0,0,0,0,0,0,0,0,0,0,0,0,0,0,0,0,0,0,0,0,0,0,0,0,0,0,0,0,0,0,0,0,0,0,0,0,0,0,0,0,0,0,0,0,0,0,0,0,0
MYD17A2H.A2011025.h12v02.006.2015216184228.Psn_QC_500m,MYD17A2H,A2011025,Lat65.9255Lon-137.4220833Samp13Line13,2015216184228,Psn_QC_500m,67,67,67,67,67,67,67,67,67,67,67,67,67,67,67,67,67,67,67,67,67,67,67,67,75,75,67,67,67,75,67,67,67,67,67,67,67,67,67,67,67,75,75,67,67,67,67,67,67,67,75,75,67,67,67,67,75,75,75,75,67,67,67,67,75,75,75,75,75,67,67,75,75,75,75,75,75,75,75,67,75,67,75,75,75,75,75,75,75,67,75,75,75,75,67,67,75,67,67,67,67,75,67,75,75,75,67,67,67,67,75,75,67,75,75,75,75,67,67,67,67,67,75,75,75,75,75,75,67,67,75,75,67,67,67,67,67,75,75,67,75,75,75,67,67,67,67,67,67,67,67,67,75,67,67,67,75,75,67,67,67,67,67,67,67,67,67,67,67
MYD17A2H.A2011033.h12v02.006.2015216201745.Gpp_500m,MYD17A2H,A2011033,Lat65.9255Lon-137.4220833Samp13Line13,2015216201745,Gpp_500m,0,0,0,0,0,0,0,0,0,0,0,0,0,0,0,0,0,0,0,0,0,0,0,0,0,0,0,0,0,0,0,0,0,0,0,0,0,0,0,0,0,0,0,0,0,0,0,0,0,0,0,0,0,0,0,0,0,0,0,0,0,0,0,0,0,0,0,0,0,0,0,0,0,0,0,0,0,0,0,0,0,0,0,0,0,0,0,0,0,0,0,0,0,0,0,0,0,0,0,0,0,0,0,0,0,0,0,0,0,0,0,0,0,0,0,0,0,0,0,0,0,0,0,0,0,0,0,0,0,0,0,0,0,0,0,0,0,0,0,0,0,0,0,0,0,0,0,0,0,0,0,0,0,0,0,0,0,0,0,0,0,0,0,0,0,0,0,0,0
MYD17A2H.A2011033.h12v02.006.2015216201745.PsnNet_500m,MYD17A2H,A2011033,Lat65.9255Lon-137.4220833Samp13Line13,2015216201745,PsnNet_500m,0,0,0,0,0,0,0,0,0,0,0,0,0,0,0,0,0,0,0,0,0,0,0,0,0,0,0,0,0,0,0,0,0,0,0,0,0,0,0,0,0,0,0,0,0,0,0,0,0,0,0,0,0,0,0,0,0,0,0,0,0,0,0,0,0,0,0,0,0,0,0,0,0,0,0,0,0,0,0,0,0,0,0,0,0,0,0,0,0,0,0,0,0,0,0,0,0,0,0,0,0,0,0,0,0,0,0,0,0,0,0,0,0,0,0,0,0,0,0,0,0,0,0,0,0,0,0,0,0,0,0,0,0,0,0,0,0,0,0,0,0,0,0,0,0,0,0,0,0,0,0,0,0,0,0,0,0,0,0,0,0,0,0,0,0,0,0,0,0
MYD17A2H.A2011033.h12v02.006.2015216201745.Psn_QC_500m,MYD17A2H,A2011033,Lat65.9255Lon-137.4220833Samp13Line13,2015216201745,Psn_QC_500m,67,67,67,67,67,67,67,67,67,67,67,67,67,67,67,67,67,67,67,67,67,67,67,67,67,67,67,67,67,67,67,67,67,67,67,67,67,67,67,67,67,67,67,67,67,67,67,67,67,67,67,67,67,67,67,67,67,67,67,67,67,67,67,67,67,67,67,67,67,67,67,67,67,67,67,67,67,67,67,67,67,67,67,67,67,67,67,67,67,67,67,67,67,67,67,67,67,67,67,67,67,67,67,67,67,67,67,67,67,67,67,67,67,67,67,67,67,67,67,67,67,67,67,67,67,67,67,67,67,67,67,67,67,67,67,67,67,67,67,67,67,67,67,67,67,67,67,67,67,67,67,67,67,75,75,67,67,67,67,67,67,67,67,67,75,67,67,67,67
MYD17A2H.A2011041.h12v02.006.2015216224107.Gpp_500m,MYD17A2H,A2011041,Lat65.9255Lon-137.4220833Samp13Line13,2015216224107,Gpp_500m,0,0,0,0,0,0,0,0,0,0,0,0,0,0,0,0,0,0,0,0,0,0,0,0,0,0,0,0,0,0,0,0,0,0,0,0,0,0,0,0,0,0,0,0,0,0,0,0,0,0,0,0,0,0,0,0,0,0,0,0,0,0,0,0,0,0,0,0,0,0,0,0,0,0,0,0,0,0,0,0,0,0,0,0,0,0,0,0,0,0,0,0,0,0,0,0,0,0,0,0,0,0,0,0,0,0,0,0,0,0,0,0,0,0,0,0,0,0,0,0,0,0,0,0,0,0,0,0,0,0,0,0,0,0,0,0,0,0,0,0,0,0,0,0,0,0,0,0,0,0,0,0,0,0,0,0,0,0,0,0,0,0,0,0,0,0,0,0,0
MYD17A2H.A2011041.h12v02.006.2015216224107.PsnNet_500m,MYD17A2H,A2011041,Lat65.9255Lon-137.4220833Samp13Line13,2015216224107,PsnNet_500m,0,0,0,0,0,0,0,0,0,0,0,0,0,0,0,0,0,0,0,0,0,0,0,0,0,0,0,0,0,0,0,0,0,0,0,0,0,0,0,0,0,0,0,0,0,0,0,0,0,0,0,0,0,0,0,0,0,0,0,0,0,0,0,0,0,0,0,0,0,0,0,0,0,0,0,0,0,0,0,0,0,0,0,0,0,0,0,0,0,0,0,0,0,0,0,0,0,0,0,0,0,0,0,0,0,0,0,0,0,0,0,0,0,0,0,0,0,0,0,0,0,0,0,0,0,0,0,0,0,0,0,0,0,0,0,0,0,0,0,0,0,0,0,0,0,0,0,0,0,0,0,0,0,0,0,0,0,0,0,0,0,0,0,0,0,0,0,0,0
MYD17A2H.A2011041.h12v02.006.2015216224107.Psn_QC_500m,MYD17A2H,A2011041,Lat65.9255Lon-137.4220833Samp13Line13,2015216224107,Psn_QC_500m,67,67,67,67,67,67,67,67,67,67,67,67,67,67,67,67,67,67,67,67,67,67,67,67,67,67,67,67,67,67,67,67,67,67,67,67,67,67,67,67,67,67,67,67,67,67,67,67,67,67,67,67,67,67,67,67,67,67,67,67,67,67,67,67,67,67,75,67,67,67,67,67,67,67,67,67,67,67,67,67,67,67,67,67,67,67,67,67,67,67,67,67,67,67,67,67,67,67,67,67,67,67,67,67,67,67,67,67,67,67,67,67,67,67,67,67,67,67,67,67,67,67,67,67,67,67,67,67,67,67,67,67,67,67,67,67,67,67,67,67,67,67,67,67,67,67,67,67,67,67,67,67,67,67,67,67,67,67,67,67,67,67,67,67,67,67,67,67,67
MYD17A2H.A2011049.h12v02.006.2015217010322.Gpp_500m,MYD17A2H,A2011049,Lat65.9255Lon-137.4220833Samp13Line13,2015217010322,Gpp_500m,0,0,0,0,0,0,0,0,0,0,0,0,0,0,0,0,0,0,0,0,0,0,0,0,0,0,0,0,0,0,0,0,0,0,0,0,0,0,0,0,0,0,0,0,0,0,0,0,0,0,0,0,0,0,0,0,0,0,0,0,0,0,0,0,0,0,0,0,0,0,0,0,0,0,0,0,0,0,0,0,0,0,0,0,0,0,0,0,0,0,0,0,0,0,0,0,0,0,0,0,0,0,0,0,0,0,0,0,0,0,0,0,0,0,0,0,0,0,0,0,0,0,0,0,0,0,0,0,0,0,0,0,0,0,0,0,0,0,0,0,0,0,0,0,0,0,0,0,0,0,0,0,0,0,0,0,0,0,0,0,0,0,0,0,0,0,0,0,0
MYD17A2H.A2011049.h12v02.006.2015217010322.PsnNet_500m,MYD17A2H,A2011049,Lat65.9255Lon-137.4220833Samp13Line13,2015217010322,PsnNet_500m,0,0,0,0,0,0,0,0,0,0,0,0,0,0,0,0,0,0,0,0,0,0,0,0,0,0,0,0,0,0,0,0,0,0,0,0,0,0,0,0,0,0,0,0,0,0,0,0,0,0,0,0,0,0,0,0,0,0,0,0,0,0,0,0,0,0,0,0,0,0,0,0,0,0,0,0,0,0,0,0,0,0,0,0,0,0,0,0,0,0,0,0,0,0,0,0,0,0,0,0,0,0,0,0,0,0,0,0,0,0,0,0,0,0,0,0,0,0,0,0,0,0,0,0,0,0,0,0,0,0,0,0,0,0,0,0,0,0,0,0,0,0,0,0,0,0,0,0,0,0,0,0,0,0,0,0,0,0,0,0,0,0,0,0,0,0,0,0,0
MYD17A2H.A2011049.h12v02.006.2015217010322.Psn_QC_500m,MYD17A2H,A2011049,Lat65.9255Lon-137.4220833Samp13Line13,2015217010322,Psn_QC_500m,75,67,83,83,83,83,83,75,75,75,83,83,83,75,67,83,83,83,83,83,83,83,83,83,67,67,67,67,67,67,67,83,83,83,67,67,67,67,67,67,67,67,67,67,67,75,83,83,83,83,83,83,83,75,83,83,83,83,83,83,83,83,83,83,83,83,83,75,83,67,83,83,83,83,83,67,83,83,67,67,83,83,83,67,67,67,67,83,83,75,75,83,83,75,75,83,83,83,75,75,75,75,75,75,75,75,83,83,83,83,75,75,75,75,75,75,75,75,75,75,75,75,75,75,75,75,75,75,75,75,75,75,75,75,75,75,75,75,75,75,75,75,75,75,75,75,75,75,75,75,75,75,83,75,75,75,67,75,75,75,75,75,75,75,75,75,75,75,75
MYD17A2H.A2011057.h12v02.006.2015217030505.Gpp_500m,MYD17A2H,A2011057,Lat65.9255Lon-137.4220833Samp13Line13,2015217030505,Gpp_500m,0,0,0,0,0,0,0,0,0,0,0,0,0,0,0,0,0,0,0,0,0,0,0,0,0,0,0,0,0,0,0,0,0,0,0,0,0,0,0,0,0,0,0,0,0,0,0,0,0,0,0,0,0,0,0,0,0,0,0,0,0,0,0,0,0,0,0,0,0,0,0,0,0,0,0,0,0,0,0,0,0,0,0,0,0,0,0,0,0,0,0,0,0,0,0,0,0,0,0,0,0,0,0,0,0,0,0,0,0,0,0,0,0,0,0,0,0,0,0,0,0,0,0,0,0,0,0,0,0,0,0,0,0,0,0,0,0,0,0,0,0,0,0,0,0,0,0,0,0,0,0,0,0,0,0,0,0,0,0,0,0,0,0,0,0,0,0,0,0
MYD17A2H.A2011057.h12v02.006.2015217030505.PsnNet_500m,MYD17A2H,A2011057,Lat65.9255Lon-137.4220833Samp13Line13,2015217030505,PsnNet_500m,0,0,0,0,0,0,0,0,0,0,0,0,0,0,0,0,0,0,0,0,0,0,0,0,0,0,0,0,0,0,0,0,0,0,0,0,0,0,0,0,0,0,0,0,0,0,0,0,0,0,0,0,0,0,0,0,0,0,0,0,0,0,0,0,0,0,0,0,0,0,0,0,0,0,0,0,0,0,0,0,0,0,0,0,0,0,0,0,0,0,0,0,0,0,0,0,0,0,0,0,0,0,0,0,0,0,0,0,0,0,0,0,0,0,0,0,0,0,0,0,0,0,0,0,0,0,0,0,0,0,0,0,0,0,0,0,0,0,0,0,0,0,0,0,0,0,0,0,0,0,0,0,0,0,0,0,0,0,0,0,0,0,0,0,0,0,0,0,0
MYD17A2H.A2011057.h12v02.006.2015217030505.Psn_QC_500m,MYD17A2H,A2011057,Lat65.9255Lon-137.4220833Samp13Line13,2015217030505,Psn_QC_500m,67,67,67,67,67,67,67,67,67,67,67,67,67,67,67,67,67,67,67,67,67,67,67,67,67,67,75,67,67,67,75,75,67,67,75,67,67,67,67,67,75,75,75,75,67,67,67,67,75,75,67,67,67,67,67,67,67,67,67,67,67,67,67,67,67,67,67,67,67,67,67,67,67,67,67,67,67,75,67,67,67,67,67,67,67,67,67,67,75,75,75,67,67,67,67,67,67,67,67,75,67,67,67,67,67,67,67,67,67,67,67,67,67,67,67,67,67,67,67,67,67,67,67,67,67,67,67,67,75,75,67,67,67,67,75,67,67,67,67,75,75,67,67,67,67,67,67,67,67,75,75,67,75,75,67,67,67,67,67,67,67,67,67,67,67,67,67,67,67
MYD17A2H.A2011065.h12v02.006.2015217050136.Gpp_500m,MYD17A2H,A2011065,Lat65.9255Lon-137.4220833Samp13Line13,2015217050136,Gpp_500m,0,0,0,0,0,0,0,0,0,0,0,0,0,0,0,0,0,0,0,0,0,0,0,0,0,0,0,0,0,0,0,0,0,0,0,0,0,0,0,0,0,0,0,0,0,0,0,0,0,0,0,0,0,0,0,0,0,0,0,0,0,0,0,0,0,0,0,0,0,0,0,0,0,0,0,0,0,0,0,0,0,0,0,0,0,0,0,0,0,0,0,0,0,0,0,0,0,0,0,0,0,0,0,0,0,0,0,0,0,0,0,0,0,0,0,0,0,0,0,0,0,0,0,0,0,0,0,0,0,0,0,0,0,0,0,0,0,0,0,0,0,0,0,0,0,0,0,0,0,0,0,0,0,0,0,0,0,0,0,0,0,0,0,0,0,0,0,0,0
MYD17A2H.A2011065.h12v02.006.2015217050136.PsnNet_500m,MYD17A2H,A2011065,Lat65.9255Lon-137.4220833Samp13Line13,2015217050136,PsnNet_500m,0,0,0,0,0,0,0,0,0,0,0,0,0,0,0,0,0,0,0,0,0,0,0,0,0,0,0,0,0,0,0,0,0,0,0,0,0,0,0,0,0,0,0,0,0,0,0,0,0,0,0,0,0,0,0,0,0,0,0,0,0,0,0,0,0,0,0,0,0,0,0,0,0,0,0,0,0,0,0,0,0,0,0,0,0,0,0,0,0,0,0,0,0,0,0,0,0,0,0,0,0,0,0,0,0,0,0,0,0,0,0,0,0,0,0,0,0,0,0,0,0,0,0,0,0,0,0,0,0,0,0,0,0,0,0,0,0,0,0,0,0,0,0,0,0,0,0,0,0,0,0,0,0,0,0,0,0,0,0,0,0,0,0,0,0,0,0,0,0
MYD17A2H.A2011065.h12v02.006.2015217050136.Psn_QC_500m,MYD17A2H,A2011065,Lat65.9255Lon-137.4220833Samp13Line13,2015217050136,Psn_QC_500m,67,67,2,67,67,67,2,2,2,2,2,2,2,67,67,10,2,2,2,2,2,2,2,2,2,10,2,2,2,2,2,2,2,2,2,2,2,2,10,10,2,2,2,10,10,2,2,2,2,2,2,2,2,2,2,2,2,2,2,2,2,2,2,2,2,2,2,2,2,2,2,2,75,67,2,2,2,2,67,83,2,2,2,2,2,2,2,2,2,2,2,2,2,67,67,67,67,2,2,2,2,2,2,2,75,67,67,67,67,2,2,2,2,67,2,2,2,2,67,67,2,2,2,2,2,2,2,2,2,2,2,67,67,2,2,2,2,2,2,2,2,2,2,67,67,67,67,67,67,67,67,2,2,2,2,2,67,67,67,75,67,67,67,67,67,67,2,2,2
MYD17A2H.A2011073.h12v02.006.2015217122831.Gpp_500m,MYD17A2H,A2011073,Lat65.9255Lon-137.4220833Samp13Line13,2015217122831,Gpp_500m,0,0,0,0,0,0,0,0,0,0,0,0,0,0,0,0,0,0,0,0,0,0,0,0,0,0,0,0,0,0,0,0,0,0,0,0,0,0,0,0,0,0,0,0,0,0,0,0,0,0,0,0,0,0,0,0,0,0,0,0,0,0,0,0,0,0,0,0,0,0,0,0,0,0,0,0,0,0,0,0,0,0,0,0,0,0,0,0,0,0,0,0,0,0,0,0,0,0,0,0,0,0,0,0,0,0,0,0,0,0,0,0,0,0,0,0,0,0,0,0,0,0,0,0,0,0,0,0,0,0,0,0,0,0,0,0,0,0,0,0,0,0,0,0,0,0,0,0,0,0,0,0,0,0,0,0,0,0,0,0,0,0,0,0,0,0,0,0,0
MYD17A2H.A2011073.h12v02.006.2015217122831.PsnNet_500m,MYD17A2H,A2011073,Lat65.9255Lon-137.4220833Samp13Line13,2015217122831,PsnNet_500m,0,0,0,0,0,0,0,0,0,0,0,0,0,0,0,0,0,0,0,0,0,0,0,0,0,0,0,0,0,0,0,0,0,0,0,0,0,0,0,0,0,0,0,0,0,0,0,0,0,0,0,0,0,0,0,0,0,0,0,0,0,0,0,0,0,0,0,0,0,0,0,0,0,0,0,0,0,0,0,0,0,0,0,0,0,0,0,0,0,0,0,0,0,0,0,0,0,0,0,0,0,0,0,0,0,0,0,0,0,0,0,0,0,0,0,0,0,0,0,0,0,0,0,0,0,0,0,0,0,0,0,0,0,0,0,0,0,0,0,0,0,0,0,0,0,0,0,0,0,0,0,0,0,0,0,0,0,0,0,0,0,0,0,0,0,0,0,0,0
MYD17A2H.A2011073.h12v02.006.2015217122831.Psn_QC_500m,MYD17A2H,A2011073,Lat65.9255Lon-137.4220833Samp13Line13,2015217122831,Psn_QC_500m,99,75,2,10,10,10,10,10,10,10,10,10,10,107,10,10,2,2,10,10,10,10,10,10,2,2,10,2,10,10,10,2,2,2,10,10,10,2,10,2,10,10,2,2,2,10,10,10,10,10,10,2,10,10,10,10,10,2,2,2,2,2,2,2,2,2,2,2,2,2,2,2,2,99,2,2,2,2,2,99,2,2,2,2,2,2,2,2,99,107,2,2,2,99,107,99,2,99,2,2,2,2,2,107,99,99,99,99,99,107,107,2,2,107,107,2,2,10,10,107,107,99,2,10,107,2,2,2,2,10,2,2,99,99,99,99,2,99,99,99,2,107,10,99,99,99,99,99,99,99,107,2,2,2,2,2,107,107,99,75,99,107,107,99,107,2,2,2,2
MYD17A2H.A2011081.h12v02.006.2015217125835.Gpp_500m,MYD17A2H,A2011081,Lat65.9255Lon-137.4220833Samp13Line13,2015217125835,Gpp_500m,0,0,0,0,0,0,0,0,0,0,0,0,0,0,0,0,0,0,0,0,0,0,0,0,0,0,0,0,0,0,0,0,0,0,0,0,0,0,0,0,0,0,0,0,0,0,0,0,0,0,0,0,0,0,0,0,0,0,0,0,0,0,0,0,0,0,0,0,0,0,0,0,0,0,0,0,0,0,0,0,0,0,0,0,0,0,0,0,0,0,0,0,0,0,0,0,0,0,0,0,0,0,0,0,0,0,0,0,0,0,0,0,0,0,0,0,0,0,0,0,0,0,0,0,0,0,0,0,0,0,0,0,0,0,0,0,0,0,0,0,0,0,0,0,0,0,0,0,0,0,0,0,0,0,0,0,0,0,0,0,0,0,0,0,0,0,0,0,0
MYD17A2H.A2011081.h12v02.006.2015217125835.PsnNet_500m,MYD17A2H,A2011081,Lat65.9255Lon-137.4220833Samp13Line13,2015217125835,PsnNet_500m,0,0,0,0,0,0,0,0,0,0,0,0,0,0,0,0,0,0,0,0,0,0,0,0,0,0,0,0,0,0,0,0,0,0,0,0,0,0,0,0,0,0,0,0,0,0,0,0,0,0,0,0,0,0,0,0,0,0,0,0,0,0,0,0,0,0,0,0,0,0,0,0,0,0,0,0,0,0,0,0,0,0,0,0,0,0,0,0,0,0,0,0,0,0,0,0,0,0,0,0,0,0,0,0,0,0,0,0,0,0,0,0,0,0,0,0,0,0,0,0,0,0,0,0,0,0,0,0,0,0,0,0,0,0,0,0,0,0,0,0,0,0,0,0,0,0,0,0,0,0,0,0,0,0,0,0,0,0,0,0,0,0,0,0,0,0,0,0,0
MYD17A2H.A2011081.h12v02.006.2015217125835.Psn_QC_500m,MYD17A2H,A2011081,Lat65.9255Lon-137.4220833Samp13Line13,2015217125835,Psn_QC_500m,99,2,2,2,99,99,2,2,2,2,2,99,99,99,99,2,10,2,2,2,2,2,2,2,2,2,2,2,2,2,2,2,2,2,2,2,2,2,10,2,2,2,2,2,2,2,2,2,2,2,2,2,2,2,2,2,2,2,2,2,2,2,2,2,2,10,2,2,2,2,2,2,10,10,2,2,2,2,10,99,99,99,99,99,2,2,2,2,2,10,2,99,99,99,10,10,10,2,2,2,2,2,2,99,99,99,99,99,99,99,2,2,2,99,2,2,99,99,99,99,99,99,2,2,2,2,2,2,2,99,2,99,99,99,99,99,99,99,99,99,99,10,10,99,99,99,99,99,99,99,99,10,2,2,2,2,99,99,99,99,99,10,2,2,2,2,2,2,2
MYD17A2H.A2011089.h12v02.006.2015217131925.Gpp_500m,MYD17A2H,A2011089,Lat65.9255Lon-137.4220833Samp13Line13,2015217131925,Gpp_500m,0,0,0,0,0,0,1,1,1,0,0,0,0,0,0,1,1,1,1,0,0,0,0,0,0,0,1,1,1,0,0,1,1,1,0,0,0,0,0,0,0,0,0,0,0,0,0,0,0,0,0,0,0,0,0,0,0,0,0,0,0,0,0,0,0,0,0,0,0,0,0,0,0,0,0,0,0,0,0,0,0,0,0,0,0,0,0,0,0,0,0,0,0,0,0,0,0,0,0,0,0,0,0,0,0,0,0,0,0,0,0,0,0,0,0,0,0,0,0,0,0,0,0,0,0,0,0,0,0,0,0,0,0,0,0,0,0,0,0,0,0,0,0,0,0,0,0,0,0,0,0,0,0,0,0,0,0,0,0,0,0,0,0,0,0,0,0,0,0
MYD17A2H.A2011089.h12v02.006.2015217131925.PsnNet_500m,MYD17A2H,A2011089,Lat65.9255Lon-137.4220833Samp13Line13,2015217131925,PsnNet_500m,0,0,0,0,0,0,0,0,0,0,0,0,0,0,0,0,0,0,0,0,0,0,0,0,0,0,0,0,1,0,0,0,0,0,0,0,0,0,0,0,0,0,0,0,0,0,0,0,0,0,0,0,0,0,0,0,0,0,0,0,0,0,0,0,0,0,0,0,0,0,0,0,0,0,0,0,0,0,0,0,0,0,0,0,0,0,0,0,0,0,0,0,0,0,0,0,0,0,0,0,0,0,0,0,0,0,0,0,0,0,0,0,0,0,0,0,0,0,0,0,0,0,0,0,0,0,0,0,0,0,0,0,0,0,0,0,0,0,0,0,0,0,0,0,0,0,0,0,0,0,0,0,0,0,0,0,0,0,0,0,0,0,0,0,0,0,0,0,0
MYD17A2H.A2011089.h12v02.006.2015217131925.Psn_QC_500m,MYD17A2H,A2011089,Lat65.9255Lon-137.4220833Samp13Line13,2015217131925,Psn_QC_500m,2,99,99,2,10,10,2,2,2,2,99,10,10,99,99,2,2,2,2,2,2,10,10,10,99,99,2,2,2,10,2,2,2,2,99,99,99,99,2,2,10,2,2,2,2,2,99,99,2,99,99,99,99,107,2,2,2,99,99,99,99,99,99,99,99,2,2,2,99,99,99,99,99,99,99,2,2,2,99,99,99,99,99,107,99,2,2,2,99,99,2,99,99,99,99,99,99,99,2,2,99,99,2,99,99,99,99,10,10,99,99,2,2,99,99,99,10,99,99,99,99,99,99,99,10,99,99,99,99,99,10,10,10,10,10,99,99,99,10,10,10,10,10,99,10,99,99,99,10,99,99,99,10,10,2,2,10,10,99,99,99,99,99,99,99,99,99,99,10
MYD17A2H.A2011097.h12v02.006.2015218173156.Gpp_500m,MYD17A2H,A2011097,Lat65.9255Lon-137.4220833Samp13Line13,2015218173156,Gpp_500m,0,0,0,0,0,0,0,0,0,0,0,0,0,0,0,0,0,0,0,0,0,0,0,0,0,0,0,0,0,0,0,0,0,0,0,0,0,0,0,0,0,0,0,0,0,0,0,0,0,0,0,0,0,0,0,0,0,0,0,0,0,0,0,0,0,0,0,0,0,0,0,0,0,0,0,0,0,0,0,0,0,0,0,0,0,0,0,0,0,0,0,0,0,0,0,0,0,0,0,0,0,0,0,0,0,0,0,0,0,0,0,0,0,0,0,0,0,0,0,0,0,0,0,0,0,0,0,0,0,0,0,0,0,0,0,0,0,0,0,0,0,0,0,0,0,0,0,0,0,0,0,0,0,0,0,0,0,0,0,0,0,0,0,0,0,0,0,0,0
MYD17A2H.A2011097.h12v02.006.2015218173156.PsnNet_500m,MYD17A2H,A2011097,Lat65.9255Lon-137.4220833Samp13Line13,2015218173156,PsnNet_500m,0,0,0,0,0,0,0,0,0,0,0,0,0,0,0,0,0,0,0,0,0,0,0,0,0,0,0,0,0,0,0,0,0,0,0,0,0,0,0,0,0,0,0,0,0,0,0,0,0,0,0,0,0,0,0,0,0,0,0,0,0,0,0,0,0,0,0,0,0,0,0,0,0,0,0,0,0,0,0,0,0,0,0,0,0,0,0,0,0,0,0,0,0,0,0,0,0,0,0,0,0,0,0,0,0,0,0,0,0,0,0,0,0,0,0,0,0,0,0,0,0,0,0,0,0,0,0,0,0,0,0,0,0,0,0,0,0,0,0,0,0,0,0,0,0,0,0,0,0,0,0,0,0,0,0,0,0,0,0,0,0,0,0,0,0,0,0,0,0
MYD17A2H.A2011097.h12v02.006.2015218173156.Psn_QC_500m,MYD17A2H,A2011097,Lat65.9255Lon-137.4220833Samp13Line13,2015218173156,Psn_QC_500m,99,99,99,99,107,99,10,2,2,10,99,99,107,99,10,10,10,10,2,10,10,107,107,107,107,107,10,10,2,2,2,2,10,10,107,10,10,2,2,10,2,2,2,2,2,10,10,10,10,10,10,2,2,2,2,2,2,10,10,10,99,99,99,99,99,2,2,2,10,10,10,99,2,2,99,99,2,2,107,107,107,99,2,2,2,99,99,99,107,107,99,99,99,99,99,99,99,99,2,99,99,10,10,99,99,99,99,99,99,10,10,2,10,10,107,99,99,99,99,99,99,107,107,99,99,99,107,107,107,107,107,99,99,99,99,99,99,99,99,99,10,99,99,99,99,99,107,99,99,99,99,10,99,99,99,99,99,107,99,99,99,99,107,107,99,99,99,99,107
MYD17A2H.A2011105.h12v02.006.2015218211351.Gpp_500m,MYD17A2H,A2011105,Lat65.9255Lon-137.4220833Samp13Line13,2015218211351,Gpp_500m,0,0,0,0,0,0,0,0,0,0,0,0,0,0,0,0,0,0,0,0,0,0,0,0,0,0,0,0,0,0,0,0,0,0,0,0,0,0,0,0,0,0,0,0,0,0,0,0,0,0,0,0,0,0,0,0,0,0,0,0,0,0,0,0,0,0,0,0,0,0,0,0,0,0,0,0,0,0,0,0,0,0,0,0,0,0,0,0,0,0,0,0,0,0,0,0,0,0,0,0,0,0,0,0,0,0,0,0,0,0,0,0,0,0,0,0,0,0,0,0,0,0,0,0,0,0,0,0,0,0,0,0,0,0,0,0,0,0,0,0,0,0,0,0,0,0,0,0,0,0,0,0,0,0,0,0,0,0,0,0,0,0,0,0,0,0,0,0,0
MYD17A2H.A2011105.h12v02.006.2015218211351.PsnNet_500m,MYD17A2H,A2011105,Lat65.9255Lon-137.4220833Samp13Line13,2015218211351,PsnNet_500m,0,0,0,0,0,0,0,0,0,0,0,0,0,0,0,0,0,0,0,0,0,0,0,0,0,0,0,0,0,0,0,0,0,0,0,0,0,0,0,0,0,0,0,0,0,0,0,0,0,0,0,0,0,0,0,0,0,0,0,0,0,0,0,0,0,0,0,0,0,0,0,0,0,0,0,0,0,0,0,0,0,0,0,0,0,0,0,0,0,0,0,0,0,0,0,0,0,0,0,0,0,0,0,0,0,0,0,0,0,0,0,0,0,0,0,0,0,0,0,0,0,0,0,0,0,0,0,0,0,0,0,0,0,0,0,0,0,0,0,0,0,0,0,0,0,0,0,0,0,0,0,0,0,0,0,0,0,0,0,0,0,0,0,0,0,0,0,0,0
MYD17A2H.A2011105.h12v02.006.2015218211351.Psn_QC_500m,MYD17A2H,A2011105,Lat65.9255Lon-137.4220833Samp13Line13,2015218211351,Psn_QC_500m,99,99,107,107,107,99,99,2,2,2,99,107,107,99,99,99,2,2,2,2,99,99,99,99,99,99,2,2,2,2,2,2,2,99,99,99,107,2,2,2,2,99,99,99,99,99,99,10,10,10,99,99,99,99,99,99,99,99,99,99,99,99,99,107,107,99,99,99,99,99,99,99,99,99,99,107,107,2,99,99,99,99,99,99,99,2,2,99,10,10,99,99,99,99,99,99,99,99,99,99,99,99,99,107,99,99,99,99,99,99,99,99,2,107,99,99,99,99,99,99,99,2,2,2,99,99,99,99,99,99,99,99,99,99,99,99,99,99,99,99,107,107,107,99,99,99,99,99,99,99,99,99,107,107,99,99,99,99,99,107,99,99,99,99,99,99,99,99,99
MYD17A2H.A2011113.h12v02.006.2015219005333.Gpp_500m,MYD17A2H,A2011113,Lat65.9255Lon-137.4220833Samp13Line13,2015219005333,Gpp_500m,1,2,2,2,2,2,3,3,2,2,2,2,1,2,2,3,3,2,2,2,2,2,2,1,1,1,3,3,3,2,2,2,2,1,2,2,2,1,1,2,2,2,2,2,2,2,0,0,2,2,2,2,2,2,2,2,2,0,0,0,0,0,0,0,0,2,2,2,0,0,0,0,0,0,0,0,0,0,0,0,0,0,0,0,0,1,0,0,0,0,0,0,0,0,0,0,1,1,0,0,0,2,2,0,1,1,0,0,0,1,1,1,2,0,20,0,0,0,1,1,0,0,0,1,1,20,20,20,0,0,1,0,20,20,20,0,0,1,1,0,0,0,0,0,1,0,1,1,0,1,0,0,0,1,1,1,0,0,0,0,0,0,0,0,0,0,1,1,0
MYD17A2H.A2011113.h12v02.006.2015219005333.PsnNet_500m,MYD17A2H,A2011113,Lat65.9255Lon-137.4220833Samp13Line13,2015219005333,PsnNet_500m,1,1,2,2,2,2,3,3,1,1,1,1,1,2,2,3,3,2,2,1,1,1,1,1,1,1,3,3,3,2,2,2,2,0,2,2,2,1,1,2,2,2,2,2,2,2,0,0,2,2,2,2,2,2,2,2,2,0,0,0,0,0,0,0,0,2,2,2,0,0,0,0,0,0,0,0,0,0,0,0,0,0,0,0,0,1,0,0,0,0,0,0,0,0,0,0,1,1,0,0,0,2,2,0,1,1,0,0,0,1,1,1,2,0,-18,0,0,0,1,1,0,0,0,1,1,-18,-18,-18,0,0,1,0,-18,-18,-18,0,0,1,1,0,0,0,0,0,1,0,1,1,0,1,0,0,0,1,1,1,0,0,0,0,0,0,0,0,0,0,1,1,0
MYD17A2H.A2011113.h12v02.006.2015219005333.Psn_QC_500m,MYD17A2H,A2011113,Lat65.9255Lon-137.4220833Samp13Line13,2015219005333,Psn_QC_500m,99,2,10,10,10,10,10,10,2,2,2,2,2,2,10,10,10,2,2,2,2,2,2,2,2,2,2,2,2,2,2,2,2,99,10,10,10,2,2,2,2,2,2,2,2,2,99,99,2,2,2,10,2,2,2,2,2,99,99,99,99,107,107,107,107,2,2,2,99,99,99,99,99,99,107,99,99,107,99,99,99,99,99,107,99,2,107,107,107,99,99,99,107,107,99,99,10,10,99,99,99,2,2,99,2,2,99,99,99,2,10,10,2,99,99,99,99,99,2,2,99,99,99,10,10,99,99,99,99,99,2,99,115,115,115,99,99,10,10,99,99,99,99,99,2,107,10,10,99,10,99,99,99,2,2,2,107,107,99,99,107,99,99,99,99,99,2,2,99
MYD17A2H.A2011121.h12v02.006.2015219043910.Gpp_500m,MYD17A2H,A2011121,Lat65.9255Lon-137.4220833Samp13Line13,2015219043910,Gpp_500m,4,0,10,0,0,0,0,7,10,10,0,2,2,4,4,10,10,0,4,7,0,0,2,2,3,3,10,10,12,0,0,0,0,2,3,3,3,3,3,4,3,0,10,4,4,3,3,0,0,3,3,0,4,4,4,4,3,3,0,0,0,0,0,0,0,4,4,0,0,0,0,0,0,0,0,3,3,2,0,0,0,0,0,0,0,0,0,0,3,3,0,3,0,0,3,0,0,3,0,3,0,3,3,3,3,3,3,3,3,3,3,0,3,0,0,3,2,3,3,0,3,3,0,3,0,0,3,2,3,3,3,3,0,0,0,0,0,3,3,3,3,3,3,2,0,0,0,0,3,3,0,0,3,3,0,2,0,0,3,2,2,3,3,3,3,2,2,0,3
MYD17A2H.A2011121.h12v02.006.2015219043910.PsnNet_500m,MYD17A2H,A2011121,Lat65.9255Lon-137.4220833Samp13Line13,2015219043910,PsnNet_500m,3,0,10,0,0,0,0,7,7,7,0,2,2,3,3,10,10,0,3,7,0,0,2,2,3,3,10,8,10,0,0,0,0,2,3,3,3,3,3,3,3,0,7,3,3,3,3,0,0,3,3,0,3,3,3,3,3,3,0,0,0,0,0,0,0,3,3,0,0,0,0,0,0,0,0,3,3,2,0,0,0,0,0,0,0,0,0,0,3,3,0,3,0,0,3,0,0,3,0,3,0,3,3,3,3,3,3,3,3,3,3,0,3,0,0,3,2,3,3,0,3,3,0,3,0,0,3,2,3,3,3,3,0,0,0,0,0,3,3,3,3,3,2,2,0,0,0,0,3,3,0,0,3,3,0,2,0,0,3,2,2,3,3,3,3,2,2,0,3
MYD17A2H.A2011121.h12v02.006.2015219043910.Psn_QC_500m,MYD17A2H,A2011121,Lat65.9255Lon-137.4220833Samp13Line13,2015219043910,Psn_QC_500m,2,75,2,75,75,75,75,2,10,10,75,115,115,10,2,2,2,75,10,10,75,75,115,115,10,10,2,2,10,75,75,75,75,107,10,10,10,10,10,10,99,75,67,10,10,10,10,107,75,10,10,107,10,10,10,10,10,10,75,75,107,75,107,107,107,10,10,107,75,75,107,75,75,75,107,10,10,107,107,107,107,107,75,75,75,75,107,75,10,10,107,2,107,107,10,75,75,10,107,10,107,10,10,10,10,10,10,10,10,10,10,75,10,75,75,10,99,10,10,75,10,10,75,2,75,75,10,99,2,2,2,10,75,75,75,75,75,10,10,10,10,2,107,107,75,75,75,75,2,2,107,107,10,2,75,107,107,107,10,99,99,2,2,2,2,107,107,107,2
MYD17A2H.A2011129.h12v02.006.2015219071111.Gpp_500m,MYD17A2H,A2011129,Lat65.9255Lon-137.4220833Samp13Line13,2015219071111,Gpp_500m,12,12,14,15,14,8,8,9,9,11,11,12,6,12,18,12,12,22,16,16,14,8,12,11,6,6,28,24,22,14,14,17,12,12,6,6,6,6,6,18,14,14,8,7,12,6,6,6,6,6,6,6,12,7,7,12,6,6,6,6,6,1,6,6,11,7,7,6,6,6,6,6,2,2,6,6,6,6,6,6,6,6,6,0,2,6,6,6,6,6,6,6,6,2,6,6,6,6,6,6,6,6,6,6,2,6,11,11,6,6,6,6,6,0,6,13,13,6,6,6,6,0,0,6,3,6,6,6,6,2,6,6,0,0,6,0,5,6,6,6,6,6,6,6,6,6,6,3,3,2,0,6,6,6,6,6,6,6,6,6,6,3,6,2,2,2,2,6,6
MYD17A2H.A2011129.h12v02.006.2015219071111.PsnNet_500m,MYD17A2H,A2011129,Lat65.9255Lon-137.4220833Samp13Line13,2015219071111,PsnNet_500m,11,9,11,14,14,8,8,9,9,9,9,11,5,11,16,9,9,21,13,13,13,8,11,11,5,5,25,21,21,13,13,15,11,11,5,5,5,5,5,16,12,13,8,6,11,5,5,5,5,5,5,5,11,6,6,11,5,5,5,5,5,1,5,5,9,6,6,5,5,5,5,5,2,2,5,5,5,5,5,5,5,5,5,0,2,5,5,5,5,5,5,5,5,2,5,5,5,5,5,5,5,5,5,5,2,5,11,11,5,5,5,5,5,0,5,12,12,5,5,5,5,0,0,5,3,5,5,5,5,2,5,5,0,0,5,0,5,5,5,5,5,5,5,5,5,5,5,3,3,2,0,5,5,5,5,5,5,5,5,5,5,3,5,2,2,2,2,5,5
MYD17A2H.A2011129.h12v02.006.2015219071111.Psn_QC_500m,MYD17A2H,A2011129,Lat65.9255Lon-137.4220833Samp13Line13,2015219071111,Psn_QC_500m,10,2,2,10,10,2,2,2,2,2,2,10,10,10,2,2,10,10,10,10,10,2,10,2,10,2,10,2,10,10,10,10,2,2,2,2,2,2,2,2,2,10,2,2,2,2,2,2,2,2,2,10,2,10,2,2,10,10,2,2,2,67,2,2,2,10,10,2,2,2,10,10,67,67,2,10,10,2,10,2,2,2,2,67,67,2,2,2,2,2,2,2,2,67,2,2,2,2,2,2,2,2,2,10,67,10,2,2,2,2,2,2,2,75,10,2,2,2,2,2,2,67,67,2,75,2,10,10,2,107,2,2,67,67,2,67,75,10,2,10,10,2,10,2,2,2,10,107,107,107,75,2,2,2,10,10,10,2,2,2,2,107,2,107,107,75,107,2,2
MYD17A2H.A2011137.h12v02.006.2015220025257.Gpp_500m,MYD17A2H,A2011137,Lat65.9255Lon-137.4220833Samp13Line13,2015220025257,Gpp_500m,325,325,325,309,325,324,324,302,238,269,294,309,298,325,317,302,317,317,285,231,302,302,276,314,314,298,302,294,294,294,261,231,231,276,306,306,267,267,259,302,302,269,238,238,245,281,281,306,314,314,314,306,294,261,261,231,235,291,314,322,274,352,329,328,297,269,223,243,291,330,290,274,297,361,306,297,306,305,314,274,290,290,282,330,323,274,274,306,305,336,267,322,336,336,336,336,306,306,267,274,329,289,329,329,377,377,329,328,361,306,323,274,267,329,329,314,259,336,323,328,328,329,297,282,289,289,251,251,251,274,259,323,352,289,282,289,289,280,329,289,289,258,289,344,344,282,304,360,360,289,267,267,250,281,273,241,297,314,322,336,329,337,337,305,342,273,249,281,273
MYD17A2H.A2011137.h12v02.006.2015220025257.PsnNet_500m,MYD17A2H,A2011137,Lat65.9255Lon-137.4220833Samp13Line13,2015220025257,PsnNet_500m,300,299,299,285,299,299,299,279,220,251,271,284,276,299,293,280,293,293,264,213,279,279,258,290,290,277,280,271,271,271,242,213,213,256,282,282,248,248,239,279,279,251,220,219,229,262,262,285,290,290,290,282,271,242,242,213,219,270,290,297,256,326,304,304,276,251,205,227,270,305,269,256,276,333,282,276,281,281,290,256,269,269,263,303,298,255,255,284,284,312,247,297,312,312,312,312,284,284,247,255,303,266,304,304,348,348,304,303,333,284,298,254,247,304,304,289,238,312,298,303,304,304,276,263,266,266,234,233,232,252,239,298,326,266,263,270,270,263,305,270,270,238,267,318,318,259,284,331,330,266,246,246,230,262,253,225,276,292,298,310,302,308,308,281,316,253,231,261,252
MYD17A2H.A2011137.h12v02.006.2015220025257.Psn_QC_500m,MYD17A2H,A2011137,Lat65.9255Lon-137.4220833Samp13Line13,2015220025257,Psn_QC_500m,2,2,2,2,2,2,2,2,2,2,2,2,2,2,2,2,2,2,2,2,2,2,2,2,2,2,2,2,2,2,2,2,2,2,2,2,2,2,2,2,2,2,2,2,2,2,2,2,2,2,2,2,2,2,2,2,2,2,2,2,2,2,2,2,2,2,2,2,2,2,2,2,2,2,2,2,2,2,2,2,2,2,2,2,2,2,2,2,2,2,2,2,2,2,2,2,2,2,2,2,2,2,2,2,2,2,2,2,2,2,2,2,2,2,2,2,2,2,2,2,2,2,2,2,2,2,2,2,2,2,2,2,2,2,2,2,2,2,2,2,2,2,2,2,2,2,2,2,2,2,2,2,2,2,2,2,2,2,2,2,2,2,2,2,2,2,2,2,2
MYD17A2H.A2011145.h12v02.006.2015220070758.Gpp_500m,MYD17A2H,A2011145,Lat65.9255Lon-137.4220833Samp13Line13,2015220070758,Gpp_500m,527,546,515,516,457,556,525,525,525,546,535,495,472,506,526,525,525,535,525,525,546,546,525,472,462,462,525,546,546,506,525,516,516,495,472,472,472,442,452,604,564,564,466,466,486,462,462,501,521,521,521,482,525,486,466,466,433,472,501,521,521,521,531,530,500,466,475,472,483,549,532,541,541,541,561,491,482,512,443,483,532,482,532,531,562,492,500,500,520,520,529,492,549,549,531,482,569,482,482,471,491,461,520,520,591,549,530,530,541,541,461,471,461,482,520,491,469,471,482,482,482,512,491,470,470,482,482,461,469,469,442,471,512,482,482,482,482,482,461,480,469,469,461,500,482,470,461,482,520,528,480,411,411,402,401,449,499,499,520,528,540,510,469,469,460,469,400,460,469
MYD17A2H.A2011145.h12v02.006.2015220070758.PsnNet_500m,MYD17A2H,A2011145,Lat65.9255Lon-137.4220833Samp13Line13,2015220070758,PsnNet_500m,478,497,472,472,418,504,477,477,477,495,488,454,432,462,477,477,477,488,477,477,495,497,481,435,425,425,477,495,497,461,477,470,470,449,435,435,435,404,413,547,513,513,427,427,443,425,425,457,474,474,474,440,481,443,427,427,398,432,457,476,476,476,483,483,456,427,437,435,441,504,483,493,492,492,510,449,442,468,405,441,483,440,483,483,510,449,456,456,473,473,483,450,504,504,483,440,518,440,440,431,449,424,476,476,537,504,483,483,491,491,424,434,424,440,476,449,434,432,440,440,440,467,449,429,434,441,441,422,429,429,404,431,467,441,441,441,441,441,422,440,429,429,422,456,441,434,423,441,475,482,440,377,377,371,371,411,460,459,475,485,491,465,429,429,422,432,370,422,432
MYD17A2H.A2011145.h12v02.006.2015220070758.Psn_QC_500m,MYD17A2H,A2011145,Lat65.9255Lon-137.4220833Samp13Line13,2015220070758,Psn_QC_500m,2,2,2,2,2,2,2,2,2,2,2,2,2,2,2,2,2,2,2,2,2,2,2,2,2,2,2,2,2,2,2,2,2,2,2,2,2,2,2,2,2,2,2,2,2,2,2,2,2,2,2,2,2,2,2,2,2,2,2,2,2,2,2,2,2,2,2,2,2,2,2,2,2,2,2,2,2,2,2,2,2,2,2,2,2,2,2,2,2,2,2,2,2,2,2,2,2,2,2,2,2,2,2,2,2,2,2,2,2,2,2,2,2,2,2,2,2,2,2,2,2,2,2,2,2,2,2,2,2,2,2,2,2,2,2,2,2,2,2,2,2,2,2,2,2,2,2,2,2,2,2,2,2,2,2,2,2,2,2,2,2,2,2,2,2,2,2,2,2
MYD17A2H.A2011153.h12v02.006.2015220110415.Gpp_500m,MYD17A2H,A2011153,Lat65.9255Lon-137.4220833Samp13Line13,2015220110415,Gpp_500m,361,366,361,366,366,348,354,354,384,389,383,383,255,361,366,366,348,319,319,372,376,423,423,265,224,224,376,336,412,389,348,284,307,306,323,307,307,307,289,313,319,319,264,274,244,243,236,307,289,346,336,317,244,244,237,237,236,236,307,307,279,273,260,260,236,264,274,261,224,232,273,273,273,289,283,283,236,236,243,236,273,273,279,294,289,289,264,277,277,254,254,273,294,317,325,273,302,302,243,243,265,236,225,225,289,317,317,340,278,277,236,307,236,260,272,232,232,325,307,236,260,318,318,260,236,243,232,237,237,247,243,247,325,325,272,243,243,276,259,259,254,237,272,318,318,302,254,276,306,289,247,237,254,283,266,266,247,352,392,325,301,276,247,237,283,266,243,243,215
MYD17A2H.A2011153.h12v02.006.2015220110415.PsnNet_500m,MYD17A2H,A2011153,Lat65.9255Lon-137.4220833Samp13Line13,2015220110415,PsnNet_500m,326,332,325,332,332,318,321,321,345,352,348,347,234,325,332,332,318,290,290,338,342,381,380,246,207,207,340,306,369,348,318,262,284,284,299,281,280,280,266,286,294,294,245,251,225,224,220,280,266,317,307,290,225,225,220,220,220,220,282,282,258,249,240,240,220,245,251,240,207,212,249,249,249,266,260,260,220,220,226,220,250,249,258,270,266,266,245,257,257,234,233,250,272,290,296,249,276,275,226,226,245,220,209,209,266,290,290,311,256,256,220,280,220,240,249,214,214,296,280,220,240,290,290,241,220,226,214,220,220,229,223,230,298,298,249,226,226,256,240,240,233,219,249,290,290,275,233,256,280,266,229,220,234,261,245,245,231,321,356,298,275,256,229,219,261,245,224,225,198
MYD17A2H.A2011153.h12v02.006.2015220110415.Psn_QC_500m,MYD17A2H,A2011153,Lat65.9255Lon-137.4220833Samp13Line13,2015220110415,Psn_QC_500m,2,2,2,2,2,2,2,2,2,2,2,2,2,2,2,2,2,2,2,2,2,2,2,2,2,2,2,2,2,2,2,2,2,2,2,2,2,2,2,2,2,2,2,2,2,2,2,2,2,2,2,2,2,2,2,2,2,2,10,10,2,2,2,2,2,2,18,2,2,2,2,2,2,2,2,2,2,2,2,2,2,2,2,2,2,2,2,2,2,2,2,2,2,2,2,2,2,2,2,2,2,2,2,2,2,2,2,2,2,2,2,2,2,2,2,2,2,2,2,2,2,2,2,2,2,2,2,2,2,2,2,2,2,2,2,2,2,2,2,2,2,2,2,2,2,2,2,2,2,2,2,2,2,2,2,2,2,2,2,10,2,2,2,2,2,2,2,2,2
MYD17A2H.A2011161.h12v02.006.2015220162859.Gpp_500m,MYD17A2H,A2011161,Lat65.9255Lon-137.4220833Samp13Line13,2015220162859,Gpp_500m,369,302,327,327,78,114,30,302,302,327,296,296,251,135,102,102,163,272,296,296,327,327,302,218,218,159,332,169,254,254,333,333,333,302,306,218,189,190,190,235,181,273,273,285,285,218,218,219,178,178,292,252,181,273,285,285,275,275,141,141,292,292,286,79,226,248,122,141,104,159,159,251,196,147,147,97,67,92,122,251,292,105,292,292,280,281,300,301,283,301,215,292,292,292,292,286,286,300,301,292,269,215,215,239,300,300,286,318,318,277,286,287,288,277,288,141,112,256,292,292,269,292,292,202,283,283,184,185,117,61,128,263,301,301,288,79,79,190,246,99,284,232,232,263,233,288,61,165,404,124,61,257,252,252,129,147,369,67,112,92,124,141,325,325,325,290,129,202,179
MYD17A2H.A2011161.h12v02.006.2015220162859.PsnNet_500m,MYD17A2H,A2011161,Lat65.9255Lon-137.4220833Samp13Line13,2015220162859,PsnNet_500m,334,273,295,295,74,106,28,273,273,295,272,272,229,124,96,96,151,247,269,269,295,295,273,203,203,145,301,157,232,232,301,301,301,273,277,203,174,174,174,217,168,250,250,260,260,202,202,202,163,163,268,230,168,250,260,260,251,251,130,130,268,268,262,74,211,229,112,130,97,145,145,229,179,136,136,91,63,84,113,229,268,97,268,268,257,257,273,273,256,272,198,268,268,268,268,262,263,272,272,269,245,198,198,224,272,272,263,288,288,250,263,263,263,255,265,133,105,234,268,268,245,269,269,185,258,259,172,172,107,57,120,241,272,272,265,76,76,176,227,93,257,217,217,241,216,265,57,152,366,114,57,236,233,234,121,137,333,63,102,84,114,132,299,299,300,264,121,189,165
MYD17A2H.A2011161.h12v02.006.2015220162859.Psn_QC_500m,MYD17A2H,A2011161,Lat65.9255Lon-137.4220833Samp13Line13,2015220162859,Psn_QC_500m,2,2,2,2,10,10,2,2,2,2,2,2,2,18,10,10,10,2,2,2,2,2,2,2,2,2,2,10,2,2,2,2,2,2,2,2,2,2,2,10,2,2,2,2,2,2,2,2,2,2,2,2,2,2,2,2,2,2,2,2,2,2,67,10,67,2,2,2,2,2,2,67,67,10,10,10,10,2,2,2,2,2,2,2,2,2,2,2,2,2,2,2,2,2,2,2,2,2,2,2,2,10,10,10,2,2,2,2,2,2,2,2,2,10,10,10,10,2,2,2,2,2,2,2,10,10,10,10,10,10,2,2,2,2,18,10,10,67,67,10,2,10,10,2,10,18,2,67,10,75,2,10,10,10,10,2,2,10,75,67,75,75,10,10,10,2,10,2,10
MYD17A2H.A2011169.h12v02.006.2015220203909.Gpp_500m,MYD17A2H,A2011169,Lat65.9255Lon-137.4220833Samp13Line13,2015220203909,Gpp_500m,339,376,296,385,511,484,538,538,575,547,495,322,328,207,484,601,538,502,502,557,565,520,520,491,309,491,592,592,565,494,494,538,503,503,500,309,364,400,464,511,529,538,538,423,477,400,356,356,456,566,566,437,404,432,476,341,318,437,437,528,481,481,482,492,492,404,358,318,392,491,437,356,427,456,520,483,329,484,337,463,500,491,456,472,482,492,382,483,474,512,465,481,536,409,409,437,445,492,428,428,456,364,364,247,528,536,473,566,483,428,428,446,383,383,236,329,329,419,445,446,437,446,446,356,428,329,329,329,329,329,428,329,329,329,329,485,329,338,338,338,311,320,320,329,329,428,447,447,393,346,347,422,422,311,311,311,329,329,329,383,383,430,476,650,460,477,477,478,239
MYD17A2H.A2011169.h12v02.006.2015220203909.PsnNet_500m,MYD17A2H,A2011169,Lat65.9255Lon-137.4220833Samp13Line13,2015220203909,PsnNet_500m,308,337,272,348,452,432,475,476,504,485,438,290,294,192,432,526,475,446,446,490,498,462,462,438,283,440,519,519,494,436,436,476,446,446,446,283,329,359,415,452,469,476,476,380,424,360,318,318,407,498,498,389,361,384,430,309,289,389,389,466,428,428,429,439,439,366,325,289,352,438,389,323,381,406,462,430,294,434,307,415,442,438,407,425,433,439,343,430,425,454,416,428,475,367,367,389,401,439,386,386,406,330,331,225,470,476,425,499,434,386,386,401,348,348,216,295,295,377,401,401,390,401,401,324,389,295,295,296,296,296,386,294,294,295,302,438,302,306,307,307,283,292,292,294,295,389,404,404,357,314,314,381,381,284,284,284,302,302,302,348,349,390,431,569,412,431,431,431,218
MYD17A2H.A2011169.h12v02.006.2015220203909.Psn_QC_500m,MYD17A2H,A2011169,Lat65.9255Lon-137.4220833Samp13Line13,2015220203909,Psn_QC_500m,10,10,18,2,2,2,2,2,2,2,2,2,2,18,2,2,2,2,2,2,2,2,2,2,2,2,2,2,2,2,2,2,2,2,2,2,2,2,2,2,2,2,2,2,2,2,2,2,2,2,2,2,2,2,18,2,2,2,2,2,2,2,2,2,2,18,2,18,2,2,2,2,2,2,2,2,2,2,2,2,2,2,18,2,2,2,2,2,2,10,2,2,2,2,2,2,2,2,2,2,2,2,2,67,2,2,2,2,2,2,2,2,2,2,2,2,2,2,2,2,2,2,2,10,10,2,2,2,2,2,2,2,2,2,2,2,2,2,2,2,2,2,2,2,2,18,2,2,2,2,2,10,10,2,2,2,2,2,2,2,2,18,10,18,2,2,2,10,2
MYD17A2H.A2011177.h12v02.006.2015221010020.Gpp_500m,MYD17A2H,A2011177,Lat65.9255Lon-137.4220833Samp13Line13,2015221010020,Gpp_500m,516,516,516,566,566,566,616,616,550,516,524,400,402,516,607,607,566,482,516,516,524,524,457,459,493,493,616,616,566,474,516,550,550,501,486,486,486,477,451,574,541,542,516,466,493,477,451,451,536,486,486,486,443,416,506,506,527,486,486,493,451,444,520,527,470,493,525,527,502,502,502,502,502,562,562,562,486,486,444,451,527,527,520,520,562,521,521,460,460,477,460,493,509,509,509,509,470,452,452,410,471,471,460,460,611,452,452,502,486,470,410,486,486,486,461,461,452,486,444,460,435,428,402,402,444,419,419,471,528,528,410,419,394,444,444,444,402,429,435,402,545,528,429,402,452,384,461,478,461,502,435,493,478,444,478,478,494,494,536,544,544,452,528,493,504,493,493,429,435
MYD17A2H.A2011177.h12v02.006.2015221010020.PsnNet_500m,MYD17A2H,A2011177,Lat65.9255Lon-137.4220833Samp13Line13,2015221010020,PsnNet_500m,462,462,463,505,506,506,545,545,491,463,472,363,364,465,536,537,506,435,465,465,470,470,417,418,446,446,544,544,506,429,463,494,494,452,440,440,440,437,412,512,484,484,463,423,447,431,410,410,482,444,444,438,400,380,461,461,478,440,440,446,411,401,469,475,424,445,474,478,455,455,455,455,456,502,502,503,438,438,406,410,478,474,469,469,502,469,469,419,419,436,422,446,460,463,460,460,425,411,411,375,428,428,419,419,544,411,411,457,441,427,375,441,441,441,419,419,411,440,406,419,396,391,366,367,402,382,382,428,478,478,375,381,360,406,406,406,369,389,396,370,492,478,389,365,412,350,419,432,419,457,396,447,433,406,433,433,451,451,482,492,492,414,478,452,458,452,452,391,402
MYD17A2H.A2011177.h12v02.006.2015221010020.Psn_QC_500m,MYD17A2H,A2011177,Lat65.9255Lon-137.4220833Samp13Line13,2015221010020,Psn_QC_500m,2,2,2,2,2,2,2,2,2,2,2,2,2,2,2,2,2,2,2,2,2,2,2,2,2,2,2,2,2,2,2,2,2,2,2,2,2,2,2,2,2,2,2,2,2,2,2,2,2,2,2,2,2,10,10,10,2,2,2,2,2,2,2,2,2,2,2,2,2,2,2,2,2,2,2,2,2,2,2,2,2,2,2,2,2,2,2,2,2,10,2,2,2,2,2,2,2,2,2,2,2,2,2,2,2,2,2,2,2,2,2,2,2,2,2,2,2,2,2,2,2,2,2,2,2,2,2,2,2,2,2,2,2,2,2,2,2,2,2,2,2,2,2,2,2,2,2,2,2,2,2,2,2,10,2,2,2,2,2,2,2,2,2,2,18,18,18,10,10
MYD17A2H.A2011185.h12v02.006.2015221043534.Gpp_500m,MYD17A2H,A2011185,Lat65.9255Lon-137.4220833Samp13Line13,2015221043534,Gpp_500m,604,604,553,528,621,596,588,596,656,648,656,613,565,561,621,621,596,569,629,613,664,664,612,564,522,514,621,621,588,561,561,604,605,596,522,522,522,514,522,671,604,603,510,562,562,505,505,522,547,547,582,582,529,510,528,528,513,522,582,582,582,488,504,505,94,518,528,479,479,607,607,564,624,504,505,94,94,94,505,505,530,445,556,591,470,556,276,276,162,163,51,462,393,556,470,266,419,419,145,146,94,213,213,412,77,94,266,308,308,51,51,362,240,240,318,318,386,198,198,190,170,376,445,136,300,198,223,222,276,377,156,205,276,248,42,309,136,247,455,205,276,276,344,189,77,136,136,454,455,326,247,146,104,302,302,223,343,343,472,480,480,85,42,85,344,50,326,326,241
MYD17A2H.A2011185.h12v02.006.2015221043534.PsnNet_500m,MYD17A2H,A2011185,Lat65.9255Lon-137.4220833Samp13Line13,2015221043534,PsnNet_500m,534,534,494,471,547,529,522,527,569,567,572,541,504,500,547,547,527,504,553,541,577,577,541,504,468,463,543,547,519,501,499,534,533,528,468,468,468,459,468,583,534,535,458,499,499,455,455,468,489,489,517,517,471,458,472,472,459,468,518,518,516,437,454,457,88,465,472,431,431,535,535,503,549,456,457,88,88,88,455,455,476,403,497,525,423,497,252,252,150,150,49,416,357,497,423,245,380,380,136,136,88,198,198,376,71,88,245,283,283,49,49,328,223,223,290,290,351,182,182,174,161,344,400,128,280,183,205,205,253,345,145,191,256,228,42,280,128,228,414,191,253,254,313,174,70,128,128,413,413,301,230,137,97,277,277,205,313,313,427,433,433,78,42,78,313,49,298,298,219
MYD17A2H.A2011185.h12v02.006.2015221043534.Psn_QC_500m,MYD17A2H,A2011185,Lat65.9255Lon-137.4220833Samp13Line13,2015221043534,Psn_QC_500m,2,18,2,2,10,10,2,2,2,2,2,2,2,2,2,2,2,2,2,2,2,2,2,2,2,2,2,2,2,2,2,2,2,2,2,2,2,2,2,2,2,2,2,2,2,2,2,2,2,2,2,2,2,2,2,2,2,2,2,2,2,2,2,2,10,2,2,2,2,2,2,2,2,2,2,10,10,10,2,2,2,2,2,2,2,2,10,10,10,10,10,2,2,2,2,2,2,2,10,10,18,10,10,2,10,10,2,2,2,18,18,2,2,2,18,18,2,2,2,67,67,67,2,10,18,67,2,2,2,2,10,67,10,2,2,2,2,67,67,2,2,2,2,18,2,10,10,10,10,10,2,2,10,2,2,2,10,10,10,2,2,10,2,10,2,18,2,2,2
MYD17A2H.A2011193.h12v02.006.2015221074844.Gpp_500m,MYD17A2H,A2011193,Lat65.9255Lon-137.4220833Samp13Line13,2015221074844,Gpp_500m,62,62,62,62,62,68,68,68,68,68,68,62,32,58,62,131,115,115,62,68,68,62,62,68,68,68,152,158,158,84,58,62,62,62,68,68,68,68,68,127,84,62,62,62,62,62,59,62,32,32,62,62,58,62,58,62,62,62,62,62,59,62,62,59,59,62,62,59,59,59,59,59,59,62,59,59,53,53,62,62,68,59,59,62,62,62,59,59,59,53,84,59,59,59,62,62,62,59,53,53,53,53,105,105,59,59,59,59,53,53,53,53,53,46,53,95,84,46,53,53,53,53,53,32,84,84,84,68,63,68,53,53,53,53,53,59,63,63,68,63,63,63,100,59,59,63,68,68,59,68,68,84,84,100,84,91,63,32,63,74,74,32,100,100,32,32,53,53,59
MYD17A2H.A2011193.h12v02.006.2015221074844.PsnNet_500m,MYD17A2H,A2011193,Lat65.9255Lon-137.4220833Samp13Line13,2015221074844,PsnNet_500m,59,59,59,59,59,62,62,62,62,62,62,59,29,52,59,118,105,105,59,62,62,59,59,61,61,61,135,142,142,76,52,59,59,59,61,61,61,61,61,113,76,59,59,59,59,58,52,58,29,29,58,58,52,59,52,59,58,58,58,58,52,58,58,52,51,59,59,52,52,52,52,52,52,58,52,51,46,46,58,58,61,52,52,58,58,58,51,51,51,46,75,52,52,52,58,58,58,51,46,46,46,46,96,96,52,52,52,52,46,46,46,46,46,46,46,88,75,42,46,46,46,46,46,29,75,75,75,62,58,62,46,46,46,46,46,51,58,58,60,58,58,58,90,51,51,58,62,62,51,62,62,75,75,91,75,81,58,29,58,65,65,29,90,90,29,29,46,46,51
MYD17A2H.A2011193.h12v02.006.2015221074844.Psn_QC_500m,MYD17A2H,A2011193,Lat65.9255Lon-137.4220833Samp13Line13,2015221074844,Psn_QC_500m,10,75,75,75,75,10,10,75,10,10,75,75,10,10,75,10,10,10,75,10,10,75,75,75,75,75,10,10,10,10,10,75,75,75,10,10,75,75,75,10,10,75,75,75,75,75,10,75,10,10,75,75,75,75,75,75,75,75,75,75,75,75,75,75,75,75,75,75,75,75,75,75,75,75,75,75,75,75,75,75,75,75,75,75,75,75,75,75,75,75,10,75,75,75,75,75,75,75,75,75,75,75,10,10,75,75,75,75,75,75,75,75,75,75,75,10,10,75,75,75,75,75,75,10,10,10,10,10,75,75,75,75,75,75,75,75,75,75,75,75,75,75,10,75,75,75,75,75,75,75,75,10,10,10,10,10,75,10,75,75,75,10,10,10,10,10,10,10,10
MYD17A2H.A2011201.h12v02.006.2015221114529.Gpp_500m,MYD17A2H,A2011201,Lat65.9255Lon-137.4220833Samp13Line13,2015221114529,Gpp_500m,402,402,295,473,522,456,456,456,529,538,513,504,392,295,424,399,344,481,539,539,505,545,545,464,432,425,399,302,302,481,529,528,528,528,505,337,393,272,272,547,561,513,513,528,495,432,337,337,344,263,280,280,456,456,440,504,440,209,224,280,280,280,280,456,455,448,317,209,280,280,503,416,401,313,437,280,239,527,241,313,328,304,304,295,295,401,304,304,510,527,502,512,280,280,336,479,430,430,430,470,470,455,445,445,280,479,519,519,375,336,502,477,478,478,454,381,445,415,446,472,472,470,502,494,478,445,436,422,469,452,446,477,477,511,511,486,486,398,436,486,461,429,405,502,494,486,550,550,486,557,382,335,421,319,358,334,446,430,430,574,429,429,436,435,421,396,435,420,508
MYD17A2H.A2011201.h12v02.006.2015221114529.PsnNet_500m,MYD17A2H,A2011201,Lat65.9255Lon-137.4220833Samp13Line13,2015221114529,PsnNet_500m,362,361,262,418,461,401,401,401,460,466,448,442,347,262,380,360,304,417,466,466,439,470,470,409,381,372,360,271,271,417,460,460,456,456,439,298,346,239,238,470,484,444,443,459,434,381,298,298,306,236,248,248,401,401,387,438,385,186,203,248,248,248,248,404,403,394,282,186,252,252,441,370,351,280,390,248,215,458,216,278,297,276,275,264,264,351,268,268,446,458,439,451,252,248,297,417,381,381,381,411,411,399,394,394,248,417,451,451,337,304,439,420,420,420,398,340,389,370,396,411,411,411,439,431,420,394,385,374,411,396,390,420,420,446,445,428,428,353,385,422,405,377,356,438,430,422,476,476,430,481,335,296,368,284,316,296,395,381,381,491,377,377,385,385,372,348,384,368,437
MYD17A2H.A2011201.h12v02.006.2015221114529.Psn_QC_500m,MYD17A2H,A2011201,Lat65.9255Lon-137.4220833Samp13Line13,2015221114529,Psn_QC_500m,10,10,2,2,2,2,2,2,2,2,2,2,2,2,10,10,2,2,2,2,2,2,2,2,2,2,10,2,2,2,2,2,2,2,2,2,2,2,2,2,2,2,2,2,2,2,2,2,2,2,2,2,2,2,2,2,2,2,2,2,2,2,2,2,2,2,2,2,2,2,2,10,2,10,2,2,2,2,2,2,18,18,18,2,2,2,2,2,2,2,2,2,2,2,2,2,2,2,2,2,2,2,2,2,2,2,2,2,2,2,2,2,2,2,2,2,2,2,2,2,2,2,2,2,2,2,2,2,2,2,2,2,2,2,2,2,2,2,2,2,2,2,2,2,2,2,2,2,2,2,2,2,2,2,2,2,2,2,2,2,2,2,2,2,2,2,2,2,2
MYD17A2H.A2011209.h12v02.006.2015221135859.Gpp_500m,MYD17A2H,A2011209,Lat65.9255Lon-137.4220833Samp13Line13,2015221135859,Gpp_500m,480,447,423,406,431,431,544,544,552,545,505,471,472,447,392,561,544,505,505,552,552,553,528,480,441,537,496,513,513,496,545,521,609,471,498,498,529,433,546,487,544,545,513,505,545,455,480,480,529,554,553,561,479,479,479,521,498,512,512,538,529,546,512,512,521,496,505,498,545,568,585,585,634,553,577,496,504,448,528,553,553,634,521,585,529,546,545,504,512,512,472,568,602,650,504,521,504,504,456,456,488,456,529,512,626,553,521,577,577,512,504,504,536,536,521,512,512,554,521,521,512,512,504,561,561,440,512,512,520,553,464,504,512,545,553,553,504,480,553,544,543,464,464,553,504,545,545,569,610,610,561,472,496,391,407,398,545,610,610,618,601,561,561,659,382,374,218,219,268
MYD17A2H.A2011209.h12v02.006.2015221135859.PsnNet_500m,MYD17A2H,A2011209,Lat65.9255Lon-137.4220833Samp13Line13,2015221135859,PsnNet_500m,428,399,374,363,382,383,476,476,483,476,444,419,419,399,350,493,482,444,444,483,482,482,465,424,391,471,435,452,452,438,476,457,533,419,434,434,463,383,473,430,476,482,450,453,481,403,428,428,463,481,481,493,425,428,428,464,439,450,450,471,463,476,450,450,455,441,446,439,476,495,508,508,543,481,500,434,442,398,463,484,484,543,465,515,469,476,476,443,452,452,420,495,524,559,445,459,442,442,403,404,431,406,469,454,539,481,455,503,502,451,445,445,471,471,463,451,451,484,455,455,451,452,445,494,493,398,451,451,460,485,412,445,452,477,485,485,444,424,485,476,476,411,411,481,445,480,479,498,528,528,492,418,444,352,364,357,479,528,528,534,520,492,492,558,344,334,203,203,242
MYD17A2H.A2011209.h12v02.006.2015221135859.Psn_QC_500m,MYD17A2H,A2011209,Lat65.9255Lon-137.4220833Samp13Line13,2015221135859,Psn_QC_500m,2,2,2,2,2,2,2,2,2,2,2,2,2,2,2,2,2,2,2,2,2,2,2,2,2,2,2,2,2,2,2,2,18,2,2,2,2,2,2,2,2,2,2,18,18,2,2,2,2,2,2,2,2,2,2,2,2,2,2,2,2,2,2,2,2,2,2,2,2,2,2,2,2,2,2,2,2,2,2,2,2,2,2,2,2,2,2,2,2,2,2,2,2,2,2,2,2,2,2,2,2,2,2,2,2,2,2,2,2,2,2,2,2,2,2,2,2,10,2,2,2,2,2,2,2,2,2,2,2,2,2,2,2,2,2,2,2,2,2,2,2,2,2,2,2,2,2,2,2,2,2,2,10,2,2,2,2,2,2,2,2,2,2,10,2,2,2,2,2
MYD17A2H.A2011217.h12v02.006.2015221153906.Gpp_500m,MYD17A2H,A2011217,Lat65.9255Lon-137.4220833Samp13Line13,2015221153906,Gpp_500m,303,282,282,238,282,282,287,307,317,317,247,272,174,239,261,287,287,282,282,312,312,343,217,239,156,156,226,182,248,247,307,308,283,209,247,275,275,251,230,247,247,287,233,177,177,109,239,239,208,166,170,170,290,190,159,159,265,387,388,412,34,131,131,230,195,217,217,247,434,435,152,71,161,161,211,195,170,123,247,243,114,109,109,96,96,195,205,166,131,131,71,123,123,123,83,161,161,195,65,71,71,21,18,21,83,38,173,91,149,79,26,26,21,18,26,26,26,72,152,208,208,123,26,18,32,26,21,21,21,21,195,195,123,32,38,38,26,143,18,18,21,82,82,45,123,157,157,79,18,18,18,26,32,21,26,32,208,208,157,18,18,18,18,32,32,60,60,34,34
MYD17A2H.A2011217.h12v02.006.2015221153906.PsnNet_500m,MYD17A2H,A2011217,Lat65.9255Lon-137.4220833Samp13Line13,2015221153906,PsnNet_500m,255,240,240,203,240,240,243,257,264,264,213,234,155,203,221,242,243,240,240,262,262,281,189,206,140,141,196,157,214,213,257,257,240,185,215,235,235,217,197,211,211,243,204,158,158,99,209,209,182,149,150,150,245,166,144,144,228,277,277,281,33,117,117,201,171,189,189,215,283,283,135,62,142,142,185,171,149,106,213,209,100,98,98,85,85,171,180,146,117,117,62,108,108,108,74,147,142,174,59,62,62,20,15,20,77,38,156,82,130,70,24,24,20,15,24,24,24,63,138,186,186,112,24,15,27,24,20,20,20,20,174,174,112,27,38,38,24,126,15,15,20,77,77,38,112,141,141,70,15,15,15,24,27,20,24,27,186,186,142,15,18,18,15,27,27,54,54,33,33
MYD17A2H.A2011217.h12v02.006.2015221153906.Psn_QC_500m,MYD17A2H,A2011217,Lat65.9255Lon-137.4220833Samp13Line13,2015221153906,Psn_QC_500m,2,2,2,2,2,2,2,2,2,2,2,10,10,2,2,2,2,2,2,2,2,2,10,10,10,10,2,2,2,2,2,2,2,18,18,18,18,18,2,2,2,2,18,18,18,18,18,18,18,10,10,10,2,18,18,18,2,99,99,99,107,10,10,10,2,2,2,2,99,99,2,18,18,18,2,2,10,10,2,2,10,10,10,18,18,2,2,2,10,10,10,10,10,10,18,2,10,10,107,10,10,107,107,107,10,115,18,107,107,107,107,107,107,107,107,10,10,107,10,10,10,2,107,107,107,107,107,107,107,107,10,10,2,107,107,107,107,2,107,107,107,10,10,107,10,10,10,107,107,107,107,107,107,107,107,107,10,10,10,107,107,107,107,107,107,107,107,107,107
MYD17A2H.A2011225.h12v02.006.2015221194941.Gpp_500m,MYD17A2H,A2011225,Lat65.9255Lon-137.4220833Samp13Line13,2015221194941,Gpp_500m,183,220,240,240,242,242,241,241,241,256,256,233,211,219,219,235,240,219,232,232,241,241,221,199,149,149,221,229,200,211,215,235,207,211,170,179,179,149,179,198,207,207,205,183,183,164,179,179,179,193,186,186,164,150,147,164,164,190,190,193,186,204,204,206,186,147,147,164,186,206,212,230,226,226,219,186,149,179,172,222,206,206,215,212,212,186,172,179,172,190,190,222,222,215,204,172,179,179,179,179,172,172,155,175,246,199,204,204,193,193,172,148,148,130,130,130,130,197,197,197,172,136,136,197,197,175,170,170,175,190,200,140,207,207,186,186,183,207,186,190,130,130,124,162,193,130,130,219,170,170,170,198,124,124,124,229,162,162,162,221,232,232,170,190,130,190,201,150,130
MYD17A2H.A2011225.h12v02.006.2015221194941.PsnNet_500m,MYD17A2H,A2011225,Lat65.9255Lon-137.4220833Samp13Line13,2015221194941,PsnNet_500m,166,200,216,216,217,217,216,216,216,227,227,208,191,196,196,210,216,196,208,208,216,216,200,182,138,138,199,206,183,190,185,209,189,190,153,165,165,138,165,178,189,189,185,166,166,151,165,165,165,174,170,170,151,138,134,150,148,173,173,176,170,186,186,189,169,134,134,148,170,189,191,206,205,205,199,169,138,165,158,200,189,189,192,191,191,169,157,162,151,173,173,200,200,195,186,157,165,165,165,165,157,157,140,160,222,182,186,186,168,168,157,131,131,118,118,118,118,179,179,179,157,122,122,172,173,160,155,155,160,174,178,124,180,181,169,169,167,189,169,174,119,119,115,146,175,118,118,197,155,155,155,179,115,115,114,207,147,147,147,200,208,208,155,174,119,174,174,138,119
MYD17A2H.A2011225.h12v02.006.2015221194941.Psn_QC_500m,MYD17A2H,A2011225,Lat65.9255Lon-137.4220833Samp13Line13,2015221194941,Psn_QC_500m,2,2,2,2,2,2,2,2,2,2,2,2,2,2,2,2,2,2,2,2,2,2,2,2,2,2,2,2,2,2,2,2,2,2,2,2,2,2,2,2,2,2,2,2,2,2,2,2,2,2,2,2,2,2,2,2,2,2,2,2,2,2,2,2,2,2,2,2,2,2,2,2,2,2,2,2,2,2,2,2,2,2,2,2,2,2,2,2,18,2,2,2,2,2,2,2,2,2,2,2,18,18,18,2,2,2,2,2,2,2,18,2,2,2,2,2,2,2,2,2,2,2,2,2,2,18,18,18,18,18,2,2,2,2,18,18,18,18,10,18,2,2,2,10,18,2,2,10,2,2,2,10,2,2,2,18,2,2,2,18,18,18,2,2,2,2,10,2,2
MYD17A2H.A2011233.h12v02.006.2015221231609.Gpp_500m,MYD17A2H,A2011233,Lat65.9255Lon-137.4220833Samp13Line13,2015221231609,Gpp_500m,197,197,324,288,288,268,211,197,226,211,301,255,242,225,225,225,225,227,259,259,292,292,288,264,182,177,306,227,227,266,266,292,293,266,242,197,161,161,161,328,328,279,266,252,266,239,197,174,164,188,242,242,268,274,266,266,242,232,177,182,242,264,264,246,246,259,259,252,242,215,246,232,273,239,239,215,280,280,242,280,295,295,232,269,212,204,212,215,215,239,296,310,225,283,215,294,295,295,239,160,164,241,280,280,239,242,242,320,320,269,225,219,241,280,280,265,262,215,269,269,246,295,282,269,274,274,241,262,262,262,228,295,310,274,288,279,269,262,279,279,264,264,232,306,282,282,302,330,306,306,302,239,229,232,269,269,302,310,306,315,315,279,269,250,250,241,191,164,164
MYD17A2H.A2011233.h12v02.006.2015221231609.PsnNet_500m,MYD17A2H,A2011233,Lat65.9255Lon-137.4220833Samp13Line13,2015221231609,PsnNet_500m,180,180,288,258,258,243,190,181,209,194,272,231,221,203,203,203,203,209,236,236,260,260,258,239,168,164,273,209,209,238,238,260,260,238,221,180,147,147,147,291,291,250,238,229,238,216,180,161,151,172,221,221,243,249,238,238,221,211,164,168,221,239,239,223,223,236,236,227,221,196,223,211,248,215,215,196,253,253,221,252,266,266,211,243,190,187,190,196,196,215,266,278,204,255,196,264,266,266,215,148,152,221,251,253,215,221,221,285,285,244,204,199,221,251,251,239,236,196,243,243,223,266,255,244,248,248,221,236,236,236,210,266,278,246,260,253,244,236,253,253,239,239,211,272,255,255,271,292,272,272,270,215,209,211,244,244,271,278,272,280,280,251,244,227,227,221,177,151,151
MYD17A2H.A2011233.h12v02.006.2015221231609.Psn_QC_500m,MYD17A2H,A2011233,Lat65.9255Lon-137.4220833Samp13Line13,2015221231609,Psn_QC_500m,2,2,2,2,2,10,2,2,2,2,2,10,2,2,2,2,2,2,2,2,2,2,10,2,10,2,2,2,2,2,2,2,2,2,2,18,2,2,2,2,2,2,2,2,2,2,2,10,2,2,2,2,2,2,2,2,2,2,2,2,2,2,2,2,2,2,2,2,2,2,2,2,10,2,2,2,2,2,2,2,2,2,2,10,2,2,2,2,2,2,2,2,2,2,2,2,18,18,18,2,2,2,2,2,2,2,2,18,18,18,2,2,2,2,2,2,2,2,2,2,2,2,2,2,2,2,10,2,2,2,2,2,2,2,2,2,2,2,2,2,2,2,2,2,2,2,2,2,2,2,2,2,2,2,2,2,2,2,2,2,2,2,2,2,2,2,10,2,2
MYD17A2H.A2011241.h12v02.006.2015222034223.Gpp_500m,MYD17A2H,A2011241,Lat65.9255Lon-137.4220833Samp13Line13,2015222034223,Gpp_500m,213,213,206,213,206,206,186,178,168,146,182,168,173,215,210,203,203,192,178,176,168,178,176,176,155,172,213,213,206,188,188,193,168,168,176,169,169,169,162,188,181,200,168,141,131,159,149,149,169,169,142,169,172,154,154,137,146,155,159,169,149,159,169,169,173,131,131,122,121,149,149,169,169,186,177,177,159,192,124,124,149,109,109,109,122,122,177,180,180,176,176,162,180,180,102,102,102,139,149,149,180,169,184,183,183,191,163,173,173,122,159,166,169,184,183,180,164,142,142,157,157,157,174,180,177,183,176,159,159,166,142,124,184,200,186,169,164,198,188,181,181,166,168,169,184,198,198,212,212,212,166,166,145,166,148,148,180,200,222,222,214,200,200,182,181,175,176,155,168
MYD17A2H.A2011241.h12v02.006.2015222034223.PsnNet_500m,MYD17A2H,A2011241,Lat65.9255Lon-137.4220833Samp13Line13,2015222034223,PsnNet_500m,190,190,184,189,184,184,166,159,152,134,164,151,156,191,187,181,181,173,159,157,152,159,158,160,140,156,189,189,184,168,169,173,151,151,157,155,155,155,147,168,164,177,152,128,118,141,134,134,155,155,129,155,155,139,139,125,128,141,145,155,134,145,155,155,156,117,117,110,110,134,134,155,155,167,159,159,144,172,115,115,134,97,97,98,109,109,157,162,162,158,158,147,162,162,91,91,91,125,134,134,162,153,164,164,164,170,147,156,156,109,144,150,153,164,164,161,147,130,130,141,141,141,156,162,158,164,158,144,145,150,130,115,164,179,164,153,146,179,169,160,160,150,153,153,164,179,179,189,189,188,150,150,132,150,133,133,162,179,198,197,193,179,179,166,161,159,159,140,149
MYD17A2H.A2011241.h12v02.006.2015222034223.Psn_QC_500m,MYD17A2H,A2011241,Lat65.9255Lon-137.4220833Samp13Line13,2015222034223,Psn_QC_500m,2,2,2,2,2,2,2,2,2,2,2,2,2,2,2,2,2,2,2,2,2,2,2,2,2,2,2,2,2,2,2,2,2,2,2,2,2,2,2,18,2,2,2,2,2,2,2,2,2,2,2,2,2,2,2,2,2,2,2,2,2,2,2,2,2,2,2,2,2,2,2,2,2,2,2,2,2,2,2,2,2,2,2,2,2,2,2,2,2,2,2,2,2,2,2,2,2,2,2,2,2,2,2,2,2,2,2,2,2,2,2,2,2,2,2,2,2,2,2,2,2,2,2,2,2,2,2,2,2,2,2,2,2,2,2,2,2,2,2,2,2,2,2,2,2,2,2,2,2,2,2,2,2,2,2,2,2,2,2,2,2,2,2,2,2,2,2,2,2
MYD17A2H.A2011249.h12v02.006.2015222061530.Gpp_500m,MYD17A2H,A2011249,Lat65.9255Lon-137.4220833Samp13Line13,2015222061530,Gpp_500m,124,122,133,122,122,122,112,110,110,112,139,139,123,144,144,154,154,112,104,104,107,139,107,140,113,113,119,119,110,139,110,110,107,107,113,126,126,106,106,112,139,124,112,112,107,108,126,126,106,106,106,106,122,122,122,104,105,117,123,106,106,113,113,113,110,107,92,93,105,108,123,106,141,135,135,110,110,123,108,108,108,106,106,113,123,123,110,106,123,123,123,108,123,146,146,135,135,118,110,118,118,106,110,123,151,141,141,141,150,150,113,113,106,136,136,123,110,117,117,128,136,136,113,110,123,123,120,106,110,110,106,136,136,141,110,123,123,110,145,124,124,110,110,141,136,126,158,158,158,145,128,110,106,110,106,106,126,139,139,151,148,148,142,142,129,129,106,106,106
MYD17A2H.A2011249.h12v02.006.2015222061530.PsnNet_500m,MYD17A2H,A2011249,Lat65.9255Lon-137.4220833Samp13Line13,2015222061530,PsnNet_500m,112,110,119,110,110,110,102,99,99,103,125,125,112,127,127,136,136,101,94,94,97,125,97,125,102,102,106,106,99,125,99,99,97,97,102,115,115,96,96,101,125,113,101,101,97,98,115,115,96,96,96,96,110,110,110,95,96,105,112,96,96,102,102,102,99,97,83,85,96,98,112,96,128,122,122,99,99,112,98,98,98,96,96,102,112,112,99,96,112,112,112,98,112,131,131,122,122,105,99,105,105,96,99,112,137,128,128,128,136,136,102,102,96,122,122,112,99,105,105,117,122,122,102,99,112,112,109,96,99,99,96,122,122,126,99,112,112,99,129,112,112,99,99,125,122,115,142,142,142,129,117,99,96,99,96,96,115,125,125,136,132,133,126,128,117,117,96,96,96
MYD17A2H.A2011249.h12v02.006.2015222061530.Psn_QC_500m,MYD17A2H,A2011249,Lat65.9255Lon-137.4220833Samp13Line13,2015222061530,Psn_QC_500m,2,2,2,2,2,2,2,18,18,2,2,2,2,2,2,2,2,2,2,2,2,2,2,2,2,2,2,2,18,2,18,18,2,2,2,2,2,2,2,2,2,2,2,2,2,2,2,2,2,2,2,2,2,2,2,2,2,2,2,2,2,2,2,2,18,2,2,2,2,2,2,2,2,2,2,18,2,2,2,2,2,2,2,2,2,2,2,2,2,2,2,2,2,2,2,2,2,2,2,2,2,2,2,2,2,2,2,2,2,2,2,2,2,2,2,2,2,2,2,2,2,2,2,2,2,2,2,2,2,2,2,2,2,2,2,2,2,2,2,2,2,2,2,2,2,2,2,2,2,2,2,2,2,2,2,2,2,2,2,2,2,2,2,2,2,2,2,2,2
MYD17A2H.A2011257.h12v02.006.2015222104309.Gpp_500m,MYD17A2H,A2011257,Lat65.9255Lon-137.4220833Samp13Line13,2015222104309,Gpp_500m,124,118,118,112,119,117,117,125,100,89,102,102,102,119,119,119,118,86,74,68,110,110,110,100,97,90,110,110,112,112,100,74,89,100,110,102,102,83,97,100,110,95,89,86,93,97,95,93,101,110,93,103,110,113,89,86,86,86,110,90,90,103,103,83,84,110,74,75,93,110,93,93,110,110,104,84,86,92,102,93,93,93,95,97,96,95,84,86,96,96,111,110,95,136,111,103,111,96,90,92,92,92,97,103,136,111,117,111,117,110,104,95,94,97,110,95,92,104,104,110,104,110,110,92,103,95,84,84,84,103,84,86,111,111,86,110,122,105,112,110,103,84,103,111,111,92,126,126,126,123,112,112,92,87,107,84,104,115,115,129,123,123,123,122,107,107,106,106,103
MYD17A2H.A2011257.h12v02.006.2015222104309.PsnNet_500m,MYD17A2H,A2011257,Lat65.9255Lon-137.4220833Samp13Line13,2015222104309,PsnNet_500m,107,102,102,101,105,101,101,107,86,81,90,90,91,105,105,105,103,77,66,60,95,95,95,88,87,80,95,95,101,101,88,66,81,88,97,91,90,73,87,86,95,83,81,77,81,87,83,81,88,94,81,90,95,101,79,77,77,77,97,80,80,90,90,73,73,93,66,66,81,94,81,81,97,97,93,73,77,79,91,81,81,81,83,87,87,83,73,77,87,87,98,97,83,119,101,90,101,87,79,79,79,79,87,90,119,101,102,101,102,97,93,84,82,87,98,84,79,93,93,97,93,94,94,79,90,84,73,73,73,89,73,77,101,101,77,97,106,93,100,97,89,74,89,98,101,81,111,111,111,108,99,99,79,77,94,74,93,101,101,112,108,108,108,106,94,94,94,94,89
MYD17A2H.A2011257.h12v02.006.2015222104309.Psn_QC_500m,MYD17A2H,A2011257,Lat65.9255Lon-137.4220833Samp13Line13,2015222104309,Psn_QC_500m,2,2,2,10,2,2,2,2,2,2,2,2,2,2,2,2,2,2,2,2,2,2,2,2,2,2,2,2,2,2,2,2,2,2,2,2,2,2,2,2,2,2,2,2,2,2,2,2,2,2,2,2,2,2,2,2,2,2,2,2,2,2,2,2,2,2,2,2,2,2,2,2,2,2,2,2,2,2,2,2,2,2,2,2,2,2,2,2,2,2,2,2,2,2,2,2,2,2,2,2,2,2,18,2,2,2,2,2,2,2,2,2,2,2,2,2,2,2,2,2,2,2,2,2,2,2,2,2,2,2,2,2,2,2,2,2,2,2,2,2,2,2,2,2,2,2,2,2,2,2,2,2,2,2,2,2,10,2,2,2,2,2,2,2,2,2,2,2,2
MYD17A2H.A2011265.h12v02.006.2015222154911.Gpp_500m,MYD17A2H,A2011265,Lat65.9255Lon-137.4220833Samp13Line13,2015222154911,Gpp_500m,4,4,4,4,4,4,4,4,4,4,4,4,4,4,4,4,4,4,4,4,4,4,4,4,4,4,4,4,4,4,4,4,4,4,4,4,4,4,4,4,4,4,0,0,0,0,0,4,4,0,0,0,4,0,0,0,0,0,4,4,0,0,0,0,3,0,0,0,0,0,0,0,0,0,3,0,3,3,0,0,0,0,0,0,0,0,0,0,0,0,3,0,0,0,0,0,0,0,0,0,3,3,3,3,0,0,0,0,0,0,0,3,3,3,3,0,0,0,0,0,3,3,3,3,3,3,3,3,3,3,3,3,3,3,3,3,3,3,3,3,3,3,3,3,3,3,3,3,3,3,0,3,0,0,3,3,3,3,3,3,0,3,3,3,3,3,3,3,3
MYD17A2H.A2011265.h12v02.006.2015222154911.PsnNet_500m,MYD17A2H,A2011265,Lat65.9255Lon-137.4220833Samp13Line13,2015222154911,PsnNet_500m,3,3,3,3,3,3,3,3,3,3,3,3,3,3,3,3,3,3,3,3,3,3,3,3,3,3,3,3,3,3,3,3,3,3,3,3,3,3,3,3,3,3,0,0,0,0,0,3,3,0,0,0,3,0,0,0,0,0,3,3,0,0,0,0,3,0,0,0,0,0,0,0,0,0,3,0,3,3,0,0,0,0,0,0,0,0,0,0,0,0,3,0,0,0,0,0,0,0,0,0,3,3,3,3,0,0,0,0,0,0,0,3,3,3,3,0,0,0,0,0,3,3,3,3,3,3,3,3,3,3,3,3,3,3,3,3,3,3,3,3,3,3,3,3,3,3,3,3,3,3,0,3,0,0,3,3,3,3,3,3,0,3,3,3,3,3,3,3,3
MYD17A2H.A2011265.h12v02.006.2015222154911.Psn_QC_500m,MYD17A2H,A2011265,Lat65.9255Lon-137.4220833Samp13Line13,2015222154911,Psn_QC_500m,10,10,10,10,10,10,10,10,10,10,10,10,10,10,10,10,10,10,10,10,10,10,10,10,10,10,10,10,10,10,10,10,10,10,10,10,10,10,10,10,10,10,107,107,107,107,107,10,10,107,107,107,10,107,107,107,107,107,10,10,107,107,107,107,10,107,107,107,107,107,107,107,107,107,10,107,10,10,107,107,107,107,107,107,107,107,107,107,107,107,10,107,107,107,107,107,107,107,107,107,10,10,10,10,107,107,107,107,107,107,107,10,10,10,10,107,107,107,107,107,10,10,10,10,10,10,10,10,10,10,10,10,10,10,10,10,10,10,10,10,10,2,10,10,10,10,10,10,10,10,107,2,107,107,10,10,10,10,10,10,107,10,10,10,10,10,10,10,10
MYD17A2H.A2011273.h12v02.006.2015222162751.Gpp_500m,MYD17A2H,A2011273,Lat65.9255Lon-137.4220833Samp13Line13,2015222162751,Gpp_500m,22,22,22,22,21,14,14,12,10,10,21,21,11,27,6,27,23,23,8,19,19,13,13,11,11,11,25,23,22,22,19,15,14,13,15,10,10,10,9,27,23,19,10,10,10,13,11,11,13,13,13,13,10,10,12,8,11,11,9,11,11,11,11,9,12,10,6,6,8,8,8,8,11,11,8,8,8,11,9,6,8,8,8,6,8,8,6,6,11,11,9,9,9,12,9,9,9,9,6,6,10,13,11,11,5,5,11,12,6,9,9,8,8,8,13,11,8,12,12,12,10,6,11,9,9,8,11,11,8,11,11,11,6,11,11,9,12,9,9,8,9,10,8,12,12,9,12,12,6,6,12,8,8,7,8,8,12,12,6,6,12,12,12,12,6,6,6,6,13
MYD17A2H.A2011273.h12v02.006.2015222162751.PsnNet_500m,MYD17A2H,A2011273,Lat65.9255Lon-137.4220833Samp13Line13,2015222162751,PsnNet_500m,16,16,16,16,16,12,12,9,8,8,16,16,9,20,5,20,17,17,5,15,15,11,11,9,9,9,20,17,16,16,15,13,12,12,13,8,8,8,7,20,17,16,9,9,9,10,9,9,11,12,12,11,9,9,10,6,9,9,7,9,9,9,9,7,9,9,5,5,7,7,7,7,9,9,7,7,7,8,7,5,6,6,7,5,6,6,5,5,8,8,7,7,7,9,7,7,7,7,5,5,7,11,8,8,4,4,9,9,5,7,7,7,7,7,11,8,7,9,9,9,8,5,8,7,7,7,8,8,7,8,8,8,5,8,8,7,9,7,7,7,7,7,7,9,9,7,9,9,5,5,9,7,7,6,7,7,9,9,5,5,9,9,9,9,5,5,5,5,9
MYD17A2H.A2011273.h12v02.006.2015222162751.Psn_QC_500m,MYD17A2H,A2011273,Lat65.9255Lon-137.4220833Samp13Line13,2015222162751,Psn_QC_500m,18,18,18,18,2,2,2,18,2,2,18,18,2,18,10,18,2,2,2,2,2,18,18,18,2,2,2,2,2,2,2,2,2,2,2,2,2,2,2,2,2,2,2,2,2,2,2,2,2,2,2,2,2,2,2,2,2,2,2,2,2,2,2,18,18,2,2,2,2,2,2,2,2,2,2,2,2,2,2,2,2,2,2,2,2,2,2,2,2,2,2,2,2,2,2,2,2,2,2,2,2,2,2,2,75,75,2,2,2,2,2,2,2,2,2,2,2,2,2,2,2,2,2,2,2,2,2,2,2,2,2,2,2,2,2,2,2,2,2,2,2,2,2,2,2,2,2,2,10,10,2,2,2,2,2,2,10,10,10,10,2,2,2,2,10,2,2,2,18
MYD17A2H.A2011281.h12v02.006.2015222165648.Gpp_500m,MYD17A2H,A2011281,Lat65.9255Lon-137.4220833Samp13Line13,2015222165648,Gpp_500m,11,8,8,8,8,6,6,6,8,8,6,5,4,9,8,9,7,8,8,6,7,7,9,4,3,3,10,10,9,6,6,7,8,8,3,3,3,3,3,9,7,7,8,8,4,3,3,3,3,4,4,4,5,8,7,7,3,2,3,2,3,3,2,2,4,7,2,2,2,2,2,3,2,2,2,2,3,2,2,2,2,2,2,2,1,1,1,2,2,2,2,2,2,2,2,2,2,2,1,2,2,2,2,3,3,3,4,2,2,2,1,2,3,3,4,4,3,4,4,2,2,2,2,3,2,2,2,2,2,2,2,2,2,2,3,3,2,2,2,2,2,1,1,3,3,2,2,4,3,3,2,0,1,1,3,3,3,3,10,5,5,2,2,2,1,1,1,2,2
MYD17A2H.A2011281.h12v02.006.2015222165648.PsnNet_500m,MYD17A2H,A2011281,Lat65.9255Lon-137.4220833Samp13Line13,2015222165648,PsnNet_500m,0,1,0,1,1,3,3,3,1,1,3,3,2,0,0,0,0,1,1,3,1,3,0,2,1,1,0,0,0,3,3,1,0,1,2,1,1,1,1,0,0,0,1,1,2,1,1,1,2,3,3,2,3,1,0,0,1,1,1,1,1,1,1,1,2,0,1,1,1,1,1,1,1,1,1,1,2,1,1,1,1,1,1,1,1,1,1,1,1,1,1,1,1,1,1,1,1,1,1,1,1,1,1,2,1,1,2,1,1,1,1,1,2,1,2,2,1,2,2,1,1,1,1,2,1,1,1,1,1,1,1,1,1,1,2,2,1,1,1,1,1,1,1,1,1,1,1,2,1,1,1,0,1,1,2,2,1,2,0,3,3,1,1,1,1,1,1,1,1
MYD17A2H.A2011281.h12v02.006.2015222165648.Psn_QC_500m,MYD17A2H,A2011281,Lat65.9255Lon-137.4220833Samp13Line13,2015222165648,Psn_QC_500m,67,67,67,67,67,67,67,67,67,67,67,67,67,67,67,67,75,67,67,67,67,67,67,67,67,67,67,67,67,67,67,67,67,67,67,67,67,67,67,67,67,67,67,67,67,67,67,67,67,67,67,67,67,67,67,67,67,67,67,67,67,67,67,67,67,67,67,67,67,67,67,67,67,67,67,67,67,67,75,75,67,67,67,67,67,67,67,67,67,83,83,75,75,75,67,75,75,67,67,67,67,67,67,67,75,75,75,67,75,75,67,67,67,67,67,67,67,75,75,83,83,75,67,67,67,67,67,67,67,67,83,83,67,67,67,67,83,67,67,67,67,67,67,67,75,83,83,83,67,67,67,67,67,67,67,67,67,83,67,67,67,75,75,67,67,67,67,67,67
MYD17A2H.A2011289.h12v02.006.2015223070641.Gpp_500m,MYD17A2H,A2011289,Lat65.9255Lon-137.4220833Samp13Line13,2015223070641,Gpp_500m,2,2,2,2,2,2,0,0,1,2,2,2,2,2,2,2,2,2,0,2,2,2,2,2,0,0,2,2,2,2,2,2,1,1,2,0,0,0,0,2,2,2,0,0,0,0,0,0,0,1,1,0,2,0,0,0,0,0,0,0,0,0,0,0,0,0,0,0,0,0,0,0,0,0,0,0,0,0,0,0,0,0,0,0,0,0,0,0,0,0,0,0,0,0,0,0,0,0,0,0,0,0,0,0,0,0,2,0,0,0,0,0,0,0,0,0,0,0,0,0,0,0,0,0,0,0,0,0,0,0,0,0,0,0,0,0,0,0,0,0,0,0,0,0,0,0,0,0,0,0,0,0,0,0,0,0,0,1,0,1,1,0,0,0,0,0,0,0,0
MYD17A2H.A2011289.h12v02.006.2015223070641.PsnNet_500m,MYD17A2H,A2011289,Lat65.9255Lon-137.4220833Samp13Line13,2015223070641,PsnNet_500m,1,2,1,1,0,0,0,0,0,0,0,1,0,2,1,2,0,0,0,0,0,1,0,0,0,0,2,1,1,1,0,0,0,0,0,0,0,0,0,2,1,0,0,0,0,0,0,0,0,0,0,0,1,0,0,0,0,0,0,0,0,0,0,0,0,0,0,0,0,0,0,0,0,0,0,0,0,0,0,0,0,0,0,0,0,0,0,0,0,0,0,0,0,0,0,0,0,0,0,0,0,0,0,0,0,0,0,0,0,0,0,0,0,0,0,0,0,0,0,0,0,0,0,0,0,0,0,0,0,0,0,0,0,0,0,0,0,0,0,0,0,0,0,0,0,0,0,0,0,0,0,0,0,0,0,0,0,0,0,0,0,0,0,0,0,0,0,0,0
MYD17A2H.A2011289.h12v02.006.2015223070641.Psn_QC_500m,MYD17A2H,A2011289,Lat65.9255Lon-137.4220833Samp13Line13,2015223070641,Psn_QC_500m,83,67,67,67,75,75,67,67,67,67,67,67,75,67,67,67,67,67,67,67,67,67,67,75,67,67,67,67,67,67,67,67,67,67,67,67,75,67,67,67,67,67,67,67,67,67,67,67,67,67,67,67,67,75,67,67,75,67,67,67,67,67,67,67,67,75,67,75,67,67,67,67,67,67,67,67,67,67,83,67,67,67,67,67,67,67,67,67,67,67,67,75,83,67,67,67,67,67,67,67,67,67,67,67,67,67,83,67,67,67,67,67,67,67,67,67,67,83,67,67,67,67,67,67,67,67,67,67,67,67,67,67,67,67,67,67,67,67,67,67,67,67,67,67,67,67,67,67,67,67,67,67,67,67,75,67,67,67,67,67,67,67,67,67,67,67,67,67,67
MYD17A2H.A2011297.h12v02.006.2015229183403.Gpp_500m,MYD17A2H,A2011297,Lat65.9255Lon-137.4220833Samp13Line13,2015229183403,Gpp_500m,0,0,0,0,0,0,0,0,0,0,0,0,0,0,0,0,0,0,0,0,0,0,0,0,0,0,0,0,0,0,0,0,0,0,0,0,0,0,0,0,0,0,0,0,0,0,0,0,0,0,0,0,0,0,0,0,0,0,0,0,0,0,0,0,0,0,0,0,0,0,0,0,0,0,0,0,0,0,0,0,0,0,0,0,0,0,0,0,0,0,0,0,0,0,0,0,0,0,0,0,0,0,0,0,0,0,0,0,0,0,0,0,0,0,0,0,0,0,0,0,0,0,0,0,0,0,0,0,0,0,0,0,0,0,0,0,0,0,0,0,0,0,0,0,0,0,0,0,0,0,0,0,0,0,0,0,0,0,0,0,0,0,0,0,0,0,0,0,0
MYD17A2H.A2011297.h12v02.006.2015229183403.PsnNet_500m,MYD17A2H,A2011297,Lat65.9255Lon-137.4220833Samp13Line13,2015229183403,PsnNet_500m,0,0,0,0,0,0,0,0,0,0,0,0,0,0,0,0,0,0,0,0,0,0,0,0,0,0,0,0,0,0,0,0,0,0,0,0,0,0,0,0,0,0,0,0,0,0,0,0,0,0,0,0,0,0,0,0,0,0,0,0,0,0,0,0,0,0,0,0,0,0,0,0,0,0,0,0,0,0,0,0,0,0,0,0,0,0,0,0,0,0,0,0,0,0,0,0,0,0,0,0,0,0,0,0,0,0,0,0,0,0,0,0,0,0,0,0,0,0,0,0,0,0,0,0,0,0,0,0,0,0,0,0,0,0,0,0,0,0,0,0,0,0,0,0,0,0,0,0,0,0,0,0,0,0,0,0,0,0,0,0,0,0,0,0,0,0,0,0,0
MYD17A2H.A2011297.h12v02.006.2015229183403.Psn_QC_500m,MYD17A2H,A2011297,Lat65.9255Lon-137.4220833Samp13Line13,2015229183403,Psn_QC_500m,67,67,67,67,67,75,75,75,75,75,67,67,75,67,67,67,67,67,75,75,67,67,75,75,75,75,67,67,67,67,75,75,75,75,75,75,75,75,67,67,67,67,75,75,75,75,75,75,67,75,67,75,75,75,75,75,75,75,75,75,75,75,75,75,75,67,75,75,75,75,67,67,75,75,75,75,75,75,75,75,75,67,67,67,67,67,75,75,75,75,67,75,67,67,67,67,67,67,67,67,67,67,67,75,67,67,67,67,67,67,67,67,67,67,67,67,75,67,75,75,67,67,67,67,67,67,67,75,75,67,67,67,67,67,67,67,67,67,67,67,67,67,75,67,67,67,67,67,67,67,67,67,75,67,75,75,67,67,67,67,67,67,67,67,67,75,75,75,67
MYD17A2H.A2011305.h12v02.006.2015229215520.Gpp_500m,MYD17A2H,A2011305,Lat65.9255Lon-137.4220833Samp13Line13,2015229215520,Gpp_500m,0,0,0,0,0,0,0,0,0,0,0,0,0,0,0,0,0,0,0,0,0,0,0,0,0,0,0,0,0,0,0,0,0,0,0,0,0,0,0,0,0,0,0,0,0,0,0,0,0,0,0,0,0,0,0,0,0,0,0,0,0,0,0,0,0,0,0,0,0,0,0,0,0,0,0,0,0,0,0,0,0,0,0,0,0,0,0,0,0,0,0,0,0,0,0,0,0,0,0,0,0,0,0,0,0,0,0,0,0,0,0,0,0,0,0,0,0,0,0,0,0,0,0,0,0,0,0,0,0,0,0,0,0,0,0,0,0,0,0,0,0,0,0,0,0,0,0,0,0,0,0,0,0,0,0,0,0,0,0,0,0,0,0,0,0,0,0,0,0
MYD17A2H.A2011305.h12v02.006.2015229215520.PsnNet_500m,MYD17A2H,A2011305,Lat65.9255Lon-137.4220833Samp13Line13,2015229215520,PsnNet_500m,0,0,0,0,0,0,0,0,0,0,0,0,0,0,0,0,0,0,0,0,0,0,0,0,0,0,0,0,0,0,0,0,0,0,0,0,0,0,0,0,0,0,0,0,0,0,0,0,0,0,0,0,0,0,0,0,0,0,0,0,0,0,0,0,0,0,0,0,0,0,0,0,0,0,0,0,0,0,0,0,0,0,0,0,0,0,0,0,0,0,0,0,0,0,0,0,0,0,0,0,0,0,0,0,0,0,0,0,0,0,0,0,0,0,0,0,0,0,0,0,0,0,0,0,0,0,0,0,0,0,0,0,0,0,0,0,0,0,0,0,0,0,0,0,0,0,0,0,0,0,0,0,0,0,0,0,0,0,0,0,0,0,0,0,0,0,0,0,0
MYD17A2H.A2011305.h12v02.006.2015229215520.Psn_QC_500m,MYD17A2H,A2011305,Lat65.9255Lon-137.4220833Samp13Line13,2015229215520,Psn_QC_500m,67,67,67,67,67,67,67,67,67,67,67,67,67,67,67,67,67,67,67,67,67,67,67,67,67,67,67,67,67,67,67,67,67,67,67,67,67,67,67,67,67,67,67,67,67,67,67,67,67,67,67,67,67,67,67,67,67,67,67,67,67,67,67,75,67,67,75,75,75,75,67,75,67,67,67,67,67,67,75,67,67,75,75,67,67,67,67,67,67,67,67,67,67,67,67,67,67,67,67,67,67,67,67,67,67,67,67,67,67,67,67,67,75,67,67,67,75,67,67,67,67,67,67,67,67,67,67,75,75,67,75,67,67,67,75,67,67,67,67,67,67,67,67,67,67,67,67,67,67,67,67,67,67,75,75,75,67,67,67,67,67,67,67,67,67,75,75,75,67
MYD17A2H.A2011313.h12v02.006.2015230013040.Gpp_500m,MYD17A2H,A2011313,Lat65.9255Lon-137.4220833Samp13Line13,2015230013040,Gpp_500m,0,0,0,0,0,0,0,0,0,0,0,0,0,0,0,0,0,0,0,0,0,0,0,0,0,0,0,0,0,0,0,0,0,0,0,0,0,0,0,0,0,0,0,0,0,0,0,0,0,0,0,0,0,0,0,0,0,0,0,0,0,0,0,0,0,0,0,0,0,0,0,0,0,0,0,0,0,0,0,0,0,0,0,0,0,0,0,0,0,0,0,0,0,0,0,0,0,0,0,0,0,0,0,0,0,0,0,0,0,0,0,0,0,0,0,0,0,0,0,0,0,0,0,0,0,0,0,0,0,0,0,0,0,0,0,0,0,0,0,0,0,0,0,0,0,0,0,0,0,0,0,0,0,0,0,0,0,0,0,0,0,0,0,0,0,0,0,0,0
MYD17A2H.A2011313.h12v02.006.2015230013040.PsnNet_500m,MYD17A2H,A2011313,Lat65.9255Lon-137.4220833Samp13Line13,2015230013040,PsnNet_500m,0,0,0,0,0,0,0,0,0,0,0,0,0,0,0,0,0,0,0,0,0,0,0,0,0,0,0,0,0,0,0,0,0,0,0,0,0,0,0,0,0,0,0,0,0,0,0,0,0,0,0,0,0,0,0,0,0,0,0,0,0,0,0,0,0,0,0,0,0,0,0,0,0,0,0,0,0,0,0,0,0,0,0,0,0,0,0,0,0,0,0,0,0,0,0,0,0,0,0,0,0,0,0,0,0,0,0,0,0,0,0,0,0,0,0,0,0,0,0,0,0,0,0,0,0,0,0,0,0,0,0,0,0,0,0,0,0,0,0,0,0,0,0,0,0,0,0,0,0,0,0,0,0,0,0,0,0,0,0,0,0,0,0,0,0,0,0,0,0
MYD17A2H.A2011313.h12v02.006.2015230013040.Psn_QC_500m,MYD17A2H,A2011313,Lat65.9255Lon-137.4220833Samp13Line13,2015230013040,Psn_QC_500m,83,83,67,67,75,75,83,83,83,83,83,83,83,75,83,83,83,83,83,83,83,83,83,83,83,75,67,67,67,83,83,75,75,75,83,67,67,83,83,67,83,83,83,83,75,83,83,83,83,83,83,83,67,83,83,83,83,83,83,83,83,83,83,83,83,83,83,83,83,83,83,83,83,83,83,83,83,67,83,83,83,67,67,67,67,67,83,83,75,75,75,83,67,83,75,75,75,75,75,75,75,75,75,83,75,75,67,67,67,67,67,83,67,83,67,67,67,67,83,67,67,83,67,83,83,67,83,67,75,75,67,67,67,67,67,67,67,67,67,67,67,67,67,67,67,83,67,67,67,67,67,67,75,75,75,75,67,67,67,67,67,67,67,67,67,67,67,67,67
MYD17A2H.A2011321.h12v02.006.2015230043707.Gpp_500m,MYD17A2H,A2011321,Lat65.9255Lon-137.4220833Samp13Line13,2015230043707,Gpp_500m,0,0,0,0,0,0,0,0,0,0,0,0,0,0,0,0,0,0,0,0,0,0,0,0,0,0,0,0,0,0,0,0,0,0,0,0,0,0,0,0,0,0,0,0,0,0,0,0,0,0,0,0,0,0,0,0,0,0,0,0,0,0,0,0,0,0,0,0,0,0,0,0,0,0,0,0,0,0,0,0,0,0,0,0,0,0,0,0,0,0,0,0,0,0,0,0,0,0,0,0,0,0,0,0,0,0,0,0,0,0,0,0,0,0,0,0,0,0,0,0,0,0,0,0,0,0,0,0,0,0,0,0,0,0,0,0,0,0,0,0,0,0,0,0,0,0,0,0,0,0,0,0,0,0,0,0,0,0,0,0,0,0,0,0,0,0,0,0,0
MYD17A2H.A2011321.h12v02.006.2015230043707.PsnNet_500m,MYD17A2H,A2011321,Lat65.9255Lon-137.4220833Samp13Line13,2015230043707,PsnNet_500m,0,0,0,0,0,0,0,0,0,0,0,0,0,0,0,0,0,0,0,0,0,0,0,0,0,0,0,0,0,0,0,0,0,0,0,0,0,0,0,0,0,0,0,0,0,0,0,0,0,0,0,0,0,0,0,0,0,0,0,0,0,0,0,0,0,0,0,0,0,0,0,0,0,0,0,0,0,0,0,0,0,0,0,0,0,0,0,0,0,0,0,0,0,0,0,0,0,0,0,0,0,0,0,0,0,0,0,0,0,0,0,0,0,0,0,0,0,0,0,0,0,0,0,0,0,0,0,0,0,0,0,0,0,0,0,0,0,0,0,0,0,0,0,0,0,0,0,0,0,0,0,0,0,0,0,0,0,0,0,0,0,0,0,0,0,0,0,0,0
MYD17A2H.A2011321.h12v02.006.2015230043707.Psn_QC_500m,MYD17A2H,A2011321,Lat65.9255Lon-137.4220833Samp13Line13,2015230043707,Psn_QC_500m,75,67,75,67,67,75,75,75,75,75,75,75,75,67,67,75,75,75,75,75,75,75,75,75,75,75,67,67,67,75,75,75,75,75,75,75,75,75,75,67,67,67,75,75,75,75,75,75,75,75,75,75,75,75,75,75,75,75,75,75,75,75,75,75,75,75,75,75,75,75,75,75,75,75,75,75,75,75,75,75,75,75,75,75,75,75,75,75,75,75,75,75,75,75,75,83,75,67,75,75,75,75,75,75,67,67,67,67,67,75,75,75,75,75,75,75,75,67,75,75,75,75,75,75,75,75,75,75,75,75,75,75,75,75,75,75,75,75,75,75,75,75,75,67,67,75,75,67,67,67,75,75,75,75,75,75,75,67,67,67,67,67,67,67,67,75,75,75,75
MYD17A2H.A2011329.h12v02.006.2015230063121.Gpp_500m,MYD17A2H,A2011329,Lat65.9255Lon-137.4220833Samp13Line13,2015230063121,Gpp_500m,32767,32767,32767,32767,32767,32767,32767,32767,32767,32767,32767,32767,32767,32767,32767,32767,32767,32767,32767,32767,32767,32767,32767,32767,32767,32767,32767,32767,32767,32767,32767,32767,32767,32767,32767,32767,32767,32767,32767,32767,32767,32767,32767,32767,32767,32767,32767,32767,32767,32767,32767,32767,32767,32767,32767,32767,32767,32767,32767,32767,32767,32767,32767,32767,32767,32767,32767,32767,32767,32767,32767,32767,32767,32767,32767,32767,32767,32767,32767,32767,32767,32767,32767,32767,32767,32767,32767,32767,32767,32767,32767,32767,32767,32767,32767,32767,32767,32767,32767,32767,32767,32767,32767,32767,32767,32767,32767,32767,32767,32767,32767,32767,32767,32767,32767,32767,32767,32767,32767,32767,32767,32767,32767,32767,32767,32767,32767,32767,32767,32767,32767,32767,32767,32767,32767,32767,32767,32767,32767,32767,32767,32767,32767,32767,32767,32767,32767,32767,32767,32767,32767,32767,32767,32767,32767,32767,32767,32767,32767,32767,32767,32767,32767,32767,32767,32767,32767,32767,32767
MYD17A2H.A2011329.h12v02.006.2015230063121.PsnNet_500m,MYD17A2H,A2011329,Lat65.9255Lon-137.4220833Samp13Line13,2015230063121,PsnNet_500m,32767,32767,32767,32767,32767,32767,32767,32767,32767,32767,32767,32767,32767,32767,32767,32767,32767,32767,32767,32767,32767,32767,32767,32767,32767,32767,32767,32767,32767,32767,32767,32767,32767,32767,32767,32767,32767,32767,32767,32767,32767,32767,32767,32767,32767,32767,32767,32767,32767,32767,32767,32767,32767,32767,32767,32767,32767,32767,32767,32767,32767,32767,32767,32767,32767,32767,32767,32767,32767,32767,32767,32767,32767,32767,32767,32767,32767,32767,32767,32767,32767,32767,32767,32767,32767,32767,32767,32767,32767,32767,32767,32767,32767,32767,32767,32767,32767,32767,32767,32767,32767,32767,32767,32767,32767,32767,32767,32767,32767,32767,32767,32767,32767,32767,32767,32767,32767,32767,32767,32767,32767,32767,32767,32767,32767,32767,32767,32767,32767,32767,32767,32767,32767,32767,32767,32767,32767,32767,32767,32767,32767,32767,32767,32767,32767,32767,32767,32767,32767,32767,32767,32767,32767,32767,32767,32767,32767,32767,32767,32767,32767,32767,32767,32767,32767,32767,32767,32767,32767
MYD17A2H.A2011329.h12v02.006.2015230063121.Psn_QC_500m,MYD17A2H,A2011329,Lat65.9255Lon-137.4220833Samp13Line13,2015230063121,Psn_QC_500m,255,255,255,255,255,255,255,255,255,255,255,255,255,255,255,255,255,255,255,255,255,255,255,255,255,255,255,255,255,255,255,255,255,255,255,255,255,255,255,255,255,255,255,255,255,255,255,255,255,255,255,255,255,255,255,255,255,255,255,255,255,255,255,255,255,255,255,255,255,255,255,255,255,255,255,255,255,255,255,255,255,255,255,255,255,255,255,255,255,255,255,255,255,255,255,255,255,255,255,255,255,255,255,255,255,255,255,255,255,255,255,255,255,255,255,255,255,255,255,255,255,255,255,255,255,255,255,255,255,255,255,255,255,255,255,255,255,255,255,255,255,255,255,255,255,255,255,255,255,255,255,255,255,255,255,255,255,255,255,255,255,255,255,255,255,255,255,255,255
MYD17A2H.A2011337.h12v02.006.2015230081118.Gpp_500m,MYD17A2H,A2011337,Lat65.9255Lon-137.4220833Samp13Line13,2015230081118,Gpp_500m,32767,32767,32767,32767,32767,32767,32767,32767,32767,32767,32767,32767,32767,32767,32767,32767,32767,32767,32767,32767,32767,32767,32767,32767,32767,32767,32767,32767,32767,32767,32767,32767,32767,32767,32767,32767,32767,32767,32767,32767,32767,32767,32767,32767,32767,32767,32767,32767,32767,32767,32767,32767,32767,32767,32767,32767,32767,32767,32767,32767,32767,32767,32767,32767,32767,32767,32767,32767,32767,32767,32767,32767,32767,32767,32767,32767,32767,32767,32767,32767,32767,32767,32767,32767,32767,32767,32767,32767,32767,32767,32767,32767,32767,32767,32767,32767,32767,32767,32767,32767,32767,32767,32767,32767,32767,32767,32767,32767,32767,32767,32767,32767,32767,32767,32767,32767,32767,32767,32767,32767,32767,32767,32767,32767,32767,32767,32767,32767,32767,32767,32767,32767,32767,32767,32767,32767,32767,32767,32767,32767,32767,32767,32767,32767,32767,32767,32767,32767,32767,32767,32767,32767,32767,32767,32767,32767,32767,32767,32767,32767,32767,32767,32767,32767,32767,32767,32767,32767,32767
MYD17A2H.A2011337.h12v02.006.2015230081118.PsnNet_500m,MYD17A2H,A2011337,Lat65.9255Lon-137.4220833Samp13Line13,2015230081118,PsnNet_500m,32767,32767,32767,32767,32767,32767,32767,32767,32767,32767,32767,32767,32767,32767,32767,32767,32767,32767,32767,32767,32767,32767,32767,32767,32767,32767,32767,32767,32767,32767,32767,32767,32767,32767,32767,32767,32767,32767,32767,32767,32767,32767,32767,32767,32767,32767,32767,32767,32767,32767,32767,32767,32767,32767,32767,32767,32767,32767,32767,32767,32767,32767,32767,32767,32767,32767,32767,32767,32767,32767,32767,32767,32767,32767,32767,32767,32767,32767,32767,32767,32767,32767,32767,32767,32767,32767,32767,32767,32767,32767,32767,32767,32767,32767,32767,32767,32767,32767,32767,32767,32767,32767,32767,32767,32767,32767,32767,32767,32767,32767,32767,32767,32767,32767,32767,32767,32767,32767,32767,32767,32767,32767,32767,32767,32767,32767,32767,32767,32767,32767,32767,32767,32767,32767,32767,32767,32767,32767,32767,32767,32767,32767,32767,32767,32767,32767,32767,32767,32767,32767,32767,32767,32767,32767,32767,32767,32767,32767,32767,32767,32767,32767,32767,32767,32767,32767,32767,32767,32767
MYD17A2H.A2011337.h12v02.006.2015230081118.Psn_QC_500m,MYD17A2H,A2011337,Lat65.9255Lon-137.4220833Samp13Line13,2015230081118,Psn_QC_500m,255,255,255,255,255,255,255,255,255,255,255,255,255,255,255,255,255,255,255,255,255,255,255,255,255,255,255,255,255,255,255,255,255,255,255,255,255,255,255,255,255,255,255,255,255,255,255,255,255,255,255,255,255,255,255,255,255,255,255,255,255,255,255,255,255,255,255,255,255,255,255,255,255,255,255,255,255,255,255,255,255,255,255,255,255,255,255,255,255,255,255,255,255,255,255,255,255,255,255,255,255,255,255,255,255,255,255,255,255,255,255,255,255,255,255,255,255,255,255,255,255,255,255,255,255,255,255,255,255,255,255,255,255,255,255,255,255,255,255,255,255,255,255,255,255,255,255,255,255,255,255,255,255,255,255,255,255,255,255,255,255,255,255,255,255,255,255,255,255
MYD17A2H.A2011345.h12v02.006.2015230090332.Gpp_500m,MYD17A2H,A2011345,Lat65.9255Lon-137.4220833Samp13Line13,2015230090332,Gpp_500m,32767,32767,32767,32767,32767,32767,32767,32767,32767,32767,32767,32767,32767,32767,32767,32767,32767,32767,32767,32767,32767,32767,32767,32767,32767,32767,32767,32767,32767,32767,32767,32767,32767,32767,32767,32767,32767,32767,32767,32767,32767,32767,32767,32767,32767,32767,32767,32767,32767,32767,32767,32767,32767,32767,32767,32767,32767,32767,32767,32767,32767,32767,32767,32767,32767,32767,32767,32767,32767,32767,32767,32767,32767,32767,32767,32767,32767,32767,32767,32767,32767,32767,32767,32767,32767,32767,32767,32767,32767,32767,32767,32767,32767,32767,32767,32767,32767,32767,32767,32767,32767,32767,32767,32767,32767,32767,32767,32767,32767,32767,32767,32767,32767,32767,32767,32767,32767,32767,32767,32767,32767,32767,32767,32767,32767,32767,32767,32767,32767,32767,32767,32767,32767,32767,32767,32767,32767,32767,32767,32767,32767,32767,32767,32767,32767,32767,32767,32767,32767,32767,32767,32767,32767,32767,32767,32767,32767,32767,32767,32767,32767,32767,32767,32767,32767,32767,32767,32767,32767
MYD17A2H.A2011345.h12v02.006.2015230090332.PsnNet_500m,MYD17A2H,A2011345,Lat65.9255Lon-137.4220833Samp13Line13,2015230090332,PsnNet_500m,32767,32767,32767,32767,32767,32767,32767,32767,32767,32767,32767,32767,32767,32767,32767,32767,32767,32767,32767,32767,32767,32767,32767,32767,32767,32767,32767,32767,32767,32767,32767,32767,32767,32767,32767,32767,32767,32767,32767,32767,32767,32767,32767,32767,32767,32767,32767,32767,32767,32767,32767,32767,32767,32767,32767,32767,32767,32767,32767,32767,32767,32767,32767,32767,32767,32767,32767,32767,32767,32767,32767,32767,32767,32767,32767,32767,32767,32767,32767,32767,32767,32767,32767,32767,32767,32767,32767,32767,32767,32767,32767,32767,32767,32767,32767,32767,32767,32767,32767,32767,32767,32767,32767,32767,32767,32767,32767,32767,32767,32767,32767,32767,32767,32767,32767,32767,32767,32767,32767,32767,32767,32767,32767,32767,32767,32767,32767,32767,32767,32767,32767,32767,32767,32767,32767,32767,32767,32767,32767,32767,32767,32767,32767,32767,32767,32767,32767,32767,32767,32767,32767,32767,32767,32767,32767,32767,32767,32767,32767,32767,32767,32767,32767,32767,32767,32767,32767,32767,32767
MYD17A2H.A2011345.h12v02.006.2015230090332.Psn_QC_500m,MYD17A2H,A2011345,Lat65.9255Lon-137.4220833Samp13Line13,2015230090332,Psn_QC_500m,255,255,255,255,255,255,255,255,255,255,255,255,255,255,255,255,255,255,255,255,255,255,255,255,255,255,255,255,255,255,255,255,255,255,255,255,255,255,255,255,255,255,255,255,255,255,255,255,255,255,255,255,255,255,255,255,255,255,255,255,255,255,255,255,255,255,255,255,255,255,255,255,255,255,255,255,255,255,255,255,255,255,255,255,255,255,255,255,255,255,255,255,255,255,255,255,255,255,255,255,255,255,255,255,255,255,255,255,255,255,255,255,255,255,255,255,255,255,255,255,255,255,255,255,255,255,255,255,255,255,255,255,255,255,255,255,255,255,255,255,255,255,255,255,255,255,255,255,255,255,255,255,255,255,255,255,255,255,255,255,255,255,255,255,255,255,255,255,255
MYD17A2H.A2011353.h12v02.006.2015230093314.Gpp_500m,MYD17A2H,A2011353,Lat65.9255Lon-137.4220833Samp13Line13,2015230093314,Gpp_500m,32767,32767,32767,32767,32767,32767,32767,32767,32767,32767,32767,32767,32767,32767,32767,32767,32767,32767,32767,32767,32767,32767,32767,32767,32767,32767,32767,32767,32767,32767,32767,32767,32767,32767,32767,32767,32767,32767,32767,32767,32767,32767,32767,32767,32767,32767,32767,32767,32767,32767,32767,32767,32767,32767,32767,32767,32767,32767,32767,32767,32767,32767,32767,32767,32767,32767,32767,32767,32767,32767,32767,32767,32767,32767,32767,32767,32767,32767,32767,32767,32767,32767,32767,32767,32767,32767,32767,32767,32767,32767,32767,32767,32767,32767,32767,32767,32767,32767,32767,32767,32767,32767,32767,32767,32767,32767,32767,32767,32767,32767,32767,32767,32767,32767,32767,32767,32767,32767,32767,32767,32767,32767,32767,32767,32767,32767,32767,32767,32767,32767,32767,32767,32767,32767,32767,32767,32767,32767,32767,32767,32767,32767,32767,32767,32767,32767,32767,32767,32767,32767,32767,32767,32767,32767,32767,32767,32767,32767,32767,32767,32767,32767,32767,32767,32767,32767,32767,32767,32767
MYD17A2H.A2011353.h12v02.006.2015230093314.PsnNet_500m,MYD17A2H,A2011353,Lat65.9255Lon-137.4220833Samp13Line13,2015230093314,PsnNet_500m,32767,32767,32767,32767,32767,32767,32767,32767,32767,32767,32767,32767,32767,32767,32767,32767,32767,32767,32767,32767,32767,32767,32767,32767,32767,32767,32767,32767,32767,32767,32767,32767,32767,32767,32767,32767,32767,32767,32767,32767,32767,32767,32767,32767,32767,32767,32767,32767,32767,32767,32767,32767,32767,32767,32767,32767,32767,32767,32767,32767,32767,32767,32767,32767,32767,32767,32767,32767,32767,32767,32767,32767,32767,32767,32767,32767,32767,32767,32767,32767,32767,32767,32767,32767,32767,32767,32767,32767,32767,32767,32767,32767,32767,32767,32767,32767,32767,32767,32767,32767,32767,32767,32767,32767,32767,32767,32767,32767,32767,32767,32767,32767,32767,32767,32767,32767,32767,32767,32767,32767,32767,32767,32767,32767,32767,32767,32767,32767,32767,32767,32767,32767,32767,32767,32767,32767,32767,32767,32767,32767,32767,32767,32767,32767,32767,32767,32767,32767,32767,32767,32767,32767,32767,32767,32767,32767,32767,32767,32767,32767,32767,32767,32767,32767,32767,32767,32767,32767,32767
MYD17A2H.A2011353.h12v02.006.2015230093314.Psn_QC_500m,MYD17A2H,A2011353,Lat65.9255Lon-137.4220833Samp13Line13,2015230093314,Psn_QC_500m,255,255,255,255,255,255,255,255,255,255,255,255,255,255,255,255,255,255,255,255,255,255,255,255,255,255,255,255,255,255,255,255,255,255,255,255,255,255,255,255,255,255,255,255,255,255,255,255,255,255,255,255,255,255,255,255,255,255,255,255,255,255,255,255,255,255,255,255,255,255,255,255,255,255,255,255,255,255,255,255,255,255,255,255,255,255,255,255,255,255,255,255,255,255,255,255,255,255,255,255,255,255,255,255,255,255,255,255,255,255,255,255,255,255,255,255,255,255,255,255,255,255,255,255,255,255,255,255,255,255,255,255,255,255,255,255,255,255,255,255,255,255,255,255,255,255,255,255,255,255,255,255,255,255,255,255,255,255,255,255,255,255,255,255,255,255,255,255,255
MYD17A2H.A2011361.h12v02.006.2015230095155.Gpp_500m,MYD17A2H,A2011361,Lat65.9255Lon-137.4220833Samp13Line13,2015230095155,Gpp_500m,32767,32767,32767,32767,32767,32767,32767,32767,32767,32767,32767,32767,32767,32767,32767,32767,32767,32767,32767,32767,32767,32767,32767,32767,32767,32767,32767,32767,32767,32767,32767,32767,32767,32767,32767,32767,32767,32767,32767,32767,32767,32767,32767,32767,32767,32767,32767,32767,32767,32767,32767,32767,32767,32767,32767,32767,32767,32767,32767,32767,32767,32767,32767,32767,32767,32767,32767,32767,32767,32767,32767,32767,32767,32767,32767,32767,32767,32767,32767,32767,32767,32767,32767,32767,32767,32767,32767,32767,32767,32767,32767,32767,32767,32767,32767,32767,32767,32767,32767,32767,32767,32767,32767,32767,32767,32767,32767,32767,32767,32767,32767,32767,32767,32767,32767,32767,32767,32767,32767,32767,32767,32767,32767,32767,32767,32767,32767,32767,32767,32767,32767,32767,32767,32767,32767,32767,32767,32767,32767,32767,32767,32767,32767,32767,32767,32767,32767,32767,32767,32767,32767,32767,32767,32767,32767,32767,32767,32767,32767,32767,32767,32767,32767,32767,32767,32767,32767,32767,32767
MYD17A2H.A2011361.h12v02.006.2015230095155.PsnNet_500m,MYD17A2H,A2011361,Lat65.9255Lon-137.4220833Samp13Line13,2015230095155,PsnNet_500m,32767,32767,32767,32767,32767,32767,32767,32767,32767,32767,32767,32767,32767,32767,32767,32767,32767,32767,32767,32767,32767,32767,32767,32767,32767,32767,32767,32767,32767,32767,32767,32767,32767,32767,32767,32767,32767,32767,32767,32767,32767,32767,32767,32767,32767,32767,32767,32767,32767,32767,32767,32767,32767,32767,32767,32767,32767,32767,32767,32767,32767,32767,32767,32767,32767,32767,32767,32767,32767,32767,32767,32767,32767,32767,32767,32767,32767,32767,32767,32767,32767,32767,32767,32767,32767,32767,32767,32767,32767,32767,32767,32767,32767,32767,32767,32767,32767,32767,32767,32767,32767,32767,32767,32767,32767,32767,32767,32767,32767,32767,32767,32767,32767,32767,32767,32767,32767,32767,32767,32767,32767,32767,32767,32767,32767,32767,32767,32767,32767,32767,32767,32767,32767,32767,32767,32767,32767,32767,32767,32767,32767,32767,32767,32767,32767,32767,32767,32767,32767,32767,32767,32767,32767,32767,32767,32767,32767,32767,32767,32767,32767,32767,32767,32767,32767,32767,32767,32767,32767
MYD17A2H.A2011361.h12v02.006.2015230095155.Psn_QC_500m,MYD17A2H,A2011361,Lat65.9255Lon-137.4220833Samp13Line13,2015230095155,Psn_QC_500m,255,255,255,255,255,255,255,255,255,255,255,255,255,255,255,255,255,255,255,255,255,255,255,255,255,255,255,255,255,255,255,255,255,255,255,255,255,255,255,255,255,255,255,255,255,255,255,255,255,255,255,255,255,255,255,255,255,255,255,255,255,255,255,255,255,255,255,255,255,255,255,255,255,255,255,255,255,255,255,255,255,255,255,255,255,255,255,255,255,255,255,255,255,255,255,255,255,255,255,255,255,255,255,255,255,255,255,255,255,255,255,255,255,255,255,255,255,255,255,255,255,255,255,255,255,255,255,255,255,255,255,255,255,255,255,255,255,255,255,255,255,255,255,255,255,255,255,255,255,255,255,255,255,255,255,255,255,255,255,255,255,255,255,255,255,255,255,255,255
MYD17A2H.A2012001.h12v02.006.2015243153124.Gpp_500m,MYD17A2H,A2012001,Lat65.9255Lon-137.4220833Samp13Line13,2015243153124,Gpp_500m,32767,32767,32767,32767,32767,32767,32767,32767,32767,32767,32767,32767,32767,32767,32767,32767,32767,32767,32767,32767,32767,32767,32767,32767,32767,32767,32767,32767,32767,32767,32767,32767,32767,32767,32767,32767,32767,32767,32767,32767,32767,32767,32767,32767,32767,32767,32767,32767,32767,32767,32767,32767,32767,32767,32767,32767,32767,32767,32767,32767,32767,32767,32767,32767,32767,32767,32767,32767,32767,32767,32767,32767,32767,32767,32767,32767,32767,32767,32767,32767,32767,32767,32767,32767,32767,32767,32767,32767,32767,32767,32767,32767,32767,32767,32767,32767,32767,32767,32767,32767,32767,32767,32767,32767,32767,32767,32767,32767,32767,32767,32767,32767,32767,32767,32767,32767,32767,32767,32767,32767,32767,32767,32767,32767,32767,32767,32767,32767,32767,32767,32767,32767,32767,32767,32767,32767,32767,32767,32767,32767,32767,32767,32767,32767,32767,32767,32767,32767,32767,32767,32767,32767,32767,32767,32767,32767,32767,32767,32767,32767,32767,32767,32767,32767,32767,32767,32767,32767,32767
MYD17A2H.A2012001.h12v02.006.2015243153124.PsnNet_500m,MYD17A2H,A2012001,Lat65.9255Lon-137.4220833Samp13Line13,2015243153124,PsnNet_500m,32767,32767,32767,32767,32767,32767,32767,32767,32767,32767,32767,32767,32767,32767,32767,32767,32767,32767,32767,32767,32767,32767,32767,32767,32767,32767,32767,32767,32767,32767,32767,32767,32767,32767,32767,32767,32767,32767,32767,32767,32767,32767,32767,32767,32767,32767,32767,32767,32767,32767,32767,32767,32767,32767,32767,32767,32767,32767,32767,32767,32767,32767,32767,32767,32767,32767,32767,32767,32767,32767,32767,32767,32767,32767,32767,32767,32767,32767,32767,32767,32767,32767,32767,32767,32767,32767,32767,32767,32767,32767,32767,32767,32767,32767,32767,32767,32767,32767,32767,32767,32767,32767,32767,32767,32767,32767,32767,32767,32767,32767,32767,32767,32767,32767,32767,32767,32767,32767,32767,32767,32767,32767,32767,32767,32767,32767,32767,32767,32767,32767,32767,32767,32767,32767,32767,32767,32767,32767,32767,32767,32767,32767,32767,32767,32767,32767,32767,32767,32767,32767,32767,32767,32767,32767,32767,32767,32767,32767,32767,32767,32767,32767,32767,32767,32767,32767,32767,32767,32767
MYD17A2H.A2012001.h12v02.006.2015243153124.Psn_QC_500m,MYD17A2H,A2012001,Lat65.9255Lon-137.4220833Samp13Line13,2015243153124,Psn_QC_500m,255,255,255,255,255,255,255,255,255,255,255,255,255,255,255,255,255,255,255,255,255,255,255,255,255,255,255,255,255,255,255,255,255,255,255,255,255,255,255,255,255,255,255,255,255,255,255,255,255,255,255,255,255,255,255,255,255,255,255,255,255,255,255,255,255,255,255,255,255,255,255,255,255,255,255,255,255,255,255,255,255,255,255,255,255,255,255,255,255,255,255,255,255,255,255,255,255,255,255,255,255,255,255,255,255,255,255,255,255,255,255,255,255,255,255,255,255,255,255,255,255,255,255,255,255,255,255,255,255,255,255,255,255,255,255,255,255,255,255,255,255,255,255,255,255,255,255,255,255,255,255,255,255,255,255,255,255,255,255,255,255,255,255,255,255,255,255,255,255
MYD17A2H.A2012009.h12v02.006.2015243155846.Gpp_500m,MYD17A2H,A2012009,Lat65.9255Lon-137.4220833Samp13Line13,2015243155846,Gpp_500m,32767,32767,32767,32767,32767,32767,32767,32767,32767,32767,32767,32767,32767,32767,32767,32767,32767,32767,32767,32767,32767,32767,32767,32767,32767,32767,32767,32767,32767,32767,32767,32767,32767,32767,32767,32767,32767,32767,32767,32767,32767,32767,32767,32767,32767,32767,32767,32767,32767,32767,32767,32767,32767,32767,32767,32767,32767,32767,32767,32767,32767,32767,32767,32767,32767,32767,32767,32767,32767,32767,32767,32767,32767,32767,32767,32767,32767,32767,32767,32767,32767,32767,32767,32767,32767,32767,32767,32767,32767,32767,32767,32767,32767,32767,32767,32767,32767,32767,32767,32767,32767,32767,32767,32767,32767,32767,32767,32767,32767,32767,32767,32767,32767,32767,32767,32767,32767,32767,32767,32767,32767,32767,32767,32767,32767,32767,32767,32767,32767,32767,32767,32767,32767,32767,32767,32767,32767,32767,32767,32767,32767,32767,32767,32767,32767,32767,32767,32767,32767,32767,32767,32767,32767,32767,32767,32767,32767,32767,32767,32767,32767,32767,32767,32767,32767,32767,32767,32767,32767
MYD17A2H.A2012009.h12v02.006.2015243155846.PsnNet_500m,MYD17A2H,A2012009,Lat65.9255Lon-137.4220833Samp13Line13,2015243155846,PsnNet_500m,32767,32767,32767,32767,32767,32767,32767,32767,32767,32767,32767,32767,32767,32767,32767,32767,32767,32767,32767,32767,32767,32767,32767,32767,32767,32767,32767,32767,32767,32767,32767,32767,32767,32767,32767,32767,32767,32767,32767,32767,32767,32767,32767,32767,32767,32767,32767,32767,32767,32767,32767,32767,32767,32767,32767,32767,32767,32767,32767,32767,32767,32767,32767,32767,32767,32767,32767,32767,32767,32767,32767,32767,32767,32767,32767,32767,32767,32767,32767,32767,32767,32767,32767,32767,32767,32767,32767,32767,32767,32767,32767,32767,32767,32767,32767,32767,32767,32767,32767,32767,32767,32767,32767,32767,32767,32767,32767,32767,32767,32767,32767,32767,32767,32767,32767,32767,32767,32767,32767,32767,32767,32767,32767,32767,32767,32767,32767,32767,32767,32767,32767,32767,32767,32767,32767,32767,32767,32767,32767,32767,32767,32767,32767,32767,32767,32767,32767,32767,32767,32767,32767,32767,32767,32767,32767,32767,32767,32767,32767,32767,32767,32767,32767,32767,32767,32767,32767,32767,32767
MYD17A2H.A2012009.h12v02.006.2015243155846.Psn_QC_500m,MYD17A2H,A2012009,Lat65.9255Lon-137.4220833Samp13Line13,2015243155846,Psn_QC_500m,255,255,255,255,255,255,255,255,255,255,255,255,255,255,255,255,255,255,255,255,255,255,255,255,255,255,255,255,255,255,255,255,255,255,255,255,255,255,255,255,255,255,255,255,255,255,255,255,255,255,255,255,255,255,255,255,255,255,255,255,255,255,255,255,255,255,255,255,255,255,255,255,255,255,255,255,255,255,255,255,255,255,255,255,255,255,255,255,255,255,255,255,255,255,255,255,255,255,255,255,255,255,255,255,255,255,255,255,255,255,255,255,255,255,255,255,255,255,255,255,255,255,255,255,255,255,255,255,255,255,255,255,255,255,255,255,255,255,255,255,255,255,255,255,255,255,255,255,255,255,255,255,255,255,255,255,255,255,255,255,255,255,255,255,255,255,255,255,255
MYD17A2H.A2012017.h12v02.006.2015243161354.Gpp_500m,MYD17A2H,A2012017,Lat65.9255Lon-137.4220833Samp13Line13,2015243161354,Gpp_500m,0,0,0,0,0,0,0,0,0,0,0,0,0,0,0,0,0,0,0,0,0,0,0,0,0,0,0,0,0,0,0,0,0,0,0,0,0,0,0,0,0,0,0,0,0,0,0,0,0,0,0,0,0,0,0,0,0,0,0,0,0,0,0,0,0,0,0,0,0,0,0,0,0,0,0,0,0,0,0,0,0,0,0,0,0,0,0,0,0,0,0,0,0,0,0,0,0,0,0,0,0,0,0,0,0,0,0,0,0,0,0,0,0,0,0,0,0,0,0,0,0,0,0,0,0,0,0,0,0,0,0,0,0,0,0,0,0,0,0,0,0,0,0,0,0,0,0,0,0,0,0,0,0,0,0,0,0,0,0,0,0,0,0,0,0,0,0,0,0
MYD17A2H.A2012017.h12v02.006.2015243161354.PsnNet_500m,MYD17A2H,A2012017,Lat65.9255Lon-137.4220833Samp13Line13,2015243161354,PsnNet_500m,0,0,0,0,0,0,0,0,0,0,0,0,0,0,0,0,0,0,0,0,0,0,0,0,0,0,0,0,0,0,0,0,0,0,0,0,0,0,0,0,0,0,0,0,0,0,0,0,0,0,0,0,0,0,0,0,0,0,0,0,0,0,0,0,0,0,0,0,0,0,0,0,0,0,0,0,0,0,0,0,0,0,0,0,0,0,0,0,0,0,0,0,0,0,0,0,0,0,0,0,0,0,0,0,0,0,0,0,0,0,0,0,0,0,0,0,0,0,0,0,0,0,0,0,0,0,0,0,0,0,0,0,0,0,0,0,0,0,0,0,0,0,0,0,0,0,0,0,0,0,0,0,0,0,0,0,0,0,0,0,0,0,0,0,0,0,0,0,0
MYD17A2H.A2012017.h12v02.006.2015243161354.Psn_QC_500m,MYD17A2H,A2012017,Lat65.9255Lon-137.4220833Samp13Line13,2015243161354,Psn_QC_500m,67,67,67,83,83,67,67,67,67,67,67,67,67,67,67,67,67,67,67,67,67,67,67,67,67,67,67,67,67,67,67,67,67,67,67,67,67,67,67,67,67,67,67,67,67,67,67,67,67,67,67,67,67,67,67,67,67,67,67,67,67,67,67,67,67,67,67,67,83,67,67,67,67,67,67,67,67,67,83,67,67,67,67,67,67,67,67,67,67,67,67,67,67,67,67,67,67,67,67,67,67,67,67,67,67,67,67,67,67,67,67,67,67,67,67,67,67,67,67,67,67,67,67,67,67,67,67,67,67,67,67,67,67,67,67,67,67,67,67,67,67,67,67,67,67,67,67,67,67,67,67,67,67,67,67,67,67,67,67,67,67,67,67,67,67,67,67,67,67
MYD17A2H.A2012025.h12v02.006.2015243165257.Gpp_500m,MYD17A2H,A2012025,Lat65.9255Lon-137.4220833Samp13Line13,2015243165257,Gpp_500m,0,0,0,0,0,0,0,0,0,0,0,0,0,0,0,0,0,0,0,0,0,0,0,0,0,0,0,0,0,0,0,0,0,0,0,0,0,0,0,0,0,0,0,0,0,0,0,0,0,0,0,0,0,0,0,0,0,0,0,0,0,0,0,0,0,0,0,0,0,0,0,0,0,0,0,0,0,0,0,0,0,0,0,0,0,0,0,0,0,0,0,0,0,0,0,0,0,0,0,0,0,0,0,0,0,0,0,0,0,0,0,0,0,0,0,0,0,0,0,0,0,0,0,0,0,0,0,0,0,0,0,0,0,0,0,0,0,0,0,0,0,0,0,0,0,0,0,0,0,0,0,0,0,0,0,0,0,0,0,0,0,0,0,0,0,0,0,0,0
MYD17A2H.A2012025.h12v02.006.2015243165257.PsnNet_500m,MYD17A2H,A2012025,Lat65.9255Lon-137.4220833Samp13Line13,2015243165257,PsnNet_500m,0,0,0,0,0,0,0,0,0,0,0,0,0,0,0,0,0,0,0,0,0,0,0,0,0,0,0,0,0,0,0,0,0,0,0,0,0,0,0,0,0,0,0,0,0,0,0,0,0,0,0,0,0,0,0,0,0,0,0,0,0,0,0,0,0,0,0,0,0,0,0,0,0,0,0,0,0,0,0,0,0,0,0,0,0,0,0,0,0,0,0,0,0,0,0,0,0,0,0,0,0,0,0,0,0,0,0,0,0,0,0,0,0,0,0,0,0,0,0,0,0,0,0,0,0,0,0,0,0,0,0,0,0,0,0,0,0,0,0,0,0,0,0,0,0,0,0,0,0,0,0,0,0,0,0,0,0,0,0,0,0,0,0,0,0,0,0,0,0
MYD17A2H.A2012025.h12v02.006.2015243165257.Psn_QC_500m,MYD17A2H,A2012025,Lat65.9255Lon-137.4220833Samp13Line13,2015243165257,Psn_QC_500m,75,75,75,75,75,75,75,75,75,75,75,75,75,75,75,75,75,75,75,75,75,75,75,75,75,75,75,75,75,75,75,75,75,75,75,75,75,75,75,75,75,75,75,75,75,75,75,75,75,75,75,75,75,75,75,75,75,75,75,75,75,75,75,75,75,75,75,75,75,75,75,75,75,75,75,75,75,75,75,75,75,75,75,75,75,75,75,75,75,75,75,75,75,75,75,75,75,75,75,75,75,75,75,75,75,75,75,75,75,75,75,75,75,75,75,75,75,75,75,75,75,75,75,75,75,75,75,75,75,75,75,75,75,75,75,75,75,75,75,75,75,75,75,75,75,75,75,75,75,75,75,75,75,75,75,75,75,75,75,75,75,75,75,75,75,75,75,75,75
MYD17A2H.A2012033.h12v02.006.2015243173223.Gpp_500m,MYD17A2H,A2012033,Lat65.9255Lon-137.4220833Samp13Line13,2015243173223,Gpp_500m,0,0,0,0,0,0,0,0,0,0,0,0,0,0,0,0,0,0,0,0,0,0,0,0,0,0,0,0,0,0,0,0,0,0,0,0,0,0,0,0,0,0,0,0,0,0,0,0,0,0,0,0,0,0,0,0,0,0,0,0,0,0,0,0,0,0,0,0,0,0,0,0,0,0,0,0,0,0,0,0,0,0,0,0,0,0,0,0,0,0,0,0,0,0,0,0,0,0,0,0,0,0,0,0,0,0,0,0,0,0,0,0,0,0,0,0,0,0,0,0,0,0,0,0,0,0,0,0,0,0,0,0,0,0,0,0,0,0,0,0,0,0,0,0,0,0,0,0,0,0,0,0,0,0,0,0,0,0,0,0,0,0,0,0,0,0,0,0,0
MYD17A2H.A2012033.h12v02.006.2015243173223.PsnNet_500m,MYD17A2H,A2012033,Lat65.9255Lon-137.4220833Samp13Line13,2015243173223,PsnNet_500m,0,0,0,0,0,0,0,0,0,0,0,0,0,0,0,0,0,0,0,0,0,0,0,0,0,0,0,0,0,0,0,0,0,0,0,0,0,0,0,0,0,0,0,0,0,0,0,0,0,0,0,0,0,0,0,0,0,0,0,0,0,0,0,0,0,0,0,0,0,0,0,0,0,0,0,0,0,0,0,0,0,0,0,0,0,0,0,0,0,0,0,0,0,0,0,0,0,0,0,0,0,0,0,0,0,0,0,0,0,0,0,0,0,0,0,0,0,0,0,0,0,0,0,0,0,0,0,0,0,0,0,0,0,0,0,0,0,0,0,0,0,0,0,0,0,0,0,0,0,0,0,0,0,0,0,0,0,0,0,0,0,0,0,0,0,0,0,0,0
MYD17A2H.A2012033.h12v02.006.2015243173223.Psn_QC_500m,MYD17A2H,A2012033,Lat65.9255Lon-137.4220833Samp13Line13,2015243173223,Psn_QC_500m,67,67,67,67,67,67,67,67,75,67,67,67,67,67,67,67,67,67,67,67,67,67,67,75,75,67,67,67,75,67,67,67,67,67,67,67,67,67,67,67,67,67,67,75,75,67,67,67,75,67,75,67,67,67,67,75,75,67,67,67,75,67,67,67,75,75,75,67,67,67,75,75,75,75,75,75,67,67,67,67,75,67,67,67,75,67,67,67,67,67,67,67,67,67,67,67,67,67,67,67,67,67,67,67,67,67,67,67,67,67,67,67,67,67,67,67,75,67,67,67,67,67,67,67,75,67,67,67,67,67,67,67,67,67,67,67,67,67,67,67,67,67,67,67,67,67,67,67,67,67,67,67,75,75,75,75,75,67,67,67,67,67,67,67,67,75,67,67,67
MYD17A2H.A2012041.h12v02.006.2015243175736.Gpp_500m,MYD17A2H,A2012041,Lat65.9255Lon-137.4220833Samp13Line13,2015243175736,Gpp_500m,0,0,0,0,0,0,0,0,0,0,0,0,0,0,0,0,0,0,0,0,0,0,0,0,0,0,0,0,0,0,0,0,0,0,0,0,0,0,0,0,0,0,0,0,0,0,0,0,0,0,0,0,0,0,0,0,0,0,0,0,0,0,0,0,0,0,0,0,0,0,0,0,0,0,0,0,0,0,0,0,0,0,0,0,0,0,0,0,0,0,0,0,0,0,0,0,0,0,0,0,0,0,0,0,0,0,0,0,0,0,0,0,0,0,0,0,0,0,0,0,0,0,0,0,0,0,0,0,0,0,0,0,0,0,0,0,0,0,0,0,0,0,0,0,0,0,0,0,0,0,0,0,0,0,0,0,0,0,0,0,0,0,0,0,0,0,0,0,0
MYD17A2H.A2012041.h12v02.006.2015243175736.PsnNet_500m,MYD17A2H,A2012041,Lat65.9255Lon-137.4220833Samp13Line13,2015243175736,PsnNet_500m,0,0,0,0,0,0,0,0,0,0,0,0,0,0,0,0,0,0,0,0,0,0,0,0,0,0,0,0,0,0,0,0,0,0,0,0,0,0,0,0,0,0,0,0,0,0,0,0,0,0,0,0,0,0,0,0,0,0,0,0,0,0,0,0,0,0,0,0,0,0,0,0,0,0,0,0,0,0,0,0,0,0,0,0,0,0,0,0,0,0,0,0,0,0,0,0,0,0,0,0,0,0,0,0,0,0,0,0,0,0,0,0,0,0,0,0,0,0,0,0,0,0,0,0,0,0,0,0,0,0,0,0,0,0,0,0,0,0,0,0,0,0,0,0,0,0,0,0,0,0,0,0,0,0,0,0,0,0,0,0,0,0,0,0,0,0,0,0,0
MYD17A2H.A2012041.h12v02.006.2015243175736.Psn_QC_500m,MYD17A2H,A2012041,Lat65.9255Lon-137.4220833Samp13Line13,2015243175736,Psn_QC_500m,67,67,67,67,83,67,67,67,67,67,83,83,83,67,67,67,67,67,67,67,67,67,83,83,83,83,67,83,67,67,67,83,83,83,83,83,67,67,67,67,67,67,83,67,67,67,67,67,67,67,67,67,67,67,67,67,67,67,67,67,67,67,67,67,67,67,67,67,67,67,67,67,67,67,75,75,67,67,75,67,67,67,67,67,67,75,75,67,67,67,67,67,67,67,67,67,67,67,67,67,67,67,67,67,67,67,67,67,67,67,67,67,67,67,67,67,67,67,67,67,67,67,67,67,67,67,67,67,67,67,67,67,67,67,67,67,67,67,67,67,67,67,67,67,67,67,67,67,67,67,67,67,67,67,67,67,67,67,67,67,67,67,67,67,67,67,75,67,67
MYD17A2H.A2012049.h12v02.006.2015243182430.Gpp_500m,MYD17A2H,A2012049,Lat65.9255Lon-137.4220833Samp13Line13,2015243182430,Gpp_500m,0,0,0,0,0,0,0,0,0,0,0,0,0,0,0,0,0,0,0,0,0,0,0,0,0,0,0,0,0,0,0,0,0,0,0,0,0,0,0,0,0,0,0,0,0,0,0,0,0,0,0,0,0,0,0,0,0,0,0,0,0,0,0,0,0,0,0,0,0,0,0,0,0,0,0,0,0,0,0,0,0,0,0,0,0,0,0,0,0,0,0,0,0,0,0,0,0,0,0,0,0,0,0,0,0,0,0,0,0,0,0,0,0,0,0,0,0,0,0,0,0,0,0,0,0,0,0,0,0,0,0,0,0,0,0,0,0,0,0,0,0,0,0,0,0,0,0,0,0,0,0,0,0,0,0,0,0,0,0,0,0,0,0,0,0,0,0,0,0
MYD17A2H.A2012049.h12v02.006.2015243182430.PsnNet_500m,MYD17A2H,A2012049,Lat65.9255Lon-137.4220833Samp13Line13,2015243182430,PsnNet_500m,0,0,0,0,0,0,0,0,0,0,0,0,0,0,0,0,0,0,0,0,0,0,0,0,0,0,0,0,0,0,0,0,0,0,0,0,0,0,0,0,0,0,0,0,0,0,0,0,0,0,0,0,0,0,0,0,0,0,0,0,0,0,0,0,0,0,0,0,0,0,0,0,0,0,0,0,0,0,0,0,0,0,0,0,0,0,0,0,0,0,0,0,0,0,0,0,0,0,0,0,0,0,0,0,0,0,0,0,0,0,0,0,0,0,0,0,0,0,0,0,0,0,0,0,0,0,0,0,0,0,0,0,0,0,0,0,0,0,0,0,0,0,0,0,0,0,0,0,0,0,0,0,0,0,0,0,0,0,0,0,0,0,0,0,0,0,0,0,0
MYD17A2H.A2012049.h12v02.006.2015243182430.Psn_QC_500m,MYD17A2H,A2012049,Lat65.9255Lon-137.4220833Samp13Line13,2015243182430,Psn_QC_500m,67,67,67,67,67,67,67,67,75,75,75,75,75,67,67,67,67,67,67,75,75,75,75,75,75,75,75,67,67,67,67,67,75,75,75,67,67,67,67,67,67,67,75,75,67,67,67,67,67,67,67,67,75,67,67,67,75,75,75,67,67,67,67,75,75,75,75,75,75,67,67,67,67,67,75,67,67,75,67,67,67,67,67,67,75,83,83,67,67,67,75,67,67,67,75,75,67,67,67,75,75,75,67,67,67,67,67,67,67,67,75,67,75,67,67,67,67,67,67,67,67,67,67,67,67,67,67,67,67,67,75,67,67,67,67,67,67,67,67,67,75,75,75,67,67,67,67,67,67,67,67,75,75,67,67,67,67,67,67,67,67,67,75,67,67,67,67,67,67
MYD17A2H.A2012057.h12v02.006.2015243184734.Gpp_500m,MYD17A2H,A2012057,Lat65.9255Lon-137.4220833Samp13Line13,2015243184734,Gpp_500m,0,0,0,0,0,0,0,0,0,0,0,0,0,0,0,0,0,0,0,0,0,0,0,0,0,0,0,0,0,0,0,0,0,0,0,0,0,0,0,0,0,0,0,0,0,0,0,0,0,0,0,0,0,0,0,0,0,0,0,0,0,0,0,0,0,0,0,0,0,0,0,0,0,0,0,0,0,0,0,0,0,0,0,0,0,0,0,0,0,0,0,0,0,0,0,0,0,0,0,0,0,0,0,0,0,0,0,0,0,0,0,0,0,0,0,0,0,0,0,0,0,0,0,0,0,0,0,0,0,0,0,0,0,0,0,0,0,0,0,0,0,0,0,0,0,0,0,0,0,0,0,0,0,0,0,0,0,0,0,0,0,0,0,0,0,0,0,0,0
MYD17A2H.A2012057.h12v02.006.2015243184734.PsnNet_500m,MYD17A2H,A2012057,Lat65.9255Lon-137.4220833Samp13Line13,2015243184734,PsnNet_500m,0,0,0,0,0,0,0,0,0,0,0,0,0,0,0,0,0,0,-9,-9,0,0,0,0,0,0,0,0,0,0,-9,0,0,0,0,0,0,0,0,0,0,0,0,0,0,0,0,0,0,0,0,0,0,0,0,0,0,0,0,0,0,0,0,0,0,0,0,0,0,0,0,0,0,0,0,0,0,0,0,0,0,0,0,0,0,0,0,0,0,0,0,0,0,0,0,0,0,0,0,0,0,0,0,0,0,0,0,0,0,0,0,0,0,0,0,0,0,0,0,0,0,0,0,0,0,0,0,0,0,0,0,0,0,0,0,0,0,0,0,0,0,0,0,0,0,0,0,0,0,0,0,0,0,0,0,0,0,0,0,0,0,0,0,0,0,0,0,0,0
MYD17A2H.A2012057.h12v02.006.2015243184734.Psn_QC_500m,MYD17A2H,A2012057,Lat65.9255Lon-137.4220833Samp13Line13,2015243184734,Psn_QC_500m,67,67,67,75,75,75,75,67,75,75,75,75,75,67,75,75,75,75,75,75,67,75,75,75,75,67,75,75,75,67,75,75,67,75,75,75,75,75,75,75,75,75,67,67,67,75,75,75,75,75,75,67,67,75,75,75,75,75,75,75,75,67,67,67,75,67,67,75,75,75,75,75,67,75,75,75,75,75,75,67,67,67,67,67,67,67,75,75,75,75,75,67,67,67,67,67,67,67,75,75,75,75,75,75,67,67,67,67,67,67,67,67,75,75,75,75,75,67,67,67,67,67,67,75,75,75,75,75,75,75,67,67,67,67,67,67,67,67,67,67,67,75,67,67,67,67,67,67,67,67,67,67,67,67,67,75,67,67,67,67,67,67,67,75,67,67,75,67,75
MYD17A2H.A2012065.h12v02.006.2015243191648.Gpp_500m,MYD17A2H,A2012065,Lat65.9255Lon-137.4220833Samp13Line13,2015243191648,Gpp_500m,0,0,0,0,0,0,0,0,0,0,0,0,0,0,0,0,0,0,0,0,0,0,0,0,0,0,0,0,0,0,0,0,0,0,0,0,0,0,0,0,0,0,0,0,0,0,0,0,0,0,0,0,0,0,0,0,0,0,0,0,0,0,0,0,0,0,0,0,0,0,0,0,0,0,0,0,0,0,0,0,0,0,0,0,0,0,0,0,0,0,0,0,0,0,0,0,0,0,0,0,0,0,0,0,0,0,0,0,0,0,0,0,0,0,0,0,0,0,0,0,0,0,0,0,0,0,0,0,0,0,0,0,0,0,0,0,0,0,0,0,0,0,0,0,0,0,0,0,0,0,0,0,0,0,0,0,0,0,0,0,0,0,0,0,0,0,0,0,0
MYD17A2H.A2012065.h12v02.006.2015243191648.PsnNet_500m,MYD17A2H,A2012065,Lat65.9255Lon-137.4220833Samp13Line13,2015243191648,PsnNet_500m,0,0,0,0,-11,-11,0,0,0,0,0,0,0,0,0,0,0,0,0,0,0,0,0,0,0,0,0,0,0,0,0,0,0,0,0,0,0,0,0,0,0,0,0,0,0,0,0,0,0,0,0,0,0,0,0,0,0,0,0,0,0,0,0,0,0,0,0,0,0,0,0,0,0,0,0,0,0,0,0,0,0,0,0,0,0,0,0,0,-11,0,0,0,0,0,0,0,0,0,0,0,0,0,0,0,0,0,0,0,0,0,0,0,0,0,0,0,0,0,0,0,0,0,0,0,0,0,0,0,0,0,0,0,0,0,0,0,0,0,0,0,0,0,0,0,0,0,0,0,0,0,0,0,0,0,0,0,0,0,0,0,0,0,0,0,0,0,0,0,0
MYD17A2H.A2012065.h12v02.006.2015243191648.Psn_QC_500m,MYD17A2H,A2012065,Lat65.9255Lon-137.4220833Samp13Line13,2015243191648,Psn_QC_500m,67,10,10,10,67,67,67,2,2,2,2,10,2,2,2,2,2,10,10,2,2,2,2,2,2,2,2,2,2,2,2,2,2,2,67,67,67,2,2,2,67,2,2,2,2,2,67,67,67,2,2,2,75,67,2,2,2,67,67,2,2,2,75,2,2,2,2,2,2,2,2,2,75,75,2,2,2,2,67,2,67,2,2,75,67,2,2,2,75,75,2,67,75,67,75,67,75,2,2,2,2,2,2,75,75,75,67,67,67,67,75,2,2,75,75,2,2,75,67,67,75,75,75,2,75,2,2,2,75,67,67,67,75,67,67,67,75,75,67,2,67,67,67,67,67,75,67,67,67,67,67,67,2,67,67,67,67,67,67,67,67,67,67,67,67,67,2,67,2
MYD17A2H.A2012073.h12v02.006.2015243194247.Gpp_500m,MYD17A2H,A2012073,Lat65.9255Lon-137.4220833Samp13Line13,2015243194247,Gpp_500m,0,0,0,0,0,0,0,0,0,0,0,0,0,0,0,0,0,0,0,0,0,0,0,0,0,0,0,0,0,0,0,0,0,0,0,0,0,0,0,0,0,0,0,0,0,0,0,0,0,0,0,0,0,0,0,0,0,0,0,0,0,0,0,0,0,0,0,0,0,0,0,0,0,0,0,0,0,0,0,0,0,0,0,0,0,0,0,0,0,0,0,0,0,0,0,0,0,0,0,0,0,0,0,0,0,0,0,0,0,0,0,0,0,0,0,0,0,0,0,0,0,0,0,0,0,0,0,0,0,0,0,0,0,0,0,0,0,0,0,0,0,0,0,0,0,0,0,0,0,0,0,0,0,0,0,0,0,0,0,0,0,0,0,0,0,0,0,0,0
MYD17A2H.A2012073.h12v02.006.2015243194247.PsnNet_500m,MYD17A2H,A2012073,Lat65.9255Lon-137.4220833Samp13Line13,2015243194247,PsnNet_500m,0,0,0,0,0,0,0,0,0,0,0,0,0,0,0,0,0,0,0,0,0,0,0,0,0,0,0,0,0,0,0,0,0,0,0,0,0,0,0,0,0,0,0,0,0,0,0,0,0,0,0,0,0,0,0,0,0,0,0,0,0,0,0,0,0,0,0,0,0,0,0,0,0,0,0,0,0,0,0,0,0,0,0,0,0,0,0,0,0,0,0,0,0,0,0,0,0,0,0,0,0,0,0,0,0,0,0,0,0,0,0,0,0,0,0,0,0,0,0,0,0,0,0,0,0,0,0,0,0,0,0,0,0,0,0,0,0,0,0,0,0,0,0,0,0,0,0,0,0,0,0,0,0,0,0,0,0,0,0,0,0,0,0,0,0,0,0,0,0
MYD17A2H.A2012073.h12v02.006.2015243194247.Psn_QC_500m,MYD17A2H,A2012073,Lat65.9255Lon-137.4220833Samp13Line13,2015243194247,Psn_QC_500m,10,10,10,107,107,10,2,2,2,10,107,107,10,10,10,10,10,10,2,2,10,10,10,107,2,10,2,10,10,10,10,10,2,2,10,107,10,2,2,2,10,2,2,2,2,2,10,10,10,10,10,2,107,107,2,2,2,2,99,107,107,107,2,99,99,2,2,2,2,107,2,107,107,107,2,2,2,99,107,10,2,2,10,10,107,2,2,2,99,99,107,107,10,107,10,107,107,99,99,2,107,2,107,99,107,107,107,107,107,99,107,2,2,107,99,99,107,107,10,10,107,107,10,10,99,107,107,10,107,99,2,107,107,99,99,107,2,107,107,107,99,10,10,99,107,99,107,107,107,107,107,107,2,107,10,10,107,107,107,107,107,107,10,10,107,107,2,10,10
MYD17A2H.A2012081.h12v02.006.2015243200428.Gpp_500m,MYD17A2H,A2012081,Lat65.9255Lon-137.4220833Samp13Line13,2015243200428,Gpp_500m,0,0,0,0,0,0,0,0,0,0,0,0,0,0,0,0,0,0,0,0,0,0,0,0,0,0,0,0,0,0,0,0,0,0,0,0,0,0,0,0,0,0,0,0,0,0,0,0,0,0,0,0,0,0,0,0,0,0,0,0,0,0,0,0,0,0,0,0,0,0,0,0,0,0,0,0,0,0,0,0,0,0,0,0,0,0,0,0,0,0,0,0,0,0,0,0,0,0,0,0,0,0,0,0,0,0,0,0,0,0,0,0,0,0,0,0,0,0,0,0,0,0,0,0,0,0,0,0,0,0,0,0,0,0,0,0,0,0,0,0,0,0,0,0,0,0,0,0,0,0,0,0,0,0,0,0,0,0,0,0,0,0,0,0,0,0,0,0,0
MYD17A2H.A2012081.h12v02.006.2015243200428.PsnNet_500m,MYD17A2H,A2012081,Lat65.9255Lon-137.4220833Samp13Line13,2015243200428,PsnNet_500m,0,0,0,0,0,0,0,0,0,0,0,0,0,0,0,0,0,0,0,0,0,0,0,0,0,0,0,0,0,0,0,0,0,0,0,0,0,0,0,0,0,0,0,0,0,0,0,0,0,0,0,0,0,0,0,0,0,0,0,0,0,0,0,0,0,0,0,0,0,0,0,0,0,0,0,0,0,0,-15,0,0,0,0,0,0,0,0,0,0,0,0,0,0,0,0,0,0,0,0,0,0,0,0,0,0,0,0,0,0,0,0,0,0,0,0,0,0,0,0,0,0,0,0,0,0,0,0,0,0,0,0,0,0,0,0,0,0,0,0,0,0,0,0,0,0,0,0,0,0,0,0,0,0,0,0,0,0,0,0,0,0,0,0,0,0,0,0,0,0
MYD17A2H.A2012081.h12v02.006.2015243200428.Psn_QC_500m,MYD17A2H,A2012081,Lat65.9255Lon-137.4220833Samp13Line13,2015243200428,Psn_QC_500m,107,99,10,107,107,10,2,2,2,2,10,10,10,107,107,10,10,2,2,2,10,10,10,10,10,10,2,2,2,10,10,2,10,10,10,10,2,2,2,10,2,2,2,2,10,10,10,10,10,10,10,2,107,107,2,2,2,2,10,10,2,10,10,10,10,2,2,2,2,2,2,2,2,10,2,2,2,10,107,107,99,2,2,2,10,2,2,2,10,107,107,107,99,107,107,99,99,2,2,10,10,10,2,99,107,99,99,99,99,10,10,2,2,107,107,2,2,2,2,107,107,107,10,10,2,2,2,2,107,107,2,107,107,107,107,107,107,107,107,2,107,107,107,107,107,107,107,107,107,107,107,107,2,2,10,10,107,107,107,107,107,107,107,107,99,107,2,10,10
MYD17A2H.A2012089.h12v02.006.2015243202559.Gpp_500m,MYD17A2H,A2012089,Lat65.9255Lon-137.4220833Samp13Line13,2015243202559,Gpp_500m,0,0,0,0,0,0,0,0,0,0,0,0,0,0,0,0,0,0,0,0,0,0,0,0,0,0,0,0,0,0,0,0,0,0,0,0,0,0,0,0,0,0,0,0,0,0,0,0,0,0,0,0,0,0,0,0,0,0,0,0,0,0,0,0,0,0,0,0,0,0,0,0,0,0,0,0,0,0,0,0,0,0,0,0,0,0,0,0,0,0,0,0,0,0,0,0,0,0,0,0,0,0,0,0,0,0,0,0,0,0,0,0,0,0,0,0,0,0,0,0,0,0,0,0,0,0,0,0,0,0,0,0,0,0,0,0,0,0,0,0,0,0,0,0,0,0,0,0,0,0,0,0,0,0,0,0,0,0,0,0,0,0,0,0,0,0,0,0,0
MYD17A2H.A2012089.h12v02.006.2015243202559.PsnNet_500m,MYD17A2H,A2012089,Lat65.9255Lon-137.4220833Samp13Line13,2015243202559,PsnNet_500m,0,0,0,0,0,0,0,0,0,0,0,0,0,0,0,0,0,0,0,0,0,0,0,0,0,0,0,0,0,0,0,0,0,0,0,0,0,0,0,0,0,0,0,0,0,0,0,0,0,0,0,0,0,0,0,0,0,0,0,0,0,0,0,0,0,0,0,0,0,0,0,0,0,0,0,0,0,0,-13,0,0,0,0,0,0,0,0,0,0,0,0,0,0,0,0,0,0,0,0,0,0,0,0,0,0,0,0,0,0,0,0,0,0,0,0,0,0,0,0,0,0,0,0,0,0,0,0,0,0,0,0,0,0,0,0,0,0,0,0,0,0,0,0,0,0,0,0,0,0,0,0,0,0,0,0,0,0,0,0,0,0,0,0,0,0,0,0,0,0
MYD17A2H.A2012089.h12v02.006.2015243202559.Psn_QC_500m,MYD17A2H,A2012089,Lat65.9255Lon-137.4220833Samp13Line13,2015243202559,Psn_QC_500m,107,99,10,107,107,10,2,2,2,2,10,10,10,107,107,10,10,2,2,2,10,10,10,10,10,10,2,2,2,10,10,2,10,10,10,10,2,2,2,10,2,2,2,2,10,10,10,10,10,10,10,2,107,107,2,2,2,2,10,10,2,10,10,10,10,2,2,2,2,2,2,2,2,10,2,2,2,10,107,107,99,2,2,2,10,2,2,2,10,107,107,107,99,107,107,99,99,2,2,10,10,10,2,99,107,99,99,99,99,10,10,2,2,107,107,2,2,2,2,107,107,107,10,10,2,2,2,2,107,107,2,107,107,107,107,107,107,107,107,2,107,107,107,107,107,107,107,107,107,107,107,107,2,2,10,10,107,107,107,107,107,107,107,107,99,107,2,10,10
MYD17A2H.A2012097.h12v02.006.2015243205725.Gpp_500m,MYD17A2H,A2012097,Lat65.9255Lon-137.4220833Samp13Line13,2015243205725,Gpp_500m,0,1,1,1,1,1,1,1,1,1,1,0,0,0,1,1,1,1,1,1,1,1,1,0,1,1,1,1,1,1,1,1,1,1,0,0,0,1,1,1,1,1,0,1,1,0,0,0,0,0,0,1,0,0,1,0,0,0,1,0,0,0,0,0,0,1,1,1,0,0,0,0,0,0,1,0,0,0,0,0,0,0,0,0,0,0,0,0,0,0,0,0,0,0,0,0,0,0,0,0,1,1,0,0,0,0,0,0,0,0,0,0,0,0,0,0,0,1,0,0,1,0,0,0,0,0,0,0,0,0,1,1,0,0,0,0,1,0,0,0,0,0,0,1,1,1,1,0,1,1,0,0,0,0,0,1,1,1,1,1,1,1,1,1,0,0,0,1,1
MYD17A2H.A2012097.h12v02.006.2015243205725.PsnNet_500m,MYD17A2H,A2012097,Lat65.9255Lon-137.4220833Samp13Line13,2015243205725,PsnNet_500m,0,0,1,1,0,0,0,1,1,1,0,0,0,0,1,1,1,1,1,1,0,0,0,0,0,0,1,1,1,1,1,1,1,1,0,0,0,0,0,1,1,0,0,0,0,0,0,0,0,0,0,0,0,0,0,0,0,0,0,0,0,0,0,0,0,0,0,0,0,0,0,0,0,0,0,0,0,0,0,0,0,0,0,0,0,0,0,0,0,0,0,0,0,0,0,0,0,0,0,0,0,0,0,0,0,0,0,0,0,0,0,0,0,0,0,0,0,0,0,0,0,0,0,0,0,0,0,0,0,0,0,0,0,0,0,0,0,0,0,0,0,0,0,0,0,0,0,0,0,0,0,0,0,0,0,0,0,0,0,0,0,0,0,0,0,0,0,0,0
MYD17A2H.A2012097.h12v02.006.2015243205725.Psn_QC_500m,MYD17A2H,A2012097,Lat65.9255Lon-137.4220833Samp13Line13,2015243205725,Psn_QC_500m,99,2,2,2,2,2,2,2,2,2,2,99,99,99,2,2,2,2,2,2,2,2,2,99,2,10,2,2,2,2,10,2,2,2,99,107,107,18,18,2,2,2,107,2,2,107,107,107,99,99,107,10,107,107,2,107,107,107,2,107,99,107,107,107,107,2,2,2,107,107,107,99,99,107,2,107,107,99,99,99,107,99,99,99,99,99,99,99,99,99,99,107,107,107,107,99,99,99,99,99,2,2,99,99,99,99,99,99,99,99,99,99,99,99,99,99,99,2,99,99,2,99,99,99,99,99,99,99,99,99,2,2,99,99,99,99,2,99,99,99,99,99,99,2,2,2,2,99,2,2,99,99,99,99,99,2,2,2,2,2,2,2,2,2,99,99,99,2,2
MYD17A2H.A2012105.h12v02.006.2015243212928.Gpp_500m,MYD17A2H,A2012105,Lat65.9255Lon-137.4220833Samp13Line13,2015243212928,Gpp_500m,2,4,4,4,2,2,4,7,7,7,2,2,2,4,4,7,7,7,7,7,4,4,4,2,2,2,9,9,7,7,4,7,7,4,2,1,1,2,2,7,7,4,4,7,4,2,2,2,2,2,2,2,4,1,4,4,2,2,2,1,1,1,1,2,2,2,4,2,1,2,1,1,0,1,1,2,2,2,1,1,1,1,1,0,1,1,1,1,1,1,2,1,0,0,1,1,1,1,1,1,1,2,2,1,0,1,2,1,1,1,1,2,2,2,2,2,1,1,1,1,1,1,2,2,1,1,1,1,1,1,1,1,1,1,1,1,2,2,2,2,2,1,1,1,1,1,1,2,2,1,0,1,1,1,1,2,1,1,1,2,2,1,1,1,0,0,1,2,2
MYD17A2H.A2012105.h12v02.006.2015243212928.PsnNet_500m,MYD17A2H,A2012105,Lat65.9255Lon-137.4220833Samp13Line13,2015243212928,PsnNet_500m,2,2,2,2,2,2,2,7,7,5,2,2,1,2,4,7,7,7,7,7,2,2,2,1,1,1,9,9,7,7,2,5,5,2,1,1,1,2,2,7,5,2,2,5,2,2,2,1,2,2,1,2,2,1,2,2,2,2,1,1,1,1,1,1,1,1,2,2,1,1,1,1,0,1,1,1,2,2,1,1,1,1,1,0,1,1,1,1,1,1,2,1,0,0,1,1,1,1,1,1,1,2,2,1,0,1,1,1,1,1,1,1,1,1,1,1,1,1,1,1,1,1,1,1,1,1,1,1,1,1,1,1,1,1,1,1,1,1,1,1,1,1,1,1,1,1,1,1,1,1,0,1,1,1,1,2,1,1,1,1,1,1,1,1,0,0,1,1,1
MYD17A2H.A2012105.h12v02.006.2015243212928.Psn_QC_500m,MYD17A2H,A2012105,Lat65.9255Lon-137.4220833Samp13Line13,2015243212928,Psn_QC_500m,99,2,2,2,99,99,2,2,2,2,99,99,107,2,99,2,2,2,2,2,2,2,2,99,99,99,2,2,2,2,2,2,2,2,99,99,99,2,2,2,2,2,2,2,2,2,2,99,2,2,99,2,2,99,2,2,2,2,99,99,99,99,99,99,99,99,2,2,99,99,99,99,107,99,99,99,2,2,99,99,99,99,99,107,99,99,99,99,99,99,2,99,107,107,99,99,99,99,99,99,99,2,2,99,107,99,99,99,99,99,99,99,99,99,99,99,99,99,99,99,99,99,99,99,99,99,99,99,99,99,99,99,99,99,99,99,99,99,99,99,99,99,99,99,99,99,99,99,99,99,107,99,99,99,99,2,99,99,99,99,99,99,99,99,107,107,99,99,99
MYD17A2H.A2012113.h12v02.006.2015243215737.Gpp_500m,MYD17A2H,A2012113,Lat65.9255Lon-137.4220833Samp13Line13,2015243215737,Gpp_500m,3,3,3,3,3,3,1,3,5,5,1,1,1,8,8,8,7,7,5,3,3,3,3,1,1,3,8,8,8,7,6,5,5,3,1,1,3,3,3,8,5,5,3,3,3,3,1,3,3,1,3,3,3,1,3,3,3,3,3,3,0,0,0,1,3,3,3,3,3,3,3,0,0,0,0,3,3,3,0,3,0,0,0,0,0,0,0,0,0,0,1,3,0,0,0,0,0,0,0,1,3,3,1,0,1,1,1,1,1,0,0,1,1,1,1,1,1,1,1,1,0,0,1,1,1,0,0,0,1,1,0,0,0,0,0,0,0,0,0,1,1,0,0,1,0,0,1,1,1,1,0,0,0,1,1,0,1,1,1,1,1,0,0,0,0,0,0,0,1
MYD17A2H.A2012113.h12v02.006.2015243215737.PsnNet_500m,MYD17A2H,A2012113,Lat65.9255Lon-137.4220833Samp13Line13,2015243215737,PsnNet_500m,2,3,3,2,2,2,1,3,4,4,1,1,1,7,7,7,5,5,4,3,3,3,3,1,1,3,7,7,7,5,5,4,4,3,1,1,3,3,3,7,4,4,3,3,3,3,1,3,3,1,3,3,3,1,3,3,3,3,3,3,0,0,0,1,3,3,3,3,3,3,3,0,0,0,0,3,3,3,0,3,0,0,0,0,0,0,0,0,0,0,1,3,0,0,0,0,0,0,0,1,3,3,1,0,1,1,1,1,1,0,0,1,1,1,1,1,1,1,1,1,0,0,1,1,1,0,0,0,1,1,0,0,0,0,0,0,0,0,0,1,1,0,0,1,0,0,1,1,1,1,0,0,0,1,1,0,1,1,1,1,1,0,0,0,0,0,0,0,1
MYD17A2H.A2012113.h12v02.006.2015243215737.Psn_QC_500m,MYD17A2H,A2012113,Lat65.9255Lon-137.4220833Samp13Line13,2015243215737,Psn_QC_500m,99,2,2,2,99,99,99,2,2,2,99,99,99,10,10,10,10,10,2,10,2,2,2,99,99,2,2,10,10,10,10,2,2,2,99,99,2,2,10,10,2,2,10,2,10,10,99,2,2,99,10,2,2,99,2,2,10,2,2,2,99,99,99,99,10,2,2,2,10,10,2,99,99,99,99,10,10,10,99,10,99,99,99,99,99,99,99,99,99,99,99,10,107,107,99,99,99,99,99,99,2,2,99,99,99,99,99,99,99,99,99,99,99,99,99,99,99,99,99,99,99,99,99,99,99,99,99,99,99,99,99,99,99,99,99,99,99,99,99,99,99,99,99,99,99,99,99,99,99,99,99,99,99,99,99,99,99,99,99,99,99,99,99,99,107,107,99,99,99
MYD17A2H.A2012121.h12v02.006.2015243221328.Gpp_500m,MYD17A2H,A2012121,Lat65.9255Lon-137.4220833Samp13Line13,2015243221328,Gpp_500m,1,3,3,3,3,1,1,3,3,3,1,1,1,3,3,3,3,4,3,3,3,1,1,0,1,0,4,4,4,3,3,3,3,3,1,1,1,1,3,3,3,3,1,3,3,1,0,1,1,3,1,1,1,0,1,1,1,1,0,1,1,1,0,1,1,0,0,1,0,0,0,0,0,0,0,1,1,1,0,0,0,0,0,0,0,0,0,0,1,1,0,0,0,0,0,1,0,0,1,1,1,1,1,1,0,0,0,1,1,0,0,1,1,0,0,0,0,1,1,0,0,0,0,0,0,0,0,0,0,0,0,0,0,0,0,0,0,0,0,0,0,0,0,0,0,0,0,0,0,0,0,0,0,0,0,0,0,0,0,0,0,0,0,0,0,0,0,0,0
MYD17A2H.A2012121.h12v02.006.2015243221328.PsnNet_500m,MYD17A2H,A2012121,Lat65.9255Lon-137.4220833Samp13Line13,2015243221328,PsnNet_500m,1,3,3,3,3,1,1,3,3,3,1,1,1,3,2,2,3,3,2,2,2,1,1,0,1,0,4,4,3,3,3,3,3,3,1,0,1,1,2,3,3,3,1,2,2,1,0,1,1,2,1,1,1,0,1,1,1,0,0,1,1,1,0,1,1,0,0,1,0,0,0,0,0,0,0,1,1,1,0,0,0,0,0,0,0,0,0,0,1,1,0,0,0,0,0,0,0,0,1,1,1,1,1,1,0,0,0,0,1,0,0,1,1,0,0,0,0,1,1,0,0,0,0,0,0,0,0,0,0,0,0,0,0,0,0,0,0,0,0,0,0,0,0,0,0,0,0,0,0,0,0,0,0,0,0,0,0,0,0,0,0,0,0,0,0,0,0,0,0
MYD17A2H.A2012121.h12v02.006.2015243221328.Psn_QC_500m,MYD17A2H,A2012121,Lat65.9255Lon-137.4220833Samp13Line13,2015243221328,Psn_QC_500m,107,2,2,2,2,2,2,2,2,2,2,10,107,2,2,2,2,2,2,2,2,2,2,99,2,99,10,10,2,2,2,2,2,2,2,99,10,10,2,2,2,2,99,2,2,2,99,2,10,2,2,2,2,99,2,2,2,99,99,2,2,2,107,10,2,107,107,2,99,99,99,99,99,99,107,10,2,2,107,107,107,107,99,99,99,99,99,99,2,2,99,107,99,99,99,99,99,99,2,2,2,2,2,107,99,99,99,99,2,107,107,2,2,107,107,99,107,2,2,99,99,99,99,107,107,107,99,99,99,99,99,99,99,99,99,99,99,107,99,99,99,99,99,99,99,107,107,99,99,99,99,99,107,99,99,99,107,107,99,99,99,107,107,107,99,99,99,99,99
MYD17A2H.A2012129.h12v02.006.2015246081652.Gpp_500m,MYD17A2H,A2012129,Lat65.9255Lon-137.4220833Samp13Line13,2015246081652,Gpp_500m,16,14,14,36,14,16,16,29,26,36,16,9,16,26,36,26,32,29,29,16,16,26,29,28,16,16,48,48,26,26,29,32,32,26,26,16,16,28,28,26,36,36,16,16,16,16,16,0,16,16,16,16,36,42,14,0,16,16,5,5,0,0,10,16,16,0,0,0,5,8,8,5,16,0,0,16,16,8,5,5,16,8,5,0,5,8,8,8,8,0,0,5,0,16,16,0,16,0,16,16,0,16,16,8,16,0,16,16,16,16,0,16,8,8,0,0,0,16,16,16,16,0,0,0,5,5,0,5,5,8,0,0,8,0,8,5,5,8,8,0,0,8,5,16,16,16,16,10,10,16,0,0,16,16,8,16,16,8,16,34,8,8,8,8,5,5,5,5,8
MYD17A2H.A2012129.h12v02.006.2015246081652.PsnNet_500m,MYD17A2H,A2012129,Lat65.9255Lon-137.4220833Samp13Line13,2015246081652,PsnNet_500m,15,12,12,32,12,15,15,27,25,32,15,9,15,25,32,25,30,27,27,15,15,25,27,26,15,15,45,45,25,25,27,30,30,25,25,15,15,27,27,25,32,32,15,15,15,15,15,0,15,14,14,14,32,41,12,0,15,15,5,5,0,0,10,14,14,0,0,0,5,8,8,5,14,0,0,14,14,8,5,5,15,8,5,0,5,8,8,8,8,0,0,5,0,14,14,0,14,0,14,14,0,14,14,8,14,0,14,14,14,14,0,14,8,8,0,0,0,14,14,14,14,0,0,0,5,5,0,5,5,8,0,0,8,0,8,5,5,8,8,0,0,8,5,14,14,14,14,10,10,15,0,0,15,15,8,15,14,8,14,31,8,8,8,8,5,5,5,5,8
MYD17A2H.A2012129.h12v02.006.2015246081652.Psn_QC_500m,MYD17A2H,A2012129,Lat65.9255Lon-137.4220833Samp13Line13,2015246081652,Psn_QC_500m,2,67,67,2,67,107,2,10,2,2,2,67,2,2,2,2,2,2,2,2,2,2,2,2,2,2,2,2,2,2,2,2,2,2,2,10,2,2,2,2,10,10,2,2,2,2,2,67,2,83,2,2,2,2,2,67,2,2,83,83,83,83,83,2,2,67,67,67,67,83,83,83,2,67,67,2,2,107,67,67,2,83,107,67,107,107,107,107,107,67,67,67,67,10,10,67,2,67,2,2,67,2,2,107,10,67,2,2,2,2,67,2,107,107,67,67,67,10,2,2,2,67,67,67,107,107,67,107,107,107,67,67,107,67,107,107,107,107,107,67,67,107,107,2,2,10,10,99,99,2,67,67,2,2,107,2,10,107,2,2,107,107,107,107,107,107,107,107,99
MYD17A2H.A2012137.h12v02.006.2015246091300.Gpp_500m,MYD17A2H,A2012137,Lat65.9255Lon-137.4220833Samp13Line13,2015246091300,Gpp_500m,151,197,192,192,192,192,192,157,120,174,150,185,197,192,157,187,180,185,143,147,147,160,192,193,174,174,120,124,124,133,133,120,120,179,179,190,190,161,156,139,147,147,124,116,167,167,193,174,193,132,132,132,147,109,82,77,156,190,197,197,151,151,148,148,156,185,147,151,151,179,179,162,156,156,152,148,172,172,151,179,172,172,190,143,143,190,156,174,174,203,166,179,179,166,213,190,190,143,129,129,110,172,197,198,225,217,193,193,221,172,172,156,152,197,198,183,162,193,193,208,203,174,162,152,121,129,139,139,92,97,156,172,194,179,179,152,97,78,88,88,106,79,79,148,174,174,225,225,148,115,121,79,92,92,121,79,172,174,195,139,162,148,153,162,134,134,69,92,92
MYD17A2H.A2012137.h12v02.006.2015246091300.PsnNet_500m,MYD17A2H,A2012137,Lat65.9255Lon-137.4220833Samp13Line13,2015246091300,PsnNet_500m,141,181,178,178,177,178,178,143,109,161,139,167,182,177,143,174,166,168,132,138,138,149,177,178,161,161,109,116,116,126,126,109,109,166,166,175,175,149,144,127,136,136,116,108,155,155,178,161,178,126,126,124,136,104,78,74,144,175,182,182,142,142,137,137,144,172,138,142,142,166,166,149,144,144,142,137,159,159,142,166,159,159,177,131,131,177,144,161,161,188,154,166,166,154,196,175,175,131,120,120,102,159,183,183,207,200,178,178,204,159,160,144,143,182,182,171,148,178,178,190,188,165,148,143,110,120,131,131,87,90,144,159,178,166,166,143,90,74,81,81,99,75,75,136,161,161,206,206,136,108,111,75,87,87,111,75,160,161,178,128,148,136,143,149,126,126,65,87,87
MYD17A2H.A2012137.h12v02.006.2015246091300.Psn_QC_500m,MYD17A2H,A2012137,Lat65.9255Lon-137.4220833Samp13Line13,2015246091300,Psn_QC_500m,2,2,2,2,2,2,2,2,2,10,2,2,2,2,18,2,2,2,2,2,2,2,2,2,2,2,2,2,2,2,2,2,2,2,2,2,2,2,2,2,2,2,2,2,2,2,2,2,2,18,18,18,2,2,10,2,2,2,2,2,18,18,2,2,2,2,2,2,2,2,2,2,2,2,2,2,2,2,2,2,2,2,2,2,2,2,2,2,2,2,2,2,2,2,2,2,2,2,2,2,2,2,2,2,2,2,2,2,2,2,2,2,2,2,2,2,2,2,2,2,2,2,2,2,2,2,2,2,2,18,2,2,2,2,2,2,2,2,2,2,18,2,2,2,2,2,10,10,18,2,2,2,2,2,2,2,2,2,2,18,2,2,2,2,2,2,2,2,2
MYD17A2H.A2012145.h12v02.006.2015246101759.Gpp_500m,MYD17A2H,A2012145,Lat65.9255Lon-137.4220833Samp13Line13,2015246101759,Gpp_500m,293,294,287,288,144,144,258,258,225,225,251,276,247,287,288,288,62,69,69,206,207,283,258,266,266,185,62,163,38,258,251,244,244,258,260,177,177,166,166,243,258,265,251,251,244,247,260,237,205,205,253,274,258,258,258,213,216,253,285,253,253,274,274,274,260,251,213,253,133,145,133,305,305,305,305,260,254,280,216,266,285,172,166,293,299,299,280,254,273,273,269,280,280,280,312,274,274,274,254,255,256,256,256,256,266,312,266,57,57,268,273,256,287,313,313,287,270,274,274,260,273,273,273,273,294,243,223,256,274,275,243,268,268,294,268,273,223,300,301,274,275,263,256,287,268,159,146,76,313,301,281,250,250,256,256,256,287,287,300,301,293,307,288,288,275,276,251,251,262
MYD17A2H.A2012145.h12v02.006.2015246101759.PsnNet_500m,MYD17A2H,A2012145,Lat65.9255Lon-137.4220833Samp13Line13,2015246101759,PsnNet_500m,268,269,262,262,134,134,239,239,209,210,229,254,226,262,262,262,57,64,64,193,193,259,236,243,243,169,57,149,35,236,229,226,226,236,239,163,163,152,152,222,236,242,229,229,223,226,239,215,189,189,233,250,236,236,236,197,200,233,262,233,233,249,250,250,240,229,197,233,125,136,123,282,282,281,281,240,234,257,200,243,262,158,152,268,274,274,257,234,252,252,246,255,255,255,287,250,250,250,234,234,234,234,234,234,246,287,246,53,53,246,252,234,264,286,287,266,247,250,250,240,252,252,252,252,270,227,206,237,252,252,223,246,246,268,246,252,206,274,274,252,252,241,233,263,246,150,136,74,288,274,259,230,230,233,233,233,264,264,274,274,268,281,266,266,251,251,232,227,241
MYD17A2H.A2012145.h12v02.006.2015246101759.Psn_QC_500m,MYD17A2H,A2012145,Lat65.9255Lon-137.4220833Samp13Line13,2015246101759,Psn_QC_500m,2,2,2,2,10,10,2,2,2,2,2,2,2,2,2,2,10,10,10,67,67,2,2,2,2,2,10,2,10,2,2,2,2,2,2,2,2,2,2,2,2,2,2,2,2,2,2,2,2,2,2,2,2,2,2,2,2,2,2,2,2,2,2,2,2,2,2,2,10,2,2,2,2,2,2,2,2,2,67,2,2,67,2,2,2,2,2,2,2,2,2,2,2,2,2,2,2,2,2,2,2,2,2,2,2,2,2,10,10,2,2,2,2,2,2,2,2,2,2,2,2,2,2,2,2,2,2,2,2,2,2,2,2,2,2,2,2,2,2,2,2,2,2,2,2,67,67,10,2,2,2,2,2,2,2,2,2,2,2,2,2,2,2,2,2,2,2,2,2
MYD17A2H.A2012153.h12v02.006.2015246110325.Gpp_500m,MYD17A2H,A2012153,Lat65.9255Lon-137.4220833Samp13Line13,2015246110325,Gpp_500m,370,377,377,386,221,377,362,370,334,334,242,242,22,377,370,349,349,313,342,186,221,236,334,114,114,78,386,385,385,385,136,334,242,327,328,71,71,197,114,392,193,293,256,256,186,185,357,321,371,197,235,335,115,228,149,115,149,391,350,365,365,378,265,386,386,120,214,271,271,291,350,378,394,394,386,334,220,285,185,206,220,350,342,285,322,342,300,249,215,149,108,250,235,342,185,185,242,328,307,350,350,198,220,220,442,149,179,179,207,272,307,350,185,185,279,185,186,328,185,164,149,357,322,357,350,350,344,142,158,142,328,71,71,328,344,334,334,322,407,214,220,122,129,322,193,350,407,407,436,436,407,234,214,214,143,214,328,421,421,478,478,171,122,129,278,278,43,315,337
MYD17A2H.A2012153.h12v02.006.2015246110325.PsnNet_500m,MYD17A2H,A2012153,Lat65.9255Lon-137.4220833Samp13Line13,2015246110325,PsnNet_500m,337,345,343,349,207,345,329,337,306,306,225,225,22,343,337,322,318,288,311,170,205,218,306,108,108,74,349,349,349,349,128,306,225,300,302,67,67,184,108,357,178,267,236,237,174,173,325,292,337,184,218,309,107,208,140,107,140,353,318,330,330,341,243,347,348,115,199,253,253,270,318,345,357,357,347,306,205,260,171,189,205,318,310,260,292,311,272,230,197,140,100,230,218,310,171,171,222,298,281,320,320,186,205,205,398,140,163,163,193,248,281,320,172,172,254,172,172,298,173,152,140,324,291,326,320,320,313,133,147,133,302,67,67,298,313,307,307,295,369,197,204,114,121,291,181,320,369,369,393,393,369,220,197,197,134,200,299,382,382,427,427,160,114,121,257,257,40,289,307
MYD17A2H.A2012153.h12v02.006.2015246110325.Psn_QC_500m,MYD17A2H,A2012153,Lat65.9255Lon-137.4220833Samp13Line13,2015246110325,Psn_QC_500m,2,2,2,2,2,2,2,2,2,2,2,2,75,2,2,2,2,2,2,2,2,2,2,10,10,10,2,2,2,2,10,2,2,2,2,10,10,10,10,2,2,2,2,2,2,2,18,18,2,10,2,10,18,2,18,2,2,2,2,2,2,2,2,2,2,18,18,2,2,2,2,2,2,2,2,2,10,2,2,2,2,2,2,2,2,2,2,2,2,10,10,2,2,2,2,2,2,2,2,2,2,2,2,2,2,10,2,2,2,2,2,2,2,2,2,2,2,2,2,2,10,2,2,2,2,2,2,2,2,10,2,75,75,2,2,2,2,2,2,2,2,10,10,2,18,2,2,2,2,2,2,2,2,2,10,18,2,2,2,2,2,10,18,18,2,2,10,2,2
MYD17A2H.A2012161.h12v02.006.2015246114622.Gpp_500m,MYD17A2H,A2012161,Lat65.9255Lon-137.4220833Samp13Line13,2015246114622,Gpp_500m,477,477,536,551,529,529,433,573,475,499,499,469,382,309,551,536,536,529,573,417,439,455,433,433,374,228,556,556,447,446,439,439,439,455,455,387,387,358,358,469,520,373,301,338,461,469,286,286,396,455,439,387,397,301,301,324,351,278,278,425,403,403,387,286,339,131,338,338,403,403,469,439,439,403,566,309,388,388,189,190,191,425,425,212,403,535,536,358,425,425,425,382,358,358,403,469,469,403,439,425,388,351,338,338,339,250,234,395,439,439,374,351,351,388,344,344,360,234,234,374,374,279,331,410,410,395,375,375,389,389,387,410,300,425,425,431,410,375,375,388,389,417,344,374,388,351,404,498,454,454,417,389,396,367,431,461,308,439,374,469,468,431,395,396,396,424,441,431,446
MYD17A2H.A2012161.h12v02.006.2015246114622.PsnNet_500m,MYD17A2H,A2012161,Lat65.9255Lon-137.4220833Samp13Line13,2015246114622,PsnNet_500m,433,433,482,495,477,476,394,510,433,452,452,428,351,288,494,482,482,478,510,382,401,415,397,397,345,212,497,497,407,407,402,404,401,415,415,358,358,331,331,429,468,343,281,313,422,422,268,269,362,415,403,357,365,277,278,299,327,260,260,389,369,369,355,263,313,124,313,313,367,369,428,403,403,369,504,288,357,360,177,177,177,388,388,200,373,484,484,333,389,389,389,351,333,333,369,427,427,367,403,389,357,325,309,309,310,231,220,366,403,403,343,322,323,358,320,321,332,220,220,343,343,260,304,379,379,365,344,344,358,358,355,375,276,387,387,395,379,344,344,358,358,381,318,343,357,325,371,451,415,415,384,358,363,341,394,420,287,402,343,427,427,396,365,363,365,389,402,394,408
MYD17A2H.A2012161.h12v02.006.2015246114622.Psn_QC_500m,MYD17A2H,A2012161,Lat65.9255Lon-137.4220833Samp13Line13,2015246114622,Psn_QC_500m,2,2,2,2,2,2,2,2,2,2,2,2,2,2,2,2,2,2,2,2,2,2,2,2,2,2,2,2,2,2,2,2,2,2,2,2,2,2,2,2,2,2,2,2,2,18,2,2,2,2,2,2,2,2,2,2,18,18,18,2,2,2,2,2,10,75,10,10,18,18,2,2,2,2,10,10,2,2,2,2,2,2,2,10,10,10,10,2,2,2,2,2,2,2,10,10,10,67,2,2,2,2,2,2,10,67,2,2,2,2,2,2,2,2,2,2,2,2,2,2,2,2,2,2,2,2,2,2,2,2,2,2,2,2,2,2,2,2,2,2,2,2,2,2,2,2,2,2,2,2,2,2,2,2,2,2,2,2,2,2,2,2,2,2,2,2,2,2,2
MYD17A2H.A2012169.h12v02.006.2015247125012.Gpp_500m,MYD17A2H,A2012169,Lat65.9255Lon-137.4220833Samp13Line13,2015247125012,Gpp_500m,581,620,590,570,561,561,377,435,618,501,416,415,508,340,610,155,598,560,435,531,531,463,606,508,507,466,638,609,609,463,539,608,607,589,534,534,486,475,507,647,628,560,590,548,483,477,466,534,534,475,543,516,539,483,548,548,508,507,507,543,543,543,570,526,658,530,529,508,534,534,600,600,591,570,714,629,628,553,498,516,696,553,571,570,591,591,591,553,524,534,533,686,639,639,676,630,630,591,525,524,448,494,494,522,658,609,638,638,580,514,504,514,580,561,504,504,494,553,553,609,534,534,533,618,589,532,522,522,504,503,599,599,524,514,513,570,570,589,570,626,626,568,559,553,504,513,513,610,674,654,637,608,608,577,577,626,618,703,655,655,626,626,532,540,513,513,531,568,625
MYD17A2H.A2012169.h12v02.006.2015247125012.PsnNet_500m,MYD17A2H,A2012169,Lat65.9255Lon-137.4220833Samp13Line13,2015247125012,PsnNet_500m,512,544,518,502,497,497,340,386,542,445,371,370,449,303,537,143,526,497,386,468,468,416,535,449,449,415,559,533,533,412,476,532,532,520,475,475,434,425,450,562,547,491,518,487,429,426,415,470,470,424,478,453,480,430,482,482,449,449,449,479,478,478,504,462,568,470,470,449,475,474,527,527,518,504,610,543,542,488,444,458,600,489,504,504,518,518,518,483,462,470,470,593,554,554,583,548,548,518,462,462,398,438,438,462,574,537,553,552,508,453,448,453,508,492,448,447,437,489,489,532,470,470,468,538,518,471,461,461,446,446,527,523,462,453,452,501,501,517,501,545,546,500,495,488,448,452,452,532,582,568,555,531,531,510,510,545,541,605,569,568,545,545,470,475,455,454,470,500,543
MYD17A2H.A2012169.h12v02.006.2015247125012.Psn_QC_500m,MYD17A2H,A2012169,Lat65.9255Lon-137.4220833Samp13Line13,2015247125012,Psn_QC_500m,2,2,2,2,2,2,2,2,2,2,2,2,2,2,2,2,2,2,2,2,2,2,2,2,2,2,2,2,2,2,2,2,2,2,2,2,2,2,2,2,2,2,2,2,2,2,2,18,18,2,2,2,2,2,2,2,2,2,2,2,2,2,2,2,2,2,2,2,2,2,2,2,2,2,2,2,2,2,10,10,2,2,2,2,2,2,2,2,2,2,2,2,2,2,2,2,2,2,2,2,2,2,2,2,2,2,2,2,2,2,2,2,2,2,2,2,2,2,2,2,2,2,2,2,2,2,10,10,2,2,2,2,2,2,2,2,2,2,2,2,2,2,2,2,2,2,2,2,2,2,2,2,2,2,2,2,2,2,2,2,2,2,2,2,2,2,2,2,2
MYD17A2H.A2012177.h12v02.006.2015247132721.Gpp_500m,MYD17A2H,A2012177,Lat65.9255Lon-137.4220833Samp13Line13,2015247132721,Gpp_500m,543,543,455,456,225,224,400,481,488,488,224,224,331,543,184,127,127,303,303,481,176,176,239,373,147,147,127,104,280,153,431,160,160,377,267,331,331,508,494,321,321,272,224,224,280,283,516,446,447,51,51,194,208,89,280,321,413,413,373,340,340,202,202,616,155,239,249,251,341,210,454,274,275,275,284,139,128,357,373,210,292,419,420,420,420,420,430,105,105,155,341,419,364,364,210,210,349,349,365,365,105,307,307,105,121,121,82,155,186,421,421,105,139,139,105,105,358,51,128,128,128,268,268,128,211,211,415,389,389,335,51,51,51,51,243,97,122,398,374,374,202,327,275,73,97,105,122,122,97,316,307,179,155,349,400,400,97,407,162,155,440,293,285,318,358,358,488,473,268
MYD17A2H.A2012177.h12v02.006.2015247132721.PsnNet_500m,MYD17A2H,A2012177,Lat65.9255Lon-137.4220833Samp13Line13,2015247132721,PsnNet_500m,470,470,402,402,205,205,355,428,430,431,205,205,300,470,169,118,118,273,273,428,161,161,222,335,131,131,118,94,252,142,383,150,150,342,242,296,297,442,428,293,293,250,205,205,257,258,451,389,393,44,44,175,189,81,257,290,364,364,335,301,302,185,185,529,143,222,224,226,305,190,398,248,248,248,256,126,119,322,330,190,262,371,371,371,371,371,380,99,99,141,309,371,327,327,189,189,315,315,323,323,99,281,281,99,111,111,74,143,169,372,372,99,127,127,99,99,323,44,119,119,119,243,244,119,189,189,370,348,348,302,44,44,44,44,225,89,111,353,336,335,186,293,248,71,89,96,111,111,87,289,278,162,144,315,361,361,89,361,149,141,393,266,261,287,324,324,433,420,240
MYD17A2H.A2012177.h12v02.006.2015247132721.Psn_QC_500m,MYD17A2H,A2012177,Lat65.9255Lon-137.4220833Samp13Line13,2015247132721,Psn_QC_500m,2,2,10,10,2,2,67,10,10,10,67,10,10,2,10,67,67,10,10,10,67,67,10,10,67,67,67,67,67,10,67,10,10,10,10,18,18,10,2,10,10,10,10,10,10,10,2,2,2,10,10,67,18,67,10,2,2,2,67,2,2,10,10,18,10,10,2,2,2,2,67,67,67,67,67,2,2,10,2,2,10,67,67,67,67,67,67,10,10,67,10,67,67,67,67,67,67,67,2,2,10,10,10,10,67,67,2,10,2,2,2,10,10,10,10,10,10,67,67,67,67,2,2,2,2,2,10,2,2,67,10,10,2,2,2,2,10,2,2,2,67,67,67,67,67,67,10,10,10,2,10,67,10,10,18,18,10,67,67,10,10,10,10,10,18,18,18,10,2
MYD17A2H.A2012185.h12v02.006.2015247192855.Gpp_500m,MYD17A2H,A2012185,Lat65.9255Lon-137.4220833Samp13Line13,2015247192855,Gpp_500m,651,651,651,608,618,602,592,618,618,592,592,592,535,591,643,610,556,556,575,575,575,566,556,501,517,483,537,548,548,540,611,637,556,566,570,535,431,404,431,539,522,556,556,556,574,517,483,465,447,492,492,543,522,497,497,540,527,535,509,509,509,483,483,589,543,513,585,404,422,455,562,528,518,605,606,589,554,528,431,465,589,657,484,543,581,581,493,554,554,554,503,492,492,589,589,404,474,572,484,484,519,467,503,484,484,483,140,465,466,572,528,493,518,518,510,484,503,140,438,439,563,543,528,573,573,529,475,518,493,519,466,543,554,563,608,564,573,573,564,564,564,494,546,536,536,528,564,573,634,663,573,573,573,459,485,539,536,662,662,670,616,530,546,519,521,494,494,532,532
MYD17A2H.A2012185.h12v02.006.2015247192855.PsnNet_500m,MYD17A2H,A2012185,Lat65.9255Lon-137.4220833Samp13Line13,2015247192855,PsnNet_500m,574,574,574,539,545,535,525,550,550,525,525,525,480,529,565,543,495,495,510,510,510,504,496,450,466,437,483,490,490,484,536,559,496,504,509,481,389,367,389,483,475,502,496,496,511,466,433,425,403,444,444,487,470,454,447,483,471,481,457,457,457,434,434,522,488,463,521,366,382,414,505,472,466,538,538,522,493,473,389,419,530,585,434,487,516,516,444,495,495,495,452,443,444,524,525,368,429,510,434,434,468,420,452,435,437,437,131,420,420,510,473,444,468,468,459,440,453,131,396,396,500,490,474,511,511,475,429,468,444,469,420,488,495,508,539,507,513,513,508,507,507,448,492,482,482,475,508,512,561,587,513,514,514,412,440,483,484,587,587,597,552,476,489,469,469,446,446,481,482
MYD17A2H.A2012185.h12v02.006.2015247192855.Psn_QC_500m,MYD17A2H,A2012185,Lat65.9255Lon-137.4220833Samp13Line13,2015247192855,Psn_QC_500m,2,2,2,2,2,2,2,2,2,2,2,2,2,2,2,2,2,2,2,2,2,2,2,2,2,2,2,2,2,2,2,2,2,2,2,2,2,2,2,2,10,2,2,2,2,2,2,10,2,2,2,2,2,10,2,2,2,2,2,2,2,2,2,2,2,2,2,2,2,2,2,2,2,2,2,2,2,2,2,2,2,2,2,2,2,2,2,2,2,2,2,2,2,2,2,2,2,2,2,2,2,2,2,2,2,2,2,2,2,2,2,2,2,2,2,2,2,2,2,2,2,2,2,2,2,2,2,2,2,2,2,2,2,2,2,2,2,2,2,2,2,2,2,2,2,2,2,2,2,2,2,2,2,2,2,2,2,2,2,2,2,2,2,2,2,2,2,2,2
MYD17A2H.A2012193.h12v02.006.2015248031645.Gpp_500m,MYD17A2H,A2012193,Lat65.9255Lon-137.4220833Samp13Line13,2015248031645,Gpp_500m,92,100,92,107,71,71,78,43,43,43,43,35,42,92,100,100,78,64,43,43,78,43,35,35,35,35,107,91,91,71,71,78,71,71,35,35,314,50,50,101,101,85,85,71,221,336,336,314,314,72,72,72,64,50,399,436,435,449,449,357,357,79,72,85,43,57,399,279,72,350,42,42,79,79,50,43,171,171,350,350,85,85,42,43,43,399,399,137,150,138,93,35,42,372,99,242,121,220,300,364,114,93,43,43,136,136,93,136,114,114,257,357,86,43,35,35,86,107,115,43,371,408,387,93,30,35,150,322,35,35,43,43,350,413,408,322,300,329,30,348,348,43,35,35,349,335,343,293,293,379,371,30,30,35,363,363,35,35,428,400,371,348,30,30,35,179,442,42,364
MYD17A2H.A2012193.h12v02.006.2015248031645.PsnNet_500m,MYD17A2H,A2012193,Lat65.9255Lon-137.4220833Samp13Line13,2015248031645,PsnNet_500m,88,91,89,99,66,66,72,40,40,40,40,33,40,89,91,91,73,61,40,40,72,40,33,33,33,33,99,85,85,66,66,72,66,66,33,33,288,46,46,91,91,80,80,66,206,307,307,288,288,66,66,66,61,47,362,386,388,400,400,323,323,72,66,81,40,55,361,252,66,315,40,40,72,72,46,40,160,160,316,315,81,81,40,40,40,361,361,125,139,125,89,33,40,330,92,219,113,206,273,333,107,89,40,40,126,127,89,128,107,107,237,325,80,40,34,34,80,100,107,40,336,363,350,89,25,34,139,290,34,34,40,40,318,371,368,290,273,296,25,314,314,40,34,33,318,305,308,269,269,338,335,25,25,34,327,327,34,34,381,358,335,314,25,25,34,167,402,40,330
MYD17A2H.A2012193.h12v02.006.2015248031645.Psn_QC_500m,MYD17A2H,A2012193,Lat65.9255Lon-137.4220833Samp13Line13,2015248031645,Psn_QC_500m,67,67,67,67,67,67,67,75,75,75,75,75,75,67,67,67,67,67,75,75,67,75,75,75,75,75,67,67,67,67,67,67,67,67,75,75,2,67,67,67,67,67,67,67,10,2,2,2,2,67,67,83,67,67,10,2,2,2,2,10,10,2,83,83,10,67,10,2,67,2,75,75,2,2,75,10,10,10,2,2,67,67,75,75,75,10,10,10,10,10,10,75,75,2,18,2,2,2,2,2,10,10,10,10,10,10,10,10,10,2,2,2,10,75,83,75,10,10,10,10,18,10,10,10,75,75,10,2,75,75,75,75,10,10,10,2,10,2,75,2,2,75,75,75,10,2,2,10,10,2,2,75,75,75,2,2,75,75,2,2,2,2,75,75,75,10,10,75,2
MYD17A2H.A2012201.h12v02.006.2015248084208.Gpp_500m,MYD17A2H,A2012201,Lat65.9255Lon-137.4220833Samp13Line13,2015248084208,Gpp_500m,493,493,418,377,383,383,376,411,411,411,419,419,330,418,411,411,376,370,376,330,390,383,383,344,344,303,527,308,383,383,330,330,383,383,330,331,316,316,331,364,376,376,370,370,370,330,331,316,316,297,297,297,260,330,370,370,195,195,331,282,282,303,303,366,331,330,254,310,310,331,177,177,297,297,366,366,303,303,255,331,297,297,28,131,207,206,297,110,316,240,240,177,177,234,234,177,177,255,255,186,195,311,248,248,177,42,91,177,269,269,255,255,406,367,367,333,333,34,75,269,269,269,316,406,407,257,257,324,325,325,214,276,276,367,367,360,324,324,360,344,333,304,304,323,332,332,352,352,407,393,333,324,304,304,310,304,332,422,422,414,387,387,339,310,310,317,318,325,318
MYD17A2H.A2012201.h12v02.006.2015248084208.PsnNet_500m,MYD17A2H,A2012201,Lat65.9255Lon-137.4220833Samp13Line13,2015248084208,PsnNet_500m,423,423,369,332,339,338,333,361,361,361,366,364,296,372,360,361,333,327,333,298,346,341,341,307,307,273,457,275,339,339,298,298,341,341,295,295,284,284,295,322,334,334,327,327,327,295,295,284,284,269,269,269,236,292,327,327,175,175,296,254,254,269,269,321,296,293,229,275,275,296,162,162,264,264,321,321,272,272,228,295,264,264,24,122,186,186,265,101,283,215,219,162,162,209,209,162,162,230,230,169,175,276,222,223,162,39,85,162,240,240,230,230,358,327,327,296,296,32,69,240,240,240,286,358,359,232,232,291,291,291,194,251,251,327,327,320,290,290,318,305,293,270,270,293,296,296,312,312,359,349,293,291,270,270,277,270,296,369,369,363,340,341,301,277,277,282,282,291,282
MYD17A2H.A2012201.h12v02.006.2015248084208.Psn_QC_500m,MYD17A2H,A2012201,Lat65.9255Lon-137.4220833Samp13Line13,2015248084208,Psn_QC_500m,2,2,2,2,2,2,2,2,2,2,2,2,2,10,2,2,2,2,2,2,2,2,2,2,2,2,10,2,2,2,2,2,2,2,2,2,2,2,2,2,2,2,2,2,2,2,2,2,2,10,10,10,18,2,2,2,18,18,18,10,10,2,2,18,18,2,2,18,18,18,2,2,2,2,18,18,2,2,2,2,2,2,75,10,2,2,2,10,18,2,10,2,2,2,2,2,2,2,2,18,67,2,2,2,2,10,10,2,2,2,2,2,2,2,2,2,2,75,67,2,2,2,2,2,2,2,2,2,2,2,2,2,2,2,2,2,2,2,2,2,2,2,2,2,2,2,2,2,2,2,2,2,2,2,2,2,2,2,2,2,2,2,2,2,2,2,2,2,2
MYD17A2H.A2012209.h12v02.006.2015249024219.Gpp_500m,MYD17A2H,A2012209,Lat65.9255Lon-137.4220833Samp13Line13,2015249024219,Gpp_500m,544,558,536,558,557,536,551,431,521,521,491,492,490,536,558,544,544,527,468,491,594,527,514,460,402,342,565,565,581,454,454,491,498,492,439,439,320,349,349,521,498,498,514,461,491,313,290,386,483,334,498,445,475,439,492,328,313,312,326,365,365,386,469,469,477,328,328,320,326,365,380,365,365,380,491,483,483,460,291,334,380,380,349,365,320,386,477,320,453,453,459,402,402,334,246,246,297,297,297,423,422,380,416,409,365,290,222,222,283,297,447,422,416,439,439,401,431,120,215,372,423,447,431,431,416,416,290,431,430,430,372,447,447,467,498,409,388,409,401,401,380,374,374,453,439,423,497,497,467,513,423,350,393,393,408,364,409,423,513,528,491,467,467,430,467,430,408,357,358
MYD17A2H.A2012209.h12v02.006.2015249024219.PsnNet_500m,MYD17A2H,A2012209,Lat65.9255Lon-137.4220833Samp13Line13,2015249024219,PsnNet_500m,457,468,452,468,468,452,461,371,442,442,419,419,416,452,466,457,457,445,404,419,487,444,435,398,352,301,473,472,479,391,391,419,422,419,378,378,282,307,307,442,422,422,436,395,419,273,256,337,414,292,424,382,407,380,419,290,273,273,289,319,315,337,402,402,406,290,290,281,285,319,329,315,327,329,417,414,414,395,256,292,329,329,304,319,281,334,408,281,390,390,395,349,348,292,218,218,263,263,263,370,369,331,361,355,315,256,199,199,251,263,386,369,361,379,379,350,375,108,191,323,369,386,371,371,363,363,255,376,376,376,323,384,384,403,423,355,337,355,350,350,333,326,326,390,379,369,423,423,402,437,368,307,345,345,357,318,355,369,438,444,422,402,402,371,402,371,358,315,315
MYD17A2H.A2012209.h12v02.006.2015249024219.Psn_QC_500m,MYD17A2H,A2012209,Lat65.9255Lon-137.4220833Samp13Line13,2015249024219,Psn_QC_500m,2,2,2,2,2,2,2,2,2,2,2,2,2,2,2,2,2,2,2,2,2,2,2,2,2,2,2,2,2,2,2,2,2,2,2,2,2,2,2,2,2,2,2,2,2,2,2,2,2,2,2,2,2,2,2,2,2,2,2,2,2,2,2,2,2,2,2,2,2,2,2,2,10,2,2,2,2,2,2,2,2,2,2,2,2,2,2,2,2,2,2,2,2,2,2,2,2,2,2,2,2,2,2,2,2,2,2,2,2,2,2,2,2,2,2,2,2,2,2,2,2,2,2,2,2,2,2,2,2,2,2,2,2,2,2,2,2,2,2,2,2,2,2,2,2,2,2,2,2,2,2,2,2,2,2,2,2,2,2,2,2,2,2,2,2,2,2,2,2
MYD17A2H.A2012217.h12v02.006.2015249072026.Gpp_500m,MYD17A2H,A2012217,Lat65.9255Lon-137.4220833Samp13Line13,2015249072026,Gpp_500m,354,354,354,199,382,424,460,517,517,425,431,460,390,354,304,353,388,437,454,475,396,494,446,406,406,369,480,481,482,437,454,454,425,425,384,420,420,356,285,488,445,396,425,425,425,427,406,390,114,115,228,157,494,403,403,432,435,384,264,213,250,278,264,285,285,410,403,384,384,341,341,321,383,377,356,320,378,428,427,326,350,520,521,447,356,421,471,471,428,350,350,321,306,306,250,207,278,497,285,449,441,399,399,327,356,206,115,278,278,285,285,441,441,441,456,443,435,115,115,264,299,299,464,464,449,405,429,278,428,435,435,456,456,471,472,441,456,264,412,371,450,443,405,228,477,421,449,534,484,484,428,435,412,436,412,412,428,505,505,512,512,464,470,435,435,451,443,443,412
MYD17A2H.A2012217.h12v02.006.2015249072026.PsnNet_500m,MYD17A2H,A2012217,Lat65.9255Lon-137.4220833Samp13Line13,2015249072026,PsnNet_500m,316,316,316,184,344,378,408,453,453,384,391,411,352,316,276,316,348,391,400,417,359,441,398,364,363,332,425,425,425,391,400,400,381,377,346,375,375,321,258,434,398,355,382,381,377,379,363,352,107,107,207,143,439,361,361,385,387,346,239,195,229,254,243,262,262,369,362,346,346,311,308,289,347,345,322,293,345,380,382,295,314,454,454,402,320,379,420,420,380,314,314,293,277,277,225,187,252,444,258,398,395,360,360,299,321,187,107,252,252,258,259,391,391,391,406,396,389,107,107,238,272,271,412,412,398,365,380,253,383,388,387,406,406,419,414,395,406,240,372,336,403,395,365,206,421,376,398,468,429,429,386,388,373,387,372,372,382,446,446,449,450,411,416,390,391,403,395,395,369
MYD17A2H.A2012217.h12v02.006.2015249072026.Psn_QC_500m,MYD17A2H,A2012217,Lat65.9255Lon-137.4220833Samp13Line13,2015249072026,Psn_QC_500m,2,2,2,10,2,2,2,2,2,2,2,2,2,2,2,2,2,2,2,2,10,18,2,2,2,2,2,2,2,2,2,2,2,2,2,2,2,18,2,2,2,2,2,2,2,2,2,2,2,2,2,2,2,2,2,2,2,2,2,2,2,10,10,18,18,10,2,2,2,18,2,2,10,10,10,10,2,2,2,2,18,2,2,2,2,2,2,2,2,2,2,18,2,2,2,2,2,2,10,2,2,2,2,10,10,2,2,2,2,10,10,2,2,2,2,2,2,2,2,2,18,2,2,2,2,2,2,2,2,2,2,2,2,2,2,2,2,2,2,2,2,2,2,2,2,2,2,2,2,2,2,2,2,10,2,2,2,2,2,2,2,2,2,2,2,2,2,2,2
MYD17A2H.A2012225.h12v02.006.2015249111314.Gpp_500m,MYD17A2H,A2012225,Lat65.9255Lon-137.4220833Samp13Line13,2015249111314,Gpp_500m,316,327,310,310,333,304,300,326,326,321,321,288,362,316,316,320,320,359,359,283,326,326,288,340,397,396,327,327,321,321,410,364,364,310,399,366,366,253,269,326,321,421,288,459,420,253,253,253,253,253,269,274,260,260,349,338,253,253,268,280,280,274,274,284,258,253,270,253,268,307,312,318,307,290,290,284,305,290,241,253,268,280,280,253,209,236,284,290,305,289,231,280,280,280,280,192,192,284,284,259,258,231,258,258,312,236,236,192,252,252,259,258,258,258,258,258,258,122,122,252,252,209,219,247,209,209,258,258,257,257,192,367,383,383,215,215,180,258,258,257,257,251,257,328,328,261,327,327,327,327,285,285,251,340,339,388,219,219,327,311,311,297,296,344,416,382,372,323,224
MYD17A2H.A2012225.h12v02.006.2015249111314.PsnNet_500m,MYD17A2H,A2012225,Lat65.9255Lon-137.4220833Samp13Line13,2015249111314,PsnNet_500m,287,299,284,284,301,278,272,295,296,290,290,262,323,284,284,292,292,323,323,255,296,296,262,305,352,352,295,295,290,290,364,326,326,282,355,328,328,229,244,295,290,375,264,397,371,230,230,230,231,229,245,252,240,240,314,307,232,230,245,254,254,252,252,260,238,233,247,232,245,279,285,286,279,264,264,260,279,264,221,232,245,254,254,231,190,214,260,264,279,264,212,254,254,254,254,176,176,260,259,238,238,212,238,238,281,214,214,176,231,231,234,234,238,238,238,238,238,112,112,231,231,183,192,215,183,183,238,238,234,238,169,330,345,345,189,189,160,234,234,234,234,231,237,298,298,243,298,298,298,298,260,260,231,308,308,347,202,202,298,283,283,272,272,312,370,341,333,291,207
MYD17A2H.A2012225.h12v02.006.2015249111314.Psn_QC_500m,MYD17A2H,A2012225,Lat65.9255Lon-137.4220833Samp13Line13,2015249111314,Psn_QC_500m,2,18,10,10,10,10,10,2,2,2,2,2,2,2,2,2,2,10,10,2,2,2,2,2,2,2,2,2,2,2,2,2,2,2,2,2,2,2,2,2,2,2,18,2,2,2,2,2,2,2,2,2,2,2,2,2,2,2,2,2,2,2,2,2,2,2,2,2,2,2,2,2,2,2,2,2,2,2,2,2,2,2,2,2,2,2,2,2,2,2,2,2,2,2,2,2,2,2,2,2,2,2,2,2,2,2,2,2,2,2,2,2,2,2,2,2,2,2,2,2,2,2,2,2,2,2,2,2,2,2,2,2,2,2,2,2,2,2,2,2,2,2,2,2,2,10,2,2,2,2,2,2,2,2,2,2,2,2,2,2,2,10,10,2,2,2,2,2,2
MYD17A2H.A2012233.h12v02.006.2015249153323.Gpp_500m,MYD17A2H,A2012233,Lat65.9255Lon-137.4220833Samp13Line13,2015249153323,Gpp_500m,78,78,78,78,40,40,265,265,369,323,40,40,40,78,265,270,344,330,330,338,229,237,191,192,85,40,349,349,358,323,308,284,284,237,178,163,171,186,40,280,270,294,265,265,221,149,149,163,40,202,173,114,305,299,259,172,64,40,50,73,73,85,85,41,118,73,73,85,85,79,154,153,64,64,73,73,108,114,88,88,79,70,70,85,85,79,79,70,129,34,34,129,79,85,153,85,159,282,282,201,138,138,108,89,64,64,114,307,308,261,232,173,173,164,173,173,173,134,173,173,267,267,285,286,193,193,228,228,252,252,271,282,282,285,286,228,248,217,217,55,231,89,109,271,272,187,187,292,257,257,282,148,163,70,34,40,187,231,231,133,133,153,117,103,70,70,40,84,40
MYD17A2H.A2012233.h12v02.006.2015249153323.PsnNet_500m,MYD17A2H,A2012233,Lat65.9255Lon-137.4220833Samp13Line13,2015249153323,PsnNet_500m,73,73,73,73,36,36,242,242,325,290,36,36,37,73,242,245,305,293,293,301,212,217,176,177,79,37,311,311,318,290,279,259,259,217,163,151,160,173,37,257,245,267,242,242,205,138,138,152,37,186,158,105,273,271,236,153,60,37,44,70,70,79,79,37,113,69,69,79,79,74,140,140,56,56,70,70,101,105,82,82,74,63,62,79,79,74,74,63,122,32,32,123,74,79,140,79,146,258,254,186,128,128,101,84,60,60,105,275,275,239,213,160,160,152,159,159,159,123,158,158,242,242,259,259,177,177,206,206,228,228,244,251,251,259,259,206,225,198,198,49,210,83,101,246,246,172,172,262,233,233,255,139,152,64,32,37,172,210,210,124,124,142,112,97,64,64,37,78,37
MYD17A2H.A2012233.h12v02.006.2015249153323.Psn_QC_500m,MYD17A2H,A2012233,Lat65.9255Lon-137.4220833Samp13Line13,2015249153323,Psn_QC_500m,10,10,10,10,10,10,18,18,2,18,10,10,10,10,18,10,2,2,2,2,10,10,10,10,10,10,2,2,2,2,2,10,10,10,10,10,2,2,10,2,2,2,10,10,10,10,10,10,10,2,2,10,2,2,10,99,2,10,2,2,2,10,10,10,18,10,10,10,10,10,10,10,107,107,10,2,2,10,10,10,10,10,10,10,10,10,10,2,10,10,10,10,10,10,10,10,10,10,2,10,10,10,10,10,10,10,2,2,2,10,10,10,10,10,10,2,2,10,2,2,10,10,2,2,2,2,10,10,10,10,2,2,2,2,2,2,2,2,2,18,10,10,10,2,2,2,2,2,2,2,10,10,10,10,2,10,2,2,2,10,10,10,10,10,2,2,10,10,10
MYD17A2H.A2012241.h12v02.006.2015249200631.Gpp_500m,MYD17A2H,A2012241,Lat65.9255Lon-137.4220833Samp13Line13,2015249200631,Gpp_500m,148,140,140,140,140,132,132,132,136,65,136,129,182,64,140,140,136,51,127,65,65,127,127,124,136,136,52,51,51,64,65,65,112,112,111,111,111,106,107,149,143,121,114,112,112,111,106,111,111,121,111,112,127,114,112,112,106,106,111,126,126,123,123,119,119,105,105,106,106,118,118,131,137,137,121,121,65,42,106,106,118,118,131,107,107,42,109,65,62,113,113,106,106,131,131,65,109,65,65,109,109,109,109,109,111,65,24,109,109,109,109,109,113,113,103,103,103,19,67,67,164,103,109,113,113,103,103,89,89,92,47,127,71,71,109,113,95,95,85,85,89,89,96,164,97,113,113,95,95,95,92,92,113,113,133,149,113,113,119,120,95,95,89,96,170,172,154,107,107
MYD17A2H.A2012241.h12v02.006.2015249200631.PsnNet_500m,MYD17A2H,A2012241,Lat65.9255Lon-137.4220833Samp13Line13,2015249200631,PsnNet_500m,130,126,126,125,125,118,118,118,120,60,120,115,156,60,126,126,120,46,112,60,60,114,114,112,122,122,50,46,46,60,60,60,99,99,101,101,102,95,95,134,128,106,102,99,99,101,95,102,102,109,102,102,112,102,99,99,95,95,102,113,113,112,112,106,106,95,94,95,95,105,105,115,122,122,108,108,60,36,95,95,105,105,115,95,95,36,98,60,57,102,102,95,95,115,115,60,98,60,60,99,99,99,99,99,102,60,21,98,98,99,99,99,102,102,92,92,93,19,63,63,143,88,99,102,102,92,92,82,82,83,44,113,64,64,99,102,85,86,78,77,82,82,88,143,87,102,102,85,86,86,83,83,102,102,121,133,102,102,107,108,86,86,81,88,149,151,138,96,96
MYD17A2H.A2012241.h12v02.006.2015249200631.Psn_QC_500m,MYD17A2H,A2012241,Lat65.9255Lon-137.4220833Samp13Line13,2015249200631,Psn_QC_500m,2,2,2,2,2,2,2,2,2,2,2,2,2,2,2,2,2,10,2,2,2,2,2,2,2,2,10,10,10,2,2,2,2,2,2,2,2,2,2,2,2,2,2,2,2,2,2,2,2,2,2,2,2,2,2,2,2,2,2,2,2,2,2,2,2,2,2,2,2,2,2,2,2,2,2,2,2,10,2,2,2,2,2,2,2,10,2,2,10,2,2,2,2,2,2,2,2,2,2,2,2,2,18,18,2,2,10,2,2,10,18,18,18,18,18,18,18,2,2,2,10,18,18,18,18,18,18,18,18,18,10,10,10,10,18,18,10,10,18,18,18,18,2,10,18,10,10,10,10,18,18,18,10,10,10,10,10,10,10,10,18,18,10,18,10,10,10,10,10
MYD17A2H.A2012249.h12v02.006.2015250004155.Gpp_500m,MYD17A2H,A2012249,Lat65.9255Lon-137.4220833Samp13Line13,2015250004155,Gpp_500m,27,35,31,7,65,65,65,65,65,70,70,70,61,27,15,35,70,70,65,65,65,65,65,63,63,61,75,75,73,73,65,65,65,65,65,63,15,27,27,65,65,65,15,24,24,28,28,15,28,28,24,24,27,27,15,15,28,28,28,61,61,28,28,28,28,44,44,42,65,65,57,28,30,30,27,30,30,28,65,65,24,27,27,33,28,27,27,25,27,27,28,24,24,27,30,30,15,30,30,27,12,12,64,64,40,40,41,15,30,30,35,35,12,12,28,28,12,12,15,35,35,33,33,39,39,39,35,35,12,15,34,34,28,68,68,54,33,33,12,15,25,25,59,28,68,33,33,30,30,30,54,51,51,48,48,43,27,28,28,44,44,35,35,54,27,27,27,41,41
MYD17A2H.A2012249.h12v02.006.2015250004155.PsnNet_500m,MYD17A2H,A2012249,Lat65.9255Lon-137.4220833Samp13Line13,2015250004155,PsnNet_500m,24,33,28,6,58,58,58,58,58,64,64,64,54,24,14,33,62,62,58,58,58,58,58,56,56,54,67,67,65,65,58,58,58,58,59,56,14,23,23,58,58,58,14,19,19,27,27,14,27,27,19,19,23,23,14,14,27,27,27,54,54,27,27,27,27,42,42,40,59,59,50,27,28,28,23,28,28,27,59,59,19,23,23,30,27,23,23,23,24,24,27,19,19,23,28,28,14,28,28,24,12,12,54,54,38,38,38,14,28,28,33,33,12,12,25,25,12,12,14,33,33,30,30,34,34,34,33,33,12,14,30,30,27,62,62,47,30,30,12,14,23,23,52,27,62,30,30,29,29,29,47,47,47,43,43,40,24,27,27,42,42,33,33,47,24,24,25,39,39
MYD17A2H.A2012249.h12v02.006.2015250004155.Psn_QC_500m,MYD17A2H,A2012249,Lat65.9255Lon-137.4220833Samp13Line13,2015250004155,Psn_QC_500m,10,10,10,107,2,2,2,2,2,2,2,2,2,10,10,10,2,2,2,2,2,2,2,2,2,2,2,2,2,2,2,2,2,2,2,2,10,10,10,2,2,2,10,10,10,10,10,10,10,10,10,10,10,10,10,10,10,10,10,2,2,10,10,10,10,2,2,2,2,2,2,10,10,10,10,10,10,10,2,2,10,10,10,10,10,10,10,10,10,10,10,10,10,10,10,10,10,10,10,10,2,2,99,99,2,2,2,10,10,10,10,10,2,2,99,99,2,2,10,10,10,10,10,99,99,99,99,99,2,10,10,10,10,99,99,99,10,10,2,10,18,18,2,10,99,10,10,10,10,10,107,2,2,2,2,2,10,10,10,10,10,2,2,18,10,10,10,2,2
MYD17A2H.A2012257.h12v02.006.2015250045942.Gpp_500m,MYD17A2H,A2012257,Lat65.9255Lon-137.4220833Samp13Line13,2015250045942,Gpp_500m,82,82,84,84,80,77,77,68,68,68,68,80,68,80,80,77,77,90,68,68,68,79,60,61,61,58,82,82,82,60,60,68,48,48,45,68,52,44,44,82,75,75,68,60,60,49,56,58,66,66,45,45,77,65,46,46,31,56,56,59,49,66,49,49,40,56,38,35,56,56,49,45,45,64,49,45,45,45,52,45,45,54,35,35,32,27,27,35,52,45,49,56,64,58,58,32,58,58,49,37,49,49,59,58,35,25,25,63,63,63,56,56,49,64,64,58,45,32,16,59,59,56,56,54,58,58,45,35,35,58,37,37,67,67,67,57,57,63,63,67,45,45,38,78,63,64,64,74,67,64,58,45,35,48,28,25,67,74,67,77,67,63,63,66,74,53,53,40,46
MYD17A2H.A2012257.h12v02.006.2015250045942.PsnNet_500m,MYD17A2H,A2012257,Lat65.9255Lon-137.4220833Samp13Line13,2015250045942,PsnNet_500m,71,71,74,74,71,67,67,59,59,60,60,70,60,71,71,67,67,77,59,59,60,69,54,55,55,50,71,71,71,54,54,60,43,43,42,59,47,39,39,73,66,66,60,54,54,45,49,50,59,59,42,42,67,58,40,40,27,49,49,50,45,59,45,45,35,49,36,30,49,49,45,42,42,58,45,42,42,42,47,42,42,49,32,32,28,25,25,31,48,42,45,49,58,50,50,29,50,50,45,34,45,45,53,50,32,23,23,56,56,56,49,49,45,58,58,50,42,29,15,50,52,49,49,49,51,51,42,32,32,52,34,34,59,59,59,49,50,56,56,59,41,41,35,70,56,58,58,67,59,58,52,41,32,45,25,21,59,67,59,70,59,57,57,59,66,47,47,36,41
MYD17A2H.A2012257.h12v02.006.2015250045942.Psn_QC_500m,MYD17A2H,A2012257,Lat65.9255Lon-137.4220833Samp13Line13,2015250045942,Psn_QC_500m,2,2,2,2,2,2,2,2,2,2,2,2,2,2,2,2,2,2,2,2,2,2,2,2,2,2,2,2,2,2,2,2,2,2,2,2,2,2,2,2,2,2,2,2,2,2,2,2,2,2,2,2,2,2,2,2,2,2,2,2,2,2,2,2,2,2,2,2,2,2,2,2,2,2,2,2,2,2,2,2,2,2,2,2,2,2,2,2,2,2,2,2,2,2,2,2,2,2,2,2,2,2,2,2,2,2,2,2,2,2,2,2,2,2,2,2,2,10,2,2,2,2,2,2,2,2,2,2,2,2,2,2,2,2,2,2,2,2,2,2,2,2,2,2,2,2,18,2,18,2,2,2,2,2,10,2,2,2,18,18,2,2,2,2,2,2,2,2,2
MYD17A2H.A2012265.h12v02.006.2015250072758.Gpp_500m,MYD17A2H,A2012265,Lat65.9255Lon-137.4220833Samp13Line13,2015250072758,Gpp_500m,106,97,104,104,102,92,78,78,78,78,92,88,92,111,102,92,102,87,87,116,102,92,78,92,92,87,102,102,92,92,116,116,78,78,92,92,90,79,79,92,92,116,116,78,78,92,92,79,87,93,93,79,98,98,98,78,79,79,92,80,79,79,79,92,79,92,79,79,79,87,79,77,79,99,79,79,79,92,102,87,87,79,79,79,93,79,79,79,92,92,93,93,79,120,87,50,99,79,79,87,87,79,90,99,90,50,35,87,87,103,92,92,92,123,112,92,79,35,50,79,92,92,99,115,115,79,69,79,79,79,50,87,108,130,117,115,99,92,79,92,69,69,87,112,117,117,115,117,112,112,86,86,80,80,79,81,92,87,103,103,103,112,92,106,86,86,79,69,69
MYD17A2H.A2012265.h12v02.006.2015250072758.PsnNet_500m,MYD17A2H,A2012265,Lat65.9255Lon-137.4220833Samp13Line13,2015250072758,PsnNet_500m,92,83,89,89,89,79,68,68,68,68,79,78,80,97,89,79,89,75,75,102,89,79,68,80,80,76,90,90,79,79,102,102,68,68,80,80,78,69,69,79,79,102,102,68,68,80,80,69,76,83,83,69,86,87,87,68,69,69,80,70,69,69,69,80,69,79,68,69,69,76,69,67,69,84,69,69,69,80,91,76,76,69,69,69,80,69,69,69,80,80,80,80,69,103,76,45,84,69,69,76,76,69,78,86,78,45,30,76,76,91,80,80,80,104,95,80,69,30,45,69,80,80,87,100,100,69,63,69,69,69,45,76,93,113,101,99,84,80,69,80,63,63,76,100,101,101,100,101,100,100,73,74,69,69,69,70,80,76,91,91,91,100,80,92,74,74,69,63,63
MYD17A2H.A2012265.h12v02.006.2015250072758.Psn_QC_500m,MYD17A2H,A2012265,Lat65.9255Lon-137.4220833Samp13Line13,2015250072758,Psn_QC_500m,2,2,2,2,2,2,2,2,2,2,2,2,2,2,2,2,2,2,2,10,2,2,2,2,2,2,2,2,2,2,10,10,2,2,2,2,2,2,2,2,2,10,10,2,2,2,2,2,2,2,2,2,10,10,10,2,2,2,2,10,2,2,2,2,2,2,2,2,2,2,2,2,2,2,2,2,2,2,2,2,2,2,2,2,2,2,2,2,2,2,2,2,2,2,2,2,2,2,2,2,2,2,2,10,2,2,2,2,2,2,2,10,10,10,10,2,2,2,2,2,2,2,18,2,2,2,2,2,2,2,2,2,2,18,18,2,2,2,2,2,2,2,2,18,2,2,2,2,2,2,2,2,2,2,2,2,2,2,2,2,2,2,2,2,2,2,2,2,2
MYD17A2H.A2012273.h12v02.006.2015250143645.Gpp_500m,MYD17A2H,A2012273,Lat65.9255Lon-137.4220833Samp13Line13,2015250143645,Gpp_500m,11,11,5,5,5,5,10,5,5,11,11,10,15,11,5,5,5,5,5,5,10,42,42,5,17,18,42,5,11,10,10,11,11,15,15,17,17,15,5,5,5,5,5,11,14,14,5,5,5,5,6,6,5,5,5,5,5,5,5,5,5,20,20,17,40,5,5,5,5,20,20,18,42,44,40,39,40,44,20,20,42,42,42,39,34,33,6,39,44,40,40,42,42,39,39,27,33,36,39,39,39,39,39,39,40,40,34,29,34,39,39,39,13,13,13,11,6,17,34,38,19,17,17,39,39,39,39,10,10,10,11,6,39,39,39,11,10,10,12,10,10,10,10,14,14,12,10,11,10,14,10,10,10,6,6,40,10,10,10,10,39,39,35,35,39,39,39,6,6
MYD17A2H.A2012273.h12v02.006.2015250143645.PsnNet_500m,MYD17A2H,A2012273,Lat65.9255Lon-137.4220833Samp13Line13,2015250143645,PsnNet_500m,10,10,3,3,3,3,8,3,3,10,10,8,11,10,3,3,3,3,3,3,8,20,20,3,12,13,20,3,10,8,8,10,10,12,12,12,12,11,3,3,3,3,3,10,10,10,3,3,3,3,3,3,3,3,3,3,3,3,3,3,3,16,16,12,21,3,3,3,3,16,16,14,20,20,21,21,21,21,16,16,21,21,21,21,20,20,3,21,21,21,21,21,20,21,21,18,20,21,21,21,21,21,21,21,21,21,20,19,20,21,21,21,10,10,10,10,3,11,20,21,15,12,12,21,21,21,21,10,10,10,10,3,21,21,21,10,10,10,10,9,9,8,8,10,10,10,10,10,10,10,10,10,8,3,3,21,10,10,10,10,21,21,21,21,21,21,21,3,3
MYD17A2H.A2012273.h12v02.006.2015250143645.Psn_QC_500m,MYD17A2H,A2012273,Lat65.9255Lon-137.4220833Samp13Line13,2015250143645,Psn_QC_500m,10,10,10,10,10,10,10,10,10,10,10,10,10,10,10,10,10,10,10,10,10,67,67,10,10,10,67,10,10,10,10,10,10,10,10,10,10,10,10,10,10,10,10,10,10,10,10,10,10,10,10,10,10,10,10,10,10,10,10,10,10,10,10,10,67,10,10,10,10,10,10,10,67,67,67,67,67,67,10,10,67,67,67,67,67,67,10,67,67,67,67,67,67,67,67,67,67,67,67,67,67,67,67,67,67,67,67,67,67,67,67,67,10,10,10,10,10,67,67,67,10,10,10,67,67,67,67,10,10,10,18,10,67,67,67,10,10,10,10,10,10,10,10,10,10,10,10,10,10,10,10,10,10,10,10,83,10,10,10,10,67,67,67,67,67,83,83,10,10
MYD17A2H.A2012281.h12v02.006.2015250174600.Gpp_500m,MYD17A2H,A2012281,Lat65.9255Lon-137.4220833Samp13Line13,2015250174600,Gpp_500m,1,1,1,12,12,12,8,8,8,8,9,9,8,3,3,12,12,3,8,3,4,4,8,8,8,7,3,3,3,3,4,4,9,9,7,7,5,5,8,3,3,12,12,9,9,4,4,5,5,9,9,9,3,3,4,3,3,4,4,5,8,8,9,9,9,3,3,3,1,7,0,8,8,9,8,8,8,3,3,3,4,5,5,5,8,8,8,8,8,8,8,3,5,5,0,0,7,7,7,8,8,9,9,9,0,0,0,7,4,5,5,8,8,8,8,9,8,0,0,4,1,1,7,7,7,8,8,8,9,9,0,1,3,3,5,5,8,8,8,8,8,8,9,3,3,5,5,9,9,8,8,8,8,9,9,9,1,6,8,8,9,9,9,9,9,9,9,9,5
MYD17A2H.A2012281.h12v02.006.2015250174600.PsnNet_500m,MYD17A2H,A2012281,Lat65.9255Lon-137.4220833Samp13Line13,2015250174600,PsnNet_500m,1,0,0,1,0,0,2,2,4,4,0,0,4,1,1,0,0,1,2,1,3,3,0,4,4,4,1,1,1,1,3,3,0,0,4,4,3,3,2,1,1,0,0,0,0,3,3,3,3,0,0,0,3,3,3,1,1,3,3,3,0,2,0,0,0,1,1,1,0,4,0,4,0,0,2,2,4,1,1,1,3,3,3,3,4,4,2,2,4,4,2,1,3,3,0,0,4,4,4,4,4,0,0,0,0,0,0,4,3,3,3,4,4,2,2,0,0,0,0,3,0,0,4,4,4,0,0,0,0,0,0,0,1,1,3,3,0,2,2,0,0,0,0,1,1,4,4,0,0,2,2,2,2,0,0,0,0,4,2,2,0,0,0,0,0,0,0,0,3
MYD17A2H.A2012281.h12v02.006.2015250174600.Psn_QC_500m,MYD17A2H,A2012281,Lat65.9255Lon-137.4220833Samp13Line13,2015250174600,Psn_QC_500m,75,75,75,67,67,67,67,67,67,67,67,67,67,75,75,67,67,75,67,83,83,83,67,67,67,67,75,75,75,75,83,83,67,67,67,67,67,67,67,75,75,67,67,67,67,67,67,67,67,67,67,67,75,67,67,75,75,67,67,67,67,67,67,67,67,75,75,75,67,67,67,67,67,67,67,67,67,67,75,75,67,67,67,67,67,67,67,67,67,67,67,67,67,67,67,75,67,67,67,67,67,67,67,67,67,67,75,67,67,67,67,67,67,67,67,67,67,75,67,67,67,67,67,67,67,67,67,67,67,67,67,67,67,67,67,67,67,67,67,67,67,67,67,75,75,67,67,67,67,67,67,67,67,67,67,67,67,67,67,67,67,67,67,67,67,67,67,67,83
MYD17A2H.A2012289.h12v02.006.2015251092248.Gpp_500m,MYD17A2H,A2012289,Lat65.9255Lon-137.4220833Samp13Line13,2015251092248,Gpp_500m,0,0,0,0,0,0,0,0,0,0,0,0,0,0,0,0,0,0,0,0,0,0,0,0,0,0,0,0,0,0,0,0,0,0,0,0,0,0,0,0,0,0,0,0,0,0,0,0,0,0,0,0,0,0,0,0,0,0,0,0,0,0,0,0,0,0,0,0,0,0,0,0,0,0,0,0,0,0,0,0,0,0,0,0,0,0,0,0,0,0,0,0,0,0,0,0,0,0,0,0,0,0,0,0,0,0,0,0,0,0,0,0,0,0,0,0,0,0,0,0,0,0,0,0,0,0,0,0,0,0,0,0,0,0,0,0,0,0,0,0,0,0,0,0,0,0,0,0,0,0,0,0,0,0,0,0,0,0,0,0,0,0,0,0,0,0,0,0,0
MYD17A2H.A2012289.h12v02.006.2015251092248.PsnNet_500m,MYD17A2H,A2012289,Lat65.9255Lon-137.4220833Samp13Line13,2015251092248,PsnNet_500m,0,0,0,0,0,0,0,0,0,0,0,0,0,0,0,0,0,0,0,0,0,0,0,0,0,0,0,0,0,0,0,0,0,0,0,0,0,0,0,0,0,0,0,0,0,0,0,0,0,0,0,0,0,0,0,0,0,0,0,0,0,0,0,0,0,0,0,0,0,0,0,0,0,0,0,0,0,0,0,0,0,0,0,0,0,0,0,0,0,0,0,0,0,0,0,0,0,0,0,0,0,0,0,0,0,0,0,0,0,0,0,0,0,0,0,0,0,0,0,0,0,0,0,0,0,0,0,0,0,0,0,0,0,0,0,0,0,0,0,0,0,0,0,0,0,0,0,0,0,0,0,0,0,0,0,0,0,0,0,0,0,0,0,0,0,0,0,0,0
MYD17A2H.A2012289.h12v02.006.2015251092248.Psn_QC_500m,MYD17A2H,A2012289,Lat65.9255Lon-137.4220833Samp13Line13,2015251092248,Psn_QC_500m,67,67,67,67,67,67,67,67,67,75,67,75,67,67,67,67,67,67,67,75,67,67,67,67,75,67,75,67,75,75,67,67,75,67,67,75,75,75,75,67,67,67,75,75,75,75,75,75,67,67,67,67,67,75,75,75,75,67,67,67,67,67,67,67,67,75,75,75,75,75,75,75,75,67,75,75,75,75,67,67,75,75,75,75,75,75,75,75,75,75,75,67,67,75,67,67,75,75,75,75,75,75,75,75,67,67,75,75,67,75,75,75,75,75,67,75,75,67,67,67,75,75,75,75,75,75,75,75,75,75,75,75,75,75,75,75,75,75,75,75,75,75,75,67,75,75,75,67,67,67,67,75,75,75,75,75,75,75,67,67,67,67,75,67,75,67,75,75,75
MYD17A2H.A2012297.h12v02.006.2015251105900.Gpp_500m,MYD17A2H,A2012297,Lat65.9255Lon-137.4220833Samp13Line13,2015251105900,Gpp_500m,0,0,0,0,0,0,0,0,0,0,0,0,0,0,0,0,0,0,0,0,0,0,0,0,0,0,0,0,0,0,0,0,0,0,0,0,0,0,0,0,0,0,0,0,0,0,0,0,0,0,0,0,0,0,0,0,0,0,0,0,0,0,0,0,0,0,0,0,0,0,0,0,0,0,0,0,0,0,0,0,0,0,0,0,0,0,0,0,0,0,0,0,0,0,0,0,0,0,0,0,0,0,0,0,0,0,0,0,0,0,0,0,0,0,0,0,0,0,0,0,0,0,0,0,0,0,0,0,0,0,0,0,0,0,0,0,0,0,0,0,0,0,0,0,0,0,0,0,0,0,0,0,0,0,0,0,0,0,0,0,0,0,0,0,0,0,0,0,0
MYD17A2H.A2012297.h12v02.006.2015251105900.PsnNet_500m,MYD17A2H,A2012297,Lat65.9255Lon-137.4220833Samp13Line13,2015251105900,PsnNet_500m,0,0,0,0,0,0,0,0,0,0,0,0,0,0,0,0,0,0,0,0,0,0,0,0,0,0,0,0,0,0,0,0,0,0,0,0,0,0,0,0,0,0,0,0,0,0,0,0,0,0,0,0,0,0,0,0,0,0,0,0,0,0,0,0,0,0,0,0,0,0,0,0,0,0,0,0,0,0,0,0,0,0,0,0,0,0,0,0,0,0,0,0,0,0,0,0,0,0,0,0,0,0,0,0,0,0,0,0,0,0,0,0,0,0,0,0,0,0,0,0,0,0,0,0,0,0,0,0,0,0,0,0,0,0,0,0,0,0,0,0,0,0,0,0,0,0,0,0,0,0,0,0,0,0,0,0,0,0,0,0,0,0,0,0,0,0,0,0,0
MYD17A2H.A2012297.h12v02.006.2015251105900.Psn_QC_500m,MYD17A2H,A2012297,Lat65.9255Lon-137.4220833Samp13Line13,2015251105900,Psn_QC_500m,67,67,67,75,75,75,75,75,75,75,75,75,75,67,67,75,75,67,75,75,75,75,75,75,75,75,75,75,75,67,75,67,75,75,67,75,75,75,75,75,75,75,75,75,75,75,75,75,75,67,67,75,67,75,75,75,75,75,75,75,67,67,75,75,75,75,75,75,75,75,75,75,75,75,75,75,67,67,75,75,75,75,75,75,75,75,75,75,75,75,75,75,75,67,67,75,67,75,75,75,75,67,67,75,75,75,75,75,75,75,75,75,75,75,75,75,75,67,75,67,67,75,75,75,67,67,75,75,75,75,75,75,75,75,75,75,75,75,75,75,75,75,75,75,75,67,67,75,75,75,75,75,75,75,75,75,75,67,75,75,67,75,75,75,75,75,75,75,75
MYD17A2H.A2012305.h12v02.006.2015251124809.Gpp_500m,MYD17A2H,A2012305,Lat65.9255Lon-137.4220833Samp13Line13,2015251124809,Gpp_500m,0,0,0,0,0,0,0,0,0,0,0,0,0,0,0,0,0,0,0,0,0,0,0,0,0,0,0,0,0,0,0,0,0,0,0,0,0,0,0,0,0,0,0,0,0,0,0,0,0,0,0,0,0,0,0,0,0,0,0,0,0,0,0,0,0,0,0,0,0,0,0,0,0,0,0,0,0,0,0,0,0,0,0,0,0,0,0,0,0,0,0,0,0,0,0,0,0,0,0,0,0,0,0,0,0,0,0,0,0,0,0,0,0,0,0,0,0,0,0,0,0,0,0,0,0,0,0,0,0,0,0,0,0,0,0,0,0,0,0,0,0,0,0,0,0,0,0,0,0,0,0,0,0,0,0,0,0,0,0,0,0,0,0,0,0,0,0,0,0
MYD17A2H.A2012305.h12v02.006.2015251124809.PsnNet_500m,MYD17A2H,A2012305,Lat65.9255Lon-137.4220833Samp13Line13,2015251124809,PsnNet_500m,0,0,0,0,0,0,0,0,0,0,0,0,0,0,0,0,0,0,0,0,0,0,0,0,0,0,0,0,0,0,0,0,0,0,0,0,0,0,0,0,0,0,0,0,0,0,0,0,0,0,0,0,0,0,0,0,0,0,0,0,0,0,0,0,0,0,0,0,0,0,0,0,0,0,0,0,0,0,0,0,0,0,0,0,0,0,0,0,0,0,0,0,0,0,0,0,0,0,0,0,0,0,0,0,0,0,0,0,0,0,0,0,0,0,0,0,0,0,0,0,0,0,0,0,0,0,0,0,0,0,0,0,0,0,0,0,0,0,0,0,0,0,0,0,0,0,0,0,0,0,0,0,0,0,0,0,0,0,0,0,0,0,0,0,0,0,0,0,0
MYD17A2H.A2012305.h12v02.006.2015251124809.Psn_QC_500m,MYD17A2H,A2012305,Lat65.9255Lon-137.4220833Samp13Line13,2015251124809,Psn_QC_500m,75,75,75,67,67,67,75,75,75,75,75,75,75,75,75,75,75,67,75,75,67,75,75,75,75,75,67,75,67,75,67,67,67,67,67,67,75,67,67,67,67,67,75,75,75,75,75,67,75,67,75,75,75,75,75,75,75,67,67,67,67,75,75,75,67,75,75,75,75,75,75,75,75,75,75,75,75,75,75,75,75,75,75,75,75,75,75,75,75,67,75,67,67,67,75,75,67,75,75,75,75,67,67,75,67,75,75,75,67,67,67,75,75,75,67,67,75,67,67,67,67,75,75,75,75,75,75,75,75,75,75,75,75,75,75,75,75,75,75,75,75,75,75,75,75,75,75,75,75,75,75,75,75,75,75,75,75,75,75,75,75,75,75,75,75,75,75,75,75
MYD17A2H.A2012313.h12v02.006.2015251181749.Gpp_500m,MYD17A2H,A2012313,Lat65.9255Lon-137.4220833Samp13Line13,2015251181749,Gpp_500m,0,0,0,0,0,0,0,0,0,0,0,0,0,0,0,0,0,0,0,0,0,0,0,0,0,0,0,0,0,0,0,0,0,0,0,0,0,0,0,0,0,0,0,0,0,0,0,0,0,0,0,0,0,0,0,0,0,0,0,0,0,0,0,0,0,0,0,0,0,0,0,0,0,0,0,0,0,0,0,0,0,0,0,0,0,0,0,0,0,0,0,0,0,0,0,0,0,0,0,0,0,0,0,0,0,0,0,0,0,0,0,0,0,0,0,0,0,0,0,0,0,0,0,0,0,0,0,0,0,0,0,0,0,0,0,0,0,0,0,0,0,0,0,0,0,0,0,0,0,0,0,0,0,0,0,0,0,0,0,0,0,0,0,0,0,0,0,0,0
MYD17A2H.A2012313.h12v02.006.2015251181749.PsnNet_500m,MYD17A2H,A2012313,Lat65.9255Lon-137.4220833Samp13Line13,2015251181749,PsnNet_500m,0,0,0,0,0,0,0,0,0,0,0,0,0,0,0,0,0,0,0,0,0,0,0,0,0,0,0,0,0,0,0,0,0,0,0,0,0,0,0,0,0,0,0,0,0,0,0,0,0,0,0,0,0,0,0,0,0,0,0,0,0,0,0,0,0,0,0,0,0,0,0,0,0,0,0,0,0,0,0,0,0,0,0,0,0,0,0,0,0,0,0,0,0,0,0,0,0,0,0,0,0,0,0,0,0,0,0,0,0,0,0,0,0,0,0,0,0,0,0,0,0,0,0,0,0,0,0,0,0,0,0,0,0,0,0,0,0,0,0,0,0,0,0,0,0,0,0,0,0,0,0,0,0,0,0,0,0,0,0,0,0,0,0,0,0,0,0,0,0
MYD17A2H.A2012313.h12v02.006.2015251181749.Psn_QC_500m,MYD17A2H,A2012313,Lat65.9255Lon-137.4220833Samp13Line13,2015251181749,Psn_QC_500m,67,67,67,67,75,67,67,67,67,67,67,67,67,67,67,67,67,75,67,67,67,67,67,67,67,67,67,67,67,67,67,67,67,67,67,67,67,67,67,67,67,67,67,67,67,67,67,67,67,67,67,67,67,67,67,67,67,67,67,67,67,67,67,67,67,67,67,67,67,67,67,67,67,67,67,67,67,67,67,67,67,67,67,67,67,67,67,67,67,67,67,67,67,67,67,67,67,67,67,67,67,67,67,67,67,67,67,67,67,67,67,67,67,67,67,67,67,67,67,67,67,67,67,67,67,67,67,67,67,67,67,67,67,67,67,67,67,67,67,67,67,67,67,67,67,67,67,67,67,67,67,67,67,67,67,67,67,67,67,67,67,67,67,67,67,67,67,67,67
MYD17A2H.A2012321.h12v02.006.2015252160507.Gpp_500m,MYD17A2H,A2012321,Lat65.9255Lon-137.4220833Samp13Line13,2015252160507,Gpp_500m,0,0,0,0,0,0,0,0,0,0,0,0,0,0,0,0,0,0,0,0,0,0,0,0,0,0,0,0,0,0,0,0,0,0,0,0,0,0,0,0,0,0,0,0,0,0,0,0,0,0,0,0,0,0,0,0,0,0,0,0,0,0,0,0,0,0,0,0,0,0,0,0,0,0,0,0,0,0,0,0,0,0,0,0,0,0,0,0,0,0,0,0,0,0,0,0,0,0,0,0,0,0,0,0,0,0,0,0,0,0,0,0,0,0,0,0,0,0,0,0,0,0,0,0,0,0,0,0,0,0,0,0,0,0,0,0,0,0,0,0,0,0,0,0,0,0,0,0,0,0,0,0,0,0,0,0,0,0,0,0,0,0,0,0,0,0,0,0,0
MYD17A2H.A2012321.h12v02.006.2015252160507.PsnNet_500m,MYD17A2H,A2012321,Lat65.9255Lon-137.4220833Samp13Line13,2015252160507,PsnNet_500m,0,0,0,0,0,0,0,0,0,0,0,0,0,0,0,0,0,0,0,0,0,0,0,0,0,0,0,0,0,0,0,0,0,0,0,0,0,0,0,0,0,0,0,0,0,0,0,0,0,0,0,0,0,0,0,0,0,0,0,0,0,0,0,0,0,0,0,0,0,0,0,0,0,0,0,0,0,0,0,0,0,0,0,0,0,0,0,0,0,0,0,0,0,0,0,0,0,0,0,0,0,0,0,0,0,0,0,0,0,0,0,0,0,0,0,0,0,0,0,0,0,0,0,0,0,0,0,0,0,0,0,0,0,0,0,0,0,0,0,0,0,0,0,0,0,0,0,0,0,0,0,0,0,0,0,0,0,0,0,0,0,0,0,0,0,0,0,0,0
MYD17A2H.A2012321.h12v02.006.2015252160507.Psn_QC_500m,MYD17A2H,A2012321,Lat65.9255Lon-137.4220833Samp13Line13,2015252160507,Psn_QC_500m,75,75,75,83,83,75,75,75,67,67,67,67,67,83,67,67,67,67,67,67,67,67,67,67,67,67,67,67,67,67,67,67,67,67,67,67,67,83,83,67,67,67,67,67,67,67,67,83,83,83,83,67,67,67,67,67,67,67,67,75,75,67,67,67,67,67,67,75,75,75,75,75,67,83,67,67,67,67,75,67,75,75,83,83,83,67,67,67,67,67,75,75,83,67,67,67,67,67,67,67,75,67,67,67,67,67,67,67,67,67,67,67,67,67,67,83,83,67,67,67,67,67,67,83,83,67,83,83,83,83,83,83,83,83,83,83,83,67,67,67,83,67,67,83,83,67,67,83,83,83,83,83,83,67,67,67,83,83,83,83,83,83,75,75,75,67,67,67,75
MYD17A2H.A2012329.h12v02.006.2015253004543.Gpp_500m,MYD17A2H,A2012329,Lat65.9255Lon-137.4220833Samp13Line13,2015253004543,Gpp_500m,32767,32767,32767,32767,32767,32767,32767,32767,32767,32767,32767,32767,32767,32767,32767,32767,32767,32767,32767,32767,32767,32767,32767,32767,32767,32767,32767,32767,32767,32767,32767,32767,32767,32767,32767,32767,32767,32767,32767,32767,32767,32767,32767,32767,32767,32767,32767,32767,32767,32767,32767,32767,32767,32767,32767,32767,32767,32767,32767,32767,32767,32767,32767,32767,32767,32767,32767,32767,32767,32767,32767,32767,32767,32767,32767,32767,32767,32767,32767,32767,32767,32767,32767,32767,32767,32767,32767,32767,32767,32767,32767,32767,32767,32767,32767,32767,32767,32767,32767,32767,32767,32767,32767,32767,32767,32767,32767,32767,32767,32767,32767,32767,32767,32767,32767,32767,32767,32767,32767,32767,32767,32767,32767,32767,32767,32767,32767,32767,32767,32767,32767,32767,32767,32767,32767,32767,32767,32767,32767,32767,32767,32767,32767,32767,32767,32767,32767,32767,32767,32767,32767,32767,32767,32767,32767,32767,32767,32767,32767,32767,32767,32767,32767,32767,32767,32767,32767,32767,32767
MYD17A2H.A2012329.h12v02.006.2015253004543.PsnNet_500m,MYD17A2H,A2012329,Lat65.9255Lon-137.4220833Samp13Line13,2015253004543,PsnNet_500m,32767,32767,32767,32767,32767,32767,32767,32767,32767,32767,32767,32767,32767,32767,32767,32767,32767,32767,32767,32767,32767,32767,32767,32767,32767,32767,32767,32767,32767,32767,32767,32767,32767,32767,32767,32767,32767,32767,32767,32767,32767,32767,32767,32767,32767,32767,32767,32767,32767,32767,32767,32767,32767,32767,32767,32767,32767,32767,32767,32767,32767,32767,32767,32767,32767,32767,32767,32767,32767,32767,32767,32767,32767,32767,32767,32767,32767,32767,32767,32767,32767,32767,32767,32767,32767,32767,32767,32767,32767,32767,32767,32767,32767,32767,32767,32767,32767,32767,32767,32767,32767,32767,32767,32767,32767,32767,32767,32767,32767,32767,32767,32767,32767,32767,32767,32767,32767,32767,32767,32767,32767,32767,32767,32767,32767,32767,32767,32767,32767,32767,32767,32767,32767,32767,32767,32767,32767,32767,32767,32767,32767,32767,32767,32767,32767,32767,32767,32767,32767,32767,32767,32767,32767,32767,32767,32767,32767,32767,32767,32767,32767,32767,32767,32767,32767,32767,32767,32767,32767
MYD17A2H.A2012329.h12v02.006.2015253004543.Psn_QC_500m,MYD17A2H,A2012329,Lat65.9255Lon-137.4220833Samp13Line13,2015253004543,Psn_QC_500m,255,255,255,255,255,255,255,255,255,255,255,255,255,255,255,255,255,255,255,255,255,255,255,255,255,255,255,255,255,255,255,255,255,255,255,255,255,255,255,255,255,255,255,255,255,255,255,255,255,255,255,255,255,255,255,255,255,255,255,255,255,255,255,255,255,255,255,255,255,255,255,255,255,255,255,255,255,255,255,255,255,255,255,255,255,255,255,255,255,255,255,255,255,255,255,255,255,255,255,255,255,255,255,255,255,255,255,255,255,255,255,255,255,255,255,255,255,255,255,255,255,255,255,255,255,255,255,255,255,255,255,255,255,255,255,255,255,255,255,255,255,255,255,255,255,255,255,255,255,255,255,255,255,255,255,255,255,255,255,255,255,255,255,255,255,255,255,255,255
MYD17A2H.A2012337.h12v02.006.2015253030101.Gpp_500m,MYD17A2H,A2012337,Lat65.9255Lon-137.4220833Samp13Line13,2015253030101,Gpp_500m,32767,32767,32767,32767,32767,32767,32767,32767,32767,32767,32767,32767,32767,32767,32767,32767,32767,32767,32767,32767,32767,32767,32767,32767,32767,32767,32767,32767,32767,32767,32767,32767,32767,32767,32767,32767,32767,32767,32767,32767,32767,32767,32767,32767,32767,32767,32767,32767,32767,32767,32767,32767,32767,32767,32767,32767,32767,32767,32767,32767,32767,32767,32767,32767,32767,32767,32767,32767,32767,32767,32767,32767,32767,32767,32767,32767,32767,32767,32767,32767,32767,32767,32767,32767,32767,32767,32767,32767,32767,32767,32767,32767,32767,32767,32767,32767,32767,32767,32767,32767,32767,32767,32767,32767,32767,32767,32767,32767,32767,32767,32767,32767,32767,32767,32767,32767,32767,32767,32767,32767,32767,32767,32767,32767,32767,32767,32767,32767,32767,32767,32767,32767,32767,32767,32767,32767,32767,32767,32767,32767,32767,32767,32767,32767,32767,32767,32767,32767,32767,32767,32767,32767,32767,32767,32767,32767,32767,32767,32767,32767,32767,32767,32767,32767,32767,32767,32767,32767,32767
MYD17A2H.A2012337.h12v02.006.2015253030101.PsnNet_500m,MYD17A2H,A2012337,Lat65.9255Lon-137.4220833Samp13Line13,2015253030101,PsnNet_500m,32767,32767,32767,32767,32767,32767,32767,32767,32767,32767,32767,32767,32767,32767,32767,32767,32767,32767,32767,32767,32767,32767,32767,32767,32767,32767,32767,32767,32767,32767,32767,32767,32767,32767,32767,32767,32767,32767,32767,32767,32767,32767,32767,32767,32767,32767,32767,32767,32767,32767,32767,32767,32767,32767,32767,32767,32767,32767,32767,32767,32767,32767,32767,32767,32767,32767,32767,32767,32767,32767,32767,32767,32767,32767,32767,32767,32767,32767,32767,32767,32767,32767,32767,32767,32767,32767,32767,32767,32767,32767,32767,32767,32767,32767,32767,32767,32767,32767,32767,32767,32767,32767,32767,32767,32767,32767,32767,32767,32767,32767,32767,32767,32767,32767,32767,32767,32767,32767,32767,32767,32767,32767,32767,32767,32767,32767,32767,32767,32767,32767,32767,32767,32767,32767,32767,32767,32767,32767,32767,32767,32767,32767,32767,32767,32767,32767,32767,32767,32767,32767,32767,32767,32767,32767,32767,32767,32767,32767,32767,32767,32767,32767,32767,32767,32767,32767,32767,32767,32767
MYD17A2H.A2012337.h12v02.006.2015253030101.Psn_QC_500m,MYD17A2H,A2012337,Lat65.9255Lon-137.4220833Samp13Line13,2015253030101,Psn_QC_500m,255,255,255,255,255,255,255,255,255,255,255,255,255,255,255,255,255,255,255,255,255,255,255,255,255,255,255,255,255,255,255,255,255,255,255,255,255,255,255,255,255,255,255,255,255,255,255,255,255,255,255,255,255,255,255,255,255,255,255,255,255,255,255,255,255,255,255,255,255,255,255,255,255,255,255,255,255,255,255,255,255,255,255,255,255,255,255,255,255,255,255,255,255,255,255,255,255,255,255,255,255,255,255,255,255,255,255,255,255,255,255,255,255,255,255,255,255,255,255,255,255,255,255,255,255,255,255,255,255,255,255,255,255,255,255,255,255,255,255,255,255,255,255,255,255,255,255,255,255,255,255,255,255,255,255,255,255,255,255,255,255,255,255,255,255,255,255,255,255
MYD17A2H.A2012345.h12v02.006.2015253035234.Gpp_500m,MYD17A2H,A2012345,Lat65.9255Lon-137.4220833Samp13Line13,2015253035234,Gpp_500m,32767,32767,32767,32767,32767,32767,32767,32767,32767,32767,32767,32767,32767,32767,32767,32767,32767,32767,32767,32767,32767,32767,32767,32767,32767,32767,32767,32767,32767,32767,32767,32767,32767,32767,32767,32767,32767,32767,32767,32767,32767,32767,32767,32767,32767,32767,32767,32767,32767,32767,32767,32767,32767,32767,32767,32767,32767,32767,32767,32767,32767,32767,32767,32767,32767,32767,32767,32767,32767,32767,32767,32767,32767,32767,32767,32767,32767,32767,32767,32767,32767,32767,32767,32767,32767,32767,32767,32767,32767,32767,32767,32767,32767,32767,32767,32767,32767,32767,32767,32767,32767,32767,32767,32767,32767,32767,32767,32767,32767,32767,32767,32767,32767,32767,32767,32767,32767,32767,32767,32767,32767,32767,32767,32767,32767,32767,32767,32767,32767,32767,32767,32767,32767,32767,32767,32767,32767,32767,32767,32767,32767,32767,32767,32767,32767,32767,32767,32767,32767,32767,32767,32767,32767,32767,32767,32767,32767,32767,32767,32767,32767,32767,32767,32767,32767,32767,32767,32767,32767
MYD17A2H.A2012345.h12v02.006.2015253035234.PsnNet_500m,MYD17A2H,A2012345,Lat65.9255Lon-137.4220833Samp13Line13,2015253035234,PsnNet_500m,32767,32767,32767,32767,32767,32767,32767,32767,32767,32767,32767,32767,32767,32767,32767,32767,32767,32767,32767,32767,32767,32767,32767,32767,32767,32767,32767,32767,32767,32767,32767,32767,32767,32767,32767,32767,32767,32767,32767,32767,32767,32767,32767,32767,32767,32767,32767,32767,32767,32767,32767,32767,32767,32767,32767,32767,32767,32767,32767,32767,32767,32767,32767,32767,32767,32767,32767,32767,32767,32767,32767,32767,32767,32767,32767,32767,32767,32767,32767,32767,32767,32767,32767,32767,32767,32767,32767,32767,32767,32767,32767,32767,32767,32767,32767,32767,32767,32767,32767,32767,32767,32767,32767,32767,32767,32767,32767,32767,32767,32767,32767,32767,32767,32767,32767,32767,32767,32767,32767,32767,32767,32767,32767,32767,32767,32767,32767,32767,32767,32767,32767,32767,32767,32767,32767,32767,32767,32767,32767,32767,32767,32767,32767,32767,32767,32767,32767,32767,32767,32767,32767,32767,32767,32767,32767,32767,32767,32767,32767,32767,32767,32767,32767,32767,32767,32767,32767,32767,32767
MYD17A2H.A2012345.h12v02.006.2015253035234.Psn_QC_500m,MYD17A2H,A2012345,Lat65.9255Lon-137.4220833Samp13Line13,2015253035234,Psn_QC_500m,255,255,255,255,255,255,255,255,255,255,255,255,255,255,255,255,255,255,255,255,255,255,255,255,255,255,255,255,255,255,255,255,255,255,255,255,255,255,255,255,255,255,255,255,255,255,255,255,255,255,255,255,255,255,255,255,255,255,255,255,255,255,255,255,255,255,255,255,255,255,255,255,255,255,255,255,255,255,255,255,255,255,255,255,255,255,255,255,255,255,255,255,255,255,255,255,255,255,255,255,255,255,255,255,255,255,255,255,255,255,255,255,255,255,255,255,255,255,255,255,255,255,255,255,255,255,255,255,255,255,255,255,255,255,255,255,255,255,255,255,255,255,255,255,255,255,255,255,255,255,255,255,255,255,255,255,255,255,255,255,255,255,255,255,255,255,255,255,255
MYD17A2H.A2012353.h12v02.006.2015253043014.Gpp_500m,MYD17A2H,A2012353,Lat65.9255Lon-137.4220833Samp13Line13,2015253043014,Gpp_500m,32767,32767,32767,32767,32767,32767,32767,32767,32767,32767,32767,32767,32767,32767,32767,32767,32767,32767,32767,32767,32767,32767,32767,32767,32767,32767,32767,32767,32767,32767,32767,32767,32767,32767,32767,32767,32767,32767,32767,32767,32767,32767,32767,32767,32767,32767,32767,32767,32767,32767,32767,32767,32767,32767,32767,32767,32767,32767,32767,32767,32767,32767,32767,32767,32767,32767,32767,32767,32767,32767,32767,32767,32767,32767,32767,32767,32767,32767,32767,32767,32767,32767,32767,32767,32767,32767,32767,32767,32767,32767,32767,32767,32767,32767,32767,32767,32767,32767,32767,32767,32767,32767,32767,32767,32767,32767,32767,32767,32767,32767,32767,32767,32767,32767,32767,32767,32767,32767,32767,32767,32767,32767,32767,32767,32767,32767,32767,32767,32767,32767,32767,32767,32767,32767,32767,32767,32767,32767,32767,32767,32767,32767,32767,32767,32767,32767,32767,32767,32767,32767,32767,32767,32767,32767,32767,32767,32767,32767,32767,32767,32767,32767,32767,32767,32767,32767,32767,32767,32767
MYD17A2H.A2012353.h12v02.006.2015253043014.PsnNet_500m,MYD17A2H,A2012353,Lat65.9255Lon-137.4220833Samp13Line13,2015253043014,PsnNet_500m,32767,32767,32767,32767,32767,32767,32767,32767,32767,32767,32767,32767,32767,32767,32767,32767,32767,32767,32767,32767,32767,32767,32767,32767,32767,32767,32767,32767,32767,32767,32767,32767,32767,32767,32767,32767,32767,32767,32767,32767,32767,32767,32767,32767,32767,32767,32767,32767,32767,32767,32767,32767,32767,32767,32767,32767,32767,32767,32767,32767,32767,32767,32767,32767,32767,32767,32767,32767,32767,32767,32767,32767,32767,32767,32767,32767,32767,32767,32767,32767,32767,32767,32767,32767,32767,32767,32767,32767,32767,32767,32767,32767,32767,32767,32767,32767,32767,32767,32767,32767,32767,32767,32767,32767,32767,32767,32767,32767,32767,32767,32767,32767,32767,32767,32767,32767,32767,32767,32767,32767,32767,32767,32767,32767,32767,32767,32767,32767,32767,32767,32767,32767,32767,32767,32767,32767,32767,32767,32767,32767,32767,32767,32767,32767,32767,32767,32767,32767,32767,32767,32767,32767,32767,32767,32767,32767,32767,32767,32767,32767,32767,32767,32767,32767,32767,32767,32767,32767,32767
MYD17A2H.A2012353.h12v02.006.2015253043014.Psn_QC_500m,MYD17A2H,A2012353,Lat65.9255Lon-137.4220833Samp13Line13,2015253043014,Psn_QC_500m,255,255,255,255,255,255,255,255,255,255,255,255,255,255,255,255,255,255,255,255,255,255,255,255,255,255,255,255,255,255,255,255,255,255,255,255,255,255,255,255,255,255,255,255,255,255,255,255,255,255,255,255,255,255,255,255,255,255,255,255,255,255,255,255,255,255,255,255,255,255,255,255,255,255,255,255,255,255,255,255,255,255,255,255,255,255,255,255,255,255,255,255,255,255,255,255,255,255,255,255,255,255,255,255,255,255,255,255,255,255,255,255,255,255,255,255,255,255,255,255,255,255,255,255,255,255,255,255,255,255,255,255,255,255,255,255,255,255,255,255,255,255,255,255,255,255,255,255,255,255,255,255,255,255,255,255,255,255,255,255,255,255,255,255,255,255,255,255,255
MYD17A2H.A2012361.h12v02.006.2015254083951.Gpp_500m,MYD17A2H,A2012361,Lat65.9255Lon-137.4220833Samp13Line13,2015254083951,Gpp_500m,32767,32767,32767,32767,32767,32767,32767,32767,32767,32767,32767,32767,32767,32767,32767,32767,32767,32767,32767,32767,32767,32767,32767,32767,32767,32767,32767,32767,32767,32767,32767,32767,32767,32767,32767,32767,32767,32767,32767,32767,32767,32767,32767,32767,32767,32767,32767,32767,32767,32767,32767,32767,32767,32767,32767,32767,32767,32767,32767,32767,32767,32767,32767,32767,32767,32767,32767,32767,32767,32767,32767,32767,32767,32767,32767,32767,32767,32767,32767,32767,32767,32767,32767,32767,32767,32767,32767,32767,32767,32767,32767,32767,32767,32767,32767,32767,32767,32767,32767,32767,32767,32767,32767,32767,32767,32767,32767,32767,32767,32767,32767,32767,32767,32767,32767,32767,32767,32767,32767,32767,32767,32767,32767,32767,32767,32767,32767,32767,32767,32767,32767,32767,32767,32767,32767,32767,32767,32767,32767,32767,32767,32767,32767,32767,32767,32767,32767,32767,32767,32767,32767,32767,32767,32767,32767,32767,32767,32767,32767,32767,32767,32767,32767,32767,32767,32767,32767,32767,32767
MYD17A2H.A2012361.h12v02.006.2015254083951.PsnNet_500m,MYD17A2H,A2012361,Lat65.9255Lon-137.4220833Samp13Line13,2015254083951,PsnNet_500m,32767,32767,32767,32767,32767,32767,32767,32767,32767,32767,32767,32767,32767,32767,32767,32767,32767,32767,32767,32767,32767,32767,32767,32767,32767,32767,32767,32767,32767,32767,32767,32767,32767,32767,32767,32767,32767,32767,32767,32767,32767,32767,32767,32767,32767,32767,32767,32767,32767,32767,32767,32767,32767,32767,32767,32767,32767,32767,32767,32767,32767,32767,32767,32767,32767,32767,32767,32767,32767,32767,32767,32767,32767,32767,32767,32767,32767,32767,32767,32767,32767,32767,32767,32767,32767,32767,32767,32767,32767,32767,32767,32767,32767,32767,32767,32767,32767,32767,32767,32767,32767,32767,32767,32767,32767,32767,32767,32767,32767,32767,32767,32767,32767,32767,32767,32767,32767,32767,32767,32767,32767,32767,32767,32767,32767,32767,32767,32767,32767,32767,32767,32767,32767,32767,32767,32767,32767,32767,32767,32767,32767,32767,32767,32767,32767,32767,32767,32767,32767,32767,32767,32767,32767,32767,32767,32767,32767,32767,32767,32767,32767,32767,32767,32767,32767,32767,32767,32767,32767
MYD17A2H.A2012361.h12v02.006.2015254083951.Psn_QC_500m,MYD17A2H,A2012361,Lat65.9255Lon-137.4220833Samp13Line13,2015254083951,Psn_QC_500m,255,255,255,255,255,255,255,255,255,255,255,255,255,255,255,255,255,255,255,255,255,255,255,255,255,255,255,255,255,255,255,255,255,255,255,255,255,255,255,255,255,255,255,255,255,255,255,255,255,255,255,255,255,255,255,255,255,255,255,255,255,255,255,255,255,255,255,255,255,255,255,255,255,255,255,255,255,255,255,255,255,255,255,255,255,255,255,255,255,255,255,255,255,255,255,255,255,255,255,255,255,255,255,255,255,255,255,255,255,255,255,255,255,255,255,255,255,255,255,255,255,255,255,255,255,255,255,255,255,255,255,255,255,255,255,255,255,255,255,255,255,255,255,255,255,255,255,255,255,255,255,255,255,255,255,255,255,255,255,255,255,255,255,255,255,255,255,255,255
MYD17A2H.A2013001.h12v02.006.2015254231453.Gpp_500m,MYD17A2H,A2013001,Lat65.9255Lon-137.4220833Samp13Line13,2015254231453,Gpp_500m,32767,32767,32767,32767,32767,32767,32767,32767,32767,32767,32767,32767,32767,32767,32767,32767,32767,32767,32767,32767,32767,32767,32767,32767,32767,32767,32767,32767,32767,32767,32767,32767,32767,32767,32767,32767,32767,32767,32767,32767,32767,32767,32767,32767,32767,32767,32767,32767,32767,32767,32767,32767,32767,32767,32767,32767,32767,32767,32767,32767,32767,32767,32767,32767,32767,32767,32767,32767,32767,32767,32767,32767,32767,32767,32767,32767,32767,32767,32767,32767,32767,32767,32767,32767,32767,32767,32767,32767,32767,32767,32767,32767,32767,32767,32767,32767,32767,32767,32767,32767,32767,32767,32767,32767,32767,32767,32767,32767,32767,32767,32767,32767,32767,32767,32767,32767,32767,32767,32767,32767,32767,32767,32767,32767,32767,32767,32767,32767,32767,32767,32767,32767,32767,32767,32767,32767,32767,32767,32767,32767,32767,32767,32767,32767,32767,32767,32767,32767,32767,32767,32767,32767,32767,32767,32767,32767,32767,32767,32767,32767,32767,32767,32767,32767,32767,32767,32767,32767,32767
MYD17A2H.A2013001.h12v02.006.2015254231453.PsnNet_500m,MYD17A2H,A2013001,Lat65.9255Lon-137.4220833Samp13Line13,2015254231453,PsnNet_500m,32767,32767,32767,32767,32767,32767,32767,32767,32767,32767,32767,32767,32767,32767,32767,32767,32767,32767,32767,32767,32767,32767,32767,32767,32767,32767,32767,32767,32767,32767,32767,32767,32767,32767,32767,32767,32767,32767,32767,32767,32767,32767,32767,32767,32767,32767,32767,32767,32767,32767,32767,32767,32767,32767,32767,32767,32767,32767,32767,32767,32767,32767,32767,32767,32767,32767,32767,32767,32767,32767,32767,32767,32767,32767,32767,32767,32767,32767,32767,32767,32767,32767,32767,32767,32767,32767,32767,32767,32767,32767,32767,32767,32767,32767,32767,32767,32767,32767,32767,32767,32767,32767,32767,32767,32767,32767,32767,32767,32767,32767,32767,32767,32767,32767,32767,32767,32767,32767,32767,32767,32767,32767,32767,32767,32767,32767,32767,32767,32767,32767,32767,32767,32767,32767,32767,32767,32767,32767,32767,32767,32767,32767,32767,32767,32767,32767,32767,32767,32767,32767,32767,32767,32767,32767,32767,32767,32767,32767,32767,32767,32767,32767,32767,32767,32767,32767,32767,32767,32767
MYD17A2H.A2013001.h12v02.006.2015254231453.Psn_QC_500m,MYD17A2H,A2013001,Lat65.9255Lon-137.4220833Samp13Line13,2015254231453,Psn_QC_500m,255,255,255,255,255,255,255,255,255,255,255,255,255,255,255,255,255,255,255,255,255,255,255,255,255,255,255,255,255,255,255,255,255,255,255,255,255,255,255,255,255,255,255,255,255,255,255,255,255,255,255,255,255,255,255,255,255,255,255,255,255,255,255,255,255,255,255,255,255,255,255,255,255,255,255,255,255,255,255,255,255,255,255,255,255,255,255,255,255,255,255,255,255,255,255,255,255,255,255,255,255,255,255,255,255,255,255,255,255,255,255,255,255,255,255,255,255,255,255,255,255,255,255,255,255,255,255,255,255,255,255,255,255,255,255,255,255,255,255,255,255,255,255,255,255,255,255,255,255,255,255,255,255,255,255,255,255,255,255,255,255,255,255,255,255,255,255,255,255
MYD17A2H.A2013009.h12v02.006.2015254234759.Gpp_500m,MYD17A2H,A2013009,Lat65.9255Lon-137.4220833Samp13Line13,2015254234759,Gpp_500m,32767,32767,32767,32767,32767,32767,32767,32767,32767,32767,32767,32767,32767,32767,32767,32767,32767,32767,32767,32767,32767,32767,32767,32767,32767,32767,32767,32767,32767,32767,32767,32767,32767,32767,32767,32767,32767,32767,32767,32767,32767,32767,32767,32767,32767,32767,32767,32767,32767,32767,32767,32767,32767,32767,32767,32767,32767,32767,32767,32767,32767,32767,32767,32767,32767,32767,32767,32767,32767,32767,32767,32767,32767,32767,32767,32767,32767,32767,32767,32767,32767,32767,32767,32767,32767,32767,32767,32767,32767,32767,32767,32767,32767,32767,32767,32767,32767,32767,32767,32767,32767,32767,32767,32767,32767,32767,32767,32767,32767,32767,32767,32767,32767,32767,32767,32767,32767,32767,32767,32767,32767,32767,32767,32767,32767,32767,32767,32767,32767,32767,32767,32767,32767,32767,32767,32767,32767,32767,32767,32767,32767,32767,32767,32767,32767,32767,32767,32767,32767,32767,32767,32767,32767,32767,32767,32767,32767,32767,32767,32767,32767,32767,32767,32767,32767,32767,32767,32767,32767
MYD17A2H.A2013009.h12v02.006.2015254234759.PsnNet_500m,MYD17A2H,A2013009,Lat65.9255Lon-137.4220833Samp13Line13,2015254234759,PsnNet_500m,32767,32767,32767,32767,32767,32767,32767,32767,32767,32767,32767,32767,32767,32767,32767,32767,32767,32767,32767,32767,32767,32767,32767,32767,32767,32767,32767,32767,32767,32767,32767,32767,32767,32767,32767,32767,32767,32767,32767,32767,32767,32767,32767,32767,32767,32767,32767,32767,32767,32767,32767,32767,32767,32767,32767,32767,32767,32767,32767,32767,32767,32767,32767,32767,32767,32767,32767,32767,32767,32767,32767,32767,32767,32767,32767,32767,32767,32767,32767,32767,32767,32767,32767,32767,32767,32767,32767,32767,32767,32767,32767,32767,32767,32767,32767,32767,32767,32767,32767,32767,32767,32767,32767,32767,32767,32767,32767,32767,32767,32767,32767,32767,32767,32767,32767,32767,32767,32767,32767,32767,32767,32767,32767,32767,32767,32767,32767,32767,32767,32767,32767,32767,32767,32767,32767,32767,32767,32767,32767,32767,32767,32767,32767,32767,32767,32767,32767,32767,32767,32767,32767,32767,32767,32767,32767,32767,32767,32767,32767,32767,32767,32767,32767,32767,32767,32767,32767,32767,32767
MYD17A2H.A2013009.h12v02.006.2015254234759.Psn_QC_500m,MYD17A2H,A2013009,Lat65.9255Lon-137.4220833Samp13Line13,2015254234759,Psn_QC_500m,255,255,255,255,255,255,255,255,255,255,255,255,255,255,255,255,255,255,255,255,255,255,255,255,255,255,255,255,255,255,255,255,255,255,255,255,255,255,255,255,255,255,255,255,255,255,255,255,255,255,255,255,255,255,255,255,255,255,255,255,255,255,255,255,255,255,255,255,255,255,255,255,255,255,255,255,255,255,255,255,255,255,255,255,255,255,255,255,255,255,255,255,255,255,255,255,255,255,255,255,255,255,255,255,255,255,255,255,255,255,255,255,255,255,255,255,255,255,255,255,255,255,255,255,255,255,255,255,255,255,255,255,255,255,255,255,255,255,255,255,255,255,255,255,255,255,255,255,255,255,255,255,255,255,255,255,255,255,255,255,255,255,255,255,255,255,255,255,255
MYD17A2H.A2013017.h12v02.006.2015255001913.Gpp_500m,MYD17A2H,A2013017,Lat65.9255Lon-137.4220833Samp13Line13,2015255001913,Gpp_500m,0,0,0,0,0,0,0,0,0,0,0,0,0,0,0,0,0,0,0,0,0,0,0,0,0,0,0,0,0,0,0,0,0,0,0,0,0,0,0,0,0,0,0,0,0,0,0,0,0,0,0,0,0,0,0,0,0,0,0,0,0,0,0,0,0,0,0,0,0,0,0,0,0,0,0,0,0,0,0,0,0,0,0,0,0,0,0,0,0,0,0,0,0,0,0,0,0,0,0,0,0,0,0,0,0,0,0,0,0,0,0,0,0,0,0,0,0,0,0,0,0,0,0,0,0,0,0,0,0,0,0,0,0,0,0,0,0,0,0,0,0,0,0,0,0,0,0,0,0,0,0,0,0,0,0,0,0,0,0,0,0,0,0,0,0,0,0,0,0
MYD17A2H.A2013017.h12v02.006.2015255001913.PsnNet_500m,MYD17A2H,A2013017,Lat65.9255Lon-137.4220833Samp13Line13,2015255001913,PsnNet_500m,0,0,0,0,0,0,0,0,0,0,0,0,0,0,0,0,0,0,0,0,0,0,0,0,0,0,0,0,0,0,0,0,0,0,0,0,0,0,0,0,0,0,0,0,0,0,0,0,0,0,0,0,0,0,0,0,0,0,0,0,0,0,0,0,0,0,0,0,0,0,0,0,0,0,0,0,0,0,0,0,0,0,0,0,0,0,0,0,0,0,0,0,0,0,0,0,0,0,0,0,0,0,0,0,0,0,0,0,0,0,0,0,0,0,0,0,0,0,0,0,0,0,0,0,0,0,0,0,0,0,0,0,0,0,0,0,0,0,0,0,0,0,0,0,0,0,0,0,0,0,0,0,0,0,0,0,0,0,0,0,0,0,0,0,0,0,0,0,0
MYD17A2H.A2013017.h12v02.006.2015255001913.Psn_QC_500m,MYD17A2H,A2013017,Lat65.9255Lon-137.4220833Samp13Line13,2015255001913,Psn_QC_500m,67,67,67,67,67,67,67,67,67,67,67,67,67,67,67,67,67,67,67,67,67,67,67,67,67,67,67,67,67,67,67,67,67,67,67,67,67,67,67,67,67,67,67,67,67,67,67,67,67,67,67,67,67,67,67,67,67,67,67,67,67,67,67,67,67,67,67,67,67,67,67,67,67,67,67,67,67,67,67,67,67,67,67,67,67,67,83,67,67,67,67,67,67,67,67,67,67,67,67,67,67,67,67,67,67,67,67,67,67,67,67,83,83,67,67,67,67,67,67,67,67,67,83,83,83,67,67,83,67,67,83,67,67,83,83,83,67,67,67,67,67,67,67,67,83,83,83,67,67,67,67,67,67,67,67,67,75,67,67,67,67,67,67,67,67,67,75,67,67
MYD17A2H.A2013025.h12v02.006.2015255003928.Gpp_500m,MYD17A2H,A2013025,Lat65.9255Lon-137.4220833Samp13Line13,2015255003928,Gpp_500m,0,0,0,0,0,0,0,0,0,0,0,0,0,0,0,0,0,0,0,0,0,0,0,0,0,0,0,0,0,0,0,0,0,0,0,0,0,0,0,0,0,0,0,0,0,0,0,0,0,0,0,0,0,0,0,0,0,0,0,0,0,0,0,0,0,0,0,0,0,0,0,0,0,0,0,0,0,0,0,0,0,0,0,0,0,0,0,0,0,0,0,0,0,0,0,0,0,0,0,0,0,0,0,0,0,0,0,0,0,0,0,0,0,0,0,0,0,0,0,0,0,0,0,0,0,0,0,0,0,0,0,0,0,0,0,0,0,0,0,0,0,0,0,0,0,0,0,0,0,0,0,0,0,0,0,0,0,0,0,0,0,0,0,0,0,0,0,0,0
MYD17A2H.A2013025.h12v02.006.2015255003928.PsnNet_500m,MYD17A2H,A2013025,Lat65.9255Lon-137.4220833Samp13Line13,2015255003928,PsnNet_500m,0,0,0,0,0,0,0,0,0,0,0,0,0,0,0,0,0,0,0,0,0,0,0,0,0,0,0,0,0,0,0,0,0,0,0,0,0,0,0,0,0,0,0,0,0,0,0,0,0,0,0,0,0,0,0,0,0,0,0,0,0,0,0,0,0,0,0,0,0,0,0,0,0,0,0,0,0,0,0,0,0,0,0,0,0,0,0,0,0,0,0,0,0,0,0,0,0,0,0,0,0,0,0,0,0,0,0,0,0,0,0,0,0,0,0,0,0,0,0,0,0,0,0,0,0,0,0,0,0,0,0,0,0,0,0,0,0,0,0,0,0,0,0,0,0,0,0,0,0,0,0,0,0,0,0,0,0,0,0,0,0,0,0,0,0,0,0,0,0
MYD17A2H.A2013025.h12v02.006.2015255003928.Psn_QC_500m,MYD17A2H,A2013025,Lat65.9255Lon-137.4220833Samp13Line13,2015255003928,Psn_QC_500m,75,67,67,67,75,67,83,83,83,83,83,67,83,67,67,67,67,67,83,83,83,83,67,83,83,83,67,67,67,67,67,83,83,83,67,75,75,75,75,67,67,83,83,75,67,75,67,67,83,83,83,83,67,75,67,67,67,67,83,83,83,83,67,67,67,83,75,67,67,83,83,83,67,67,67,67,83,75,67,67,67,75,75,75,67,67,67,75,67,75,75,75,67,67,67,67,67,67,67,75,75,67,67,67,67,75,67,75,67,67,67,67,75,75,75,75,75,67,67,67,67,67,67,75,75,75,75,75,75,75,75,67,67,75,75,75,75,75,75,75,75,75,83,75,67,75,67,67,67,67,67,75,75,75,83,83,75,67,67,67,67,67,67,67,67,75,75,83,83
MYD17A2H.A2013033.h12v02.006.2015255005620.Gpp_500m,MYD17A2H,A2013033,Lat65.9255Lon-137.4220833Samp13Line13,2015255005620,Gpp_500m,0,0,0,0,0,0,0,0,0,0,0,0,0,0,0,0,0,0,0,0,0,0,0,0,0,0,0,0,0,0,0,0,0,0,0,0,0,0,0,0,0,0,0,0,0,0,0,0,0,0,0,0,0,0,0,0,0,0,0,0,0,0,0,0,0,0,0,0,0,0,0,0,0,0,0,0,0,0,0,0,0,0,0,0,0,0,0,0,0,0,0,0,0,0,0,0,0,0,0,0,0,0,0,0,0,0,0,0,0,0,0,0,0,0,0,0,0,0,0,0,0,0,0,0,0,0,0,0,0,0,0,0,0,0,0,0,0,0,0,0,0,0,0,0,0,0,0,0,0,0,0,0,0,0,0,0,0,0,0,0,0,0,0,0,0,0,0,0,0
MYD17A2H.A2013033.h12v02.006.2015255005620.PsnNet_500m,MYD17A2H,A2013033,Lat65.9255Lon-137.4220833Samp13Line13,2015255005620,PsnNet_500m,0,0,0,0,0,0,0,0,0,0,0,0,0,0,0,0,0,0,0,0,0,0,0,0,0,0,0,0,0,0,0,0,0,0,0,0,0,0,0,0,0,0,0,0,0,0,0,0,0,0,0,0,0,0,0,0,0,0,0,0,0,0,0,0,0,0,0,0,0,0,0,0,0,0,0,0,0,0,0,0,0,0,0,0,0,0,0,0,0,0,0,0,0,0,0,0,0,0,0,0,0,0,0,0,0,0,0,0,0,0,0,0,0,0,0,0,0,0,0,0,0,0,0,0,0,0,0,0,0,0,0,0,0,0,0,0,0,0,0,0,0,0,0,0,0,0,0,0,0,0,0,0,0,0,0,0,0,0,0,0,0,0,0,0,0,0,0,0,0
MYD17A2H.A2013033.h12v02.006.2015255005620.Psn_QC_500m,MYD17A2H,A2013033,Lat65.9255Lon-137.4220833Samp13Line13,2015255005620,Psn_QC_500m,67,67,67,67,67,75,75,75,75,75,67,67,67,67,67,67,67,67,75,75,75,75,75,67,67,67,67,67,67,67,75,75,75,75,67,67,75,75,75,67,67,67,75,75,75,67,67,67,67,75,75,75,67,67,75,75,75,75,67,67,67,67,67,67,75,75,75,75,75,75,75,75,67,75,75,75,75,75,75,75,75,75,75,75,75,75,75,75,75,67,75,75,67,67,67,75,75,67,75,75,75,75,75,75,67,67,67,67,67,67,75,75,75,75,75,75,75,75,75,67,67,75,75,75,75,75,75,75,75,75,75,67,67,67,75,75,75,75,75,67,75,75,75,67,67,75,67,67,67,67,67,75,75,75,75,75,67,75,67,67,67,67,67,67,67,75,75,75,75
MYD17A2H.A2013041.h12v02.006.2015256175252.Gpp_500m,MYD17A2H,A2013041,Lat65.9255Lon-137.4220833Samp13Line13,2015256175252,Gpp_500m,0,0,0,0,0,0,0,0,0,0,0,0,0,0,0,0,0,0,0,0,0,0,0,0,0,0,0,0,0,0,0,0,0,0,0,0,0,0,0,0,0,0,0,0,0,0,0,0,0,0,0,0,0,0,0,0,0,0,0,0,0,0,0,0,0,0,0,0,0,0,0,0,0,0,0,0,0,0,0,0,0,0,0,0,0,0,0,0,0,0,0,0,0,0,0,0,0,0,0,0,0,0,0,0,0,0,0,0,0,0,0,0,0,0,0,0,0,0,0,0,0,0,0,0,0,0,0,0,0,0,0,0,0,0,0,0,0,0,0,0,0,0,0,0,0,0,0,0,0,0,0,0,0,0,0,0,0,0,0,0,0,0,0,0,0,0,0,0,0
MYD17A2H.A2013041.h12v02.006.2015256175252.PsnNet_500m,MYD17A2H,A2013041,Lat65.9255Lon-137.4220833Samp13Line13,2015256175252,PsnNet_500m,0,0,0,0,0,0,0,0,0,0,0,0,0,0,0,0,0,0,0,0,0,0,0,0,0,0,0,0,0,0,0,0,0,0,0,0,0,0,0,0,0,0,0,0,0,0,0,0,0,0,0,0,0,0,0,0,0,0,0,0,0,0,0,0,0,0,0,0,0,0,0,0,0,0,0,0,0,0,0,0,0,0,0,0,0,0,0,0,0,0,0,0,0,0,0,0,0,0,0,0,0,0,0,0,0,0,0,0,0,0,0,0,0,0,0,0,0,0,0,0,0,0,0,0,0,0,0,0,0,0,0,0,0,0,0,0,0,0,0,0,0,0,0,0,0,0,0,0,0,0,0,0,0,0,0,0,0,0,0,0,0,0,0,0,0,0,0,0,0
MYD17A2H.A2013041.h12v02.006.2015256175252.Psn_QC_500m,MYD17A2H,A2013041,Lat65.9255Lon-137.4220833Samp13Line13,2015256175252,Psn_QC_500m,67,67,75,67,67,67,67,67,67,67,67,67,67,67,67,67,67,67,67,67,67,67,67,67,67,67,67,67,67,75,67,75,75,75,75,67,75,75,75,67,67,75,75,75,67,67,67,67,67,67,67,75,67,67,75,75,75,67,67,67,67,75,67,75,75,75,75,75,75,75,75,75,67,75,75,75,67,67,67,67,75,75,75,75,75,75,75,75,75,67,75,75,67,67,67,67,67,67,75,75,75,67,75,75,67,67,67,75,67,67,67,67,67,67,67,75,67,67,75,67,67,67,67,75,75,75,75,75,75,75,75,75,67,67,67,67,67,67,67,67,75,75,75,67,67,75,67,67,67,67,67,75,75,75,75,75,75,67,67,67,67,67,75,75,75,75,75,75,75
MYD17A2H.A2013049.h12v02.006.2015256214001.Gpp_500m,MYD17A2H,A2013049,Lat65.9255Lon-137.4220833Samp13Line13,2015256214001,Gpp_500m,0,0,0,0,0,0,0,0,0,0,0,0,0,0,0,0,0,0,0,0,0,0,0,0,0,0,0,0,0,0,0,0,0,0,0,0,0,0,0,0,0,0,0,0,0,0,0,0,0,0,0,0,0,0,0,0,0,0,0,0,0,0,0,0,0,0,0,0,0,0,0,0,0,0,0,0,0,0,0,0,0,0,0,0,0,0,0,0,0,0,0,0,0,0,0,0,0,0,0,0,0,0,0,0,0,0,0,0,0,0,0,0,0,0,0,0,0,0,0,0,0,0,0,0,0,0,0,0,0,0,0,0,0,0,0,0,0,0,0,0,0,0,0,0,0,0,0,0,0,0,0,0,0,0,0,0,0,0,0,0,0,0,0,0,0,0,0,0,0
MYD17A2H.A2013049.h12v02.006.2015256214001.PsnNet_500m,MYD17A2H,A2013049,Lat65.9255Lon-137.4220833Samp13Line13,2015256214001,PsnNet_500m,0,0,0,0,0,0,0,0,0,0,0,0,0,0,0,0,0,0,0,0,0,0,0,0,0,0,0,0,0,0,0,0,0,0,0,0,0,0,0,0,0,0,0,0,0,0,0,0,0,0,0,0,0,0,0,0,0,0,0,0,0,0,0,0,0,0,0,0,0,0,0,0,0,0,0,0,0,0,0,0,0,0,0,0,0,0,0,0,0,0,0,0,0,0,0,0,0,0,0,0,0,0,0,0,0,0,0,0,0,0,0,0,0,0,0,0,0,0,0,0,0,0,0,0,0,0,0,0,0,0,0,0,0,0,0,0,0,0,0,0,0,0,0,0,0,0,0,0,0,0,0,0,0,0,0,0,0,0,0,0,0,0,0,0,0,0,0,0,0
MYD17A2H.A2013049.h12v02.006.2015256214001.Psn_QC_500m,MYD17A2H,A2013049,Lat65.9255Lon-137.4220833Samp13Line13,2015256214001,Psn_QC_500m,67,67,67,67,67,67,67,67,75,67,67,67,67,67,67,67,67,67,67,75,67,75,75,67,67,75,67,67,67,67,67,67,67,67,75,75,67,67,67,67,67,67,67,67,75,75,67,67,67,67,67,67,75,67,67,67,67,67,67,67,67,75,67,75,67,67,67,75,67,75,75,75,67,75,75,67,67,67,75,75,67,75,75,75,75,75,75,75,75,67,67,67,67,67,67,75,75,67,67,67,67,67,67,75,75,67,67,67,67,67,67,67,67,67,67,75,67,75,75,67,67,67,67,67,75,67,67,67,67,67,67,67,67,67,67,67,75,75,67,67,67,67,67,67,67,67,67,67,67,67,67,75,75,67,67,75,67,67,67,67,75,67,75,75,67,67,75,67,75
MYD17A2H.A2013057.h12v02.006.2015257003150.Gpp_500m,MYD17A2H,A2013057,Lat65.9255Lon-137.4220833Samp13Line13,2015257003150,Gpp_500m,0,0,0,0,0,0,0,0,0,0,0,0,0,0,0,0,0,0,0,0,0,0,0,0,0,0,0,0,0,0,0,0,0,0,0,0,0,0,0,0,0,0,0,0,0,0,0,0,0,0,0,0,0,0,0,0,0,0,0,0,0,0,0,0,0,0,0,0,0,0,0,0,0,0,0,0,0,0,0,0,0,0,0,0,0,0,0,0,0,0,0,0,0,0,0,0,0,0,0,0,0,0,0,0,0,0,0,0,0,0,0,0,0,0,0,0,0,0,0,0,0,0,0,0,0,0,0,0,0,0,0,0,0,0,0,0,0,0,0,0,0,0,0,0,0,0,0,0,0,0,0,0,0,0,0,0,0,0,0,0,0,0,0,0,0,0,0,0,0
MYD17A2H.A2013057.h12v02.006.2015257003150.PsnNet_500m,MYD17A2H,A2013057,Lat65.9255Lon-137.4220833Samp13Line13,2015257003150,PsnNet_500m,0,0,0,0,0,0,0,0,0,0,0,0,0,0,0,0,0,0,0,0,0,0,0,0,0,0,0,0,0,0,0,0,0,0,0,0,0,0,0,0,0,0,0,0,0,0,0,0,0,0,0,0,0,0,0,0,0,0,0,0,0,0,0,0,0,0,0,0,0,0,0,0,0,0,0,0,0,0,0,0,0,0,0,0,0,0,0,0,0,0,0,0,0,0,0,0,0,0,0,0,0,0,0,0,0,0,0,0,0,0,0,0,0,0,0,0,0,0,0,0,0,0,0,0,0,0,0,0,0,0,0,0,0,0,0,0,0,0,0,0,0,0,0,0,0,0,0,0,0,0,0,0,0,0,0,0,0,0,0,0,0,0,0,0,0,0,0,0,0
MYD17A2H.A2013057.h12v02.006.2015257003150.Psn_QC_500m,MYD17A2H,A2013057,Lat65.9255Lon-137.4220833Samp13Line13,2015257003150,Psn_QC_500m,67,67,67,67,67,67,75,67,67,67,67,67,67,67,67,67,67,67,67,67,75,67,67,67,67,67,67,67,67,67,75,67,67,67,67,67,67,67,67,67,75,67,67,67,67,67,67,67,67,67,67,75,67,67,67,67,67,67,67,75,75,75,67,75,75,67,67,67,67,67,67,75,67,67,67,67,67,67,67,67,67,67,67,67,67,67,75,67,67,67,67,67,67,67,67,67,67,67,67,67,75,67,67,67,67,67,75,67,67,67,75,75,67,67,67,67,67,75,75,67,67,67,67,67,67,75,67,67,67,67,67,67,67,67,67,67,67,67,67,67,67,67,67,75,67,67,67,67,67,67,75,67,67,67,67,67,67,67,67,67,67,67,67,67,67,67,67,67,67
MYD17A2H.A2013065.h12v02.006.2015257033027.Gpp_500m,MYD17A2H,A2013065,Lat65.9255Lon-137.4220833Samp13Line13,2015257033027,Gpp_500m,0,0,0,0,0,0,0,0,0,0,0,0,0,0,0,0,0,0,0,0,0,0,0,0,0,0,0,0,0,0,0,0,0,0,0,0,0,0,0,0,0,0,0,0,0,0,0,0,0,0,0,0,0,0,0,0,0,0,0,0,0,0,0,0,0,0,0,0,0,0,0,0,0,0,0,0,0,0,0,0,0,0,0,0,0,0,0,0,0,0,0,0,0,0,0,0,0,0,0,0,0,0,0,0,0,0,0,0,0,0,0,0,0,0,0,0,0,0,0,0,0,0,0,0,0,0,0,0,0,0,0,0,0,0,0,0,0,0,0,0,0,0,0,0,0,0,0,0,0,0,0,0,0,0,0,0,0,0,0,0,0,0,0,0,0,0,0,0,0
MYD17A2H.A2013065.h12v02.006.2015257033027.PsnNet_500m,MYD17A2H,A2013065,Lat65.9255Lon-137.4220833Samp13Line13,2015257033027,PsnNet_500m,0,0,0,0,0,0,0,0,0,0,0,0,0,0,0,0,0,0,0,0,0,0,0,0,0,0,0,0,0,0,0,0,0,0,0,0,0,0,0,0,0,0,0,0,0,0,0,0,0,0,0,0,0,0,0,0,0,0,0,0,0,0,0,0,0,0,0,0,0,0,0,0,0,0,0,0,0,0,0,0,0,0,0,0,0,0,0,0,0,0,0,0,0,0,0,0,0,0,0,0,0,0,0,0,0,0,0,0,0,0,0,0,0,0,0,0,0,0,0,0,0,0,0,0,0,0,0,0,0,0,0,0,0,0,0,0,0,0,0,0,0,0,0,0,0,0,0,0,0,0,0,0,0,0,0,0,0,0,0,0,0,0,0,0,0,0,0,0,0
MYD17A2H.A2013065.h12v02.006.2015257033027.Psn_QC_500m,MYD17A2H,A2013065,Lat65.9255Lon-137.4220833Samp13Line13,2015257033027,Psn_QC_500m,67,67,67,67,67,67,10,10,10,10,67,67,67,67,75,10,10,10,10,10,10,10,10,10,2,10,2,10,2,10,10,10,10,10,67,2,10,10,10,2,10,10,10,10,10,10,2,2,10,10,10,10,67,2,10,10,10,2,2,10,10,10,10,10,10,2,10,10,10,10,10,10,10,10,10,10,10,67,10,2,10,10,10,10,10,2,10,10,10,75,10,2,67,10,10,67,75,10,75,10,10,10,75,75,67,67,67,67,67,75,75,75,10,75,67,10,67,67,67,67,75,75,10,10,75,75,10,10,75,75,67,75,75,2,2,2,2,10,75,75,75,75,67,2,2,2,67,75,75,75,67,75,10,10,75,10,75,67,67,67,75,67,67,67,67,67,10,75,10
MYD17A2H.A2013073.h12v02.006.2015257064153.Gpp_500m,MYD17A2H,A2013073,Lat65.9255Lon-137.4220833Samp13Line13,2015257064153,Gpp_500m,0,0,0,0,0,0,0,0,0,0,0,0,0,0,0,0,0,0,0,0,0,0,0,0,0,0,0,0,0,0,0,0,0,0,0,0,0,0,0,0,0,0,0,0,0,0,0,0,0,0,0,0,0,0,0,0,0,0,0,0,0,0,0,0,0,0,0,0,0,0,0,0,0,0,0,0,0,0,0,0,0,0,0,0,0,0,0,0,0,0,0,0,0,0,0,0,0,0,0,0,0,0,0,0,0,0,0,0,0,0,0,0,0,0,0,0,0,0,0,0,0,0,0,0,0,0,0,0,0,0,0,0,0,0,0,0,0,0,0,0,0,0,0,0,0,0,0,0,0,0,0,0,0,0,0,0,0,0,0,0,0,0,0,0,0,0,0,0,0
MYD17A2H.A2013073.h12v02.006.2015257064153.PsnNet_500m,MYD17A2H,A2013073,Lat65.9255Lon-137.4220833Samp13Line13,2015257064153,PsnNet_500m,0,0,0,0,0,0,0,0,0,0,0,0,0,0,0,0,0,0,0,0,0,0,0,0,0,0,0,0,0,0,0,0,0,0,0,0,0,0,0,0,0,0,0,0,0,0,0,0,0,0,0,0,0,0,0,0,0,0,0,0,0,0,0,0,0,0,0,0,0,0,0,0,0,0,0,0,0,0,0,0,0,0,0,0,0,0,0,0,0,0,0,0,0,0,0,0,0,0,0,0,0,0,0,0,0,0,0,0,0,0,0,0,0,0,0,0,0,0,0,0,0,0,0,0,0,0,0,0,0,0,0,0,0,0,0,0,0,0,0,0,0,0,0,0,0,0,0,0,0,0,0,0,0,0,0,0,0,0,0,0,0,0,0,0,0,0,0,0,0
MYD17A2H.A2013073.h12v02.006.2015257064153.Psn_QC_500m,MYD17A2H,A2013073,Lat65.9255Lon-137.4220833Samp13Line13,2015257064153,Psn_QC_500m,107,99,107,10,10,2,2,2,10,10,10,10,107,107,10,10,2,2,10,10,10,10,10,10,10,10,10,10,10,10,2,2,10,10,10,10,107,10,10,10,2,2,10,10,10,10,10,10,10,10,10,10,107,2,2,10,10,10,107,107,10,10,10,2,2,2,2,10,10,10,10,10,107,107,10,10,10,10,107,107,107,10,10,10,10,10,10,10,10,10,10,99,107,107,99,107,99,10,10,2,10,10,10,99,107,107,99,107,99,107,2,2,10,10,107,10,10,99,107,107,107,107,10,99,107,10,10,10,10,107,10,10,107,107,107,10,2,10,107,107,99,107,107,107,107,107,107,107,99,99,107,99,10,10,10,10,99,99,99,107,99,99,107,10,107,107,2,10,10
MYD17A2H.A2013081.h12v02.006.2015257082219.Gpp_500m,MYD17A2H,A2013081,Lat65.9255Lon-137.4220833Samp13Line13,2015257082219,Gpp_500m,0,0,0,0,0,0,0,0,0,0,0,0,0,0,0,0,0,0,0,0,0,0,0,0,0,0,0,0,0,0,0,0,0,0,0,0,0,0,0,0,0,0,0,0,0,0,0,0,0,0,0,0,0,0,0,0,0,0,0,0,0,0,0,0,0,0,0,0,0,0,0,0,0,0,0,0,0,0,0,0,0,0,0,0,0,0,0,0,0,0,0,0,0,0,0,0,0,0,0,0,0,0,0,0,0,0,0,0,0,0,0,0,0,0,0,0,0,0,0,0,0,0,0,0,0,0,0,0,0,0,0,0,0,0,0,0,0,0,0,0,0,0,0,0,0,0,0,0,0,0,0,0,0,0,0,0,0,0,0,0,0,0,0,0,0,0,0,0,0
MYD17A2H.A2013081.h12v02.006.2015257082219.PsnNet_500m,MYD17A2H,A2013081,Lat65.9255Lon-137.4220833Samp13Line13,2015257082219,PsnNet_500m,0,0,0,0,0,0,0,0,0,0,0,0,0,0,0,0,0,0,0,0,0,0,0,0,0,0,0,0,0,0,0,0,0,0,0,0,0,0,0,0,0,0,0,0,0,0,0,0,0,0,0,0,0,0,0,0,0,0,0,0,0,0,0,0,0,0,0,0,0,0,0,0,0,0,0,0,0,0,0,0,0,0,0,0,0,0,0,0,0,0,0,0,0,0,0,0,0,0,0,0,0,0,0,0,0,0,0,0,0,0,0,0,0,0,0,0,0,0,0,0,0,0,0,0,0,0,0,0,0,0,0,0,0,0,0,0,0,0,0,0,0,0,0,0,0,0,0,0,0,0,0,0,0,0,0,0,0,0,0,0,0,0,0,0,0,0,0,0,0
MYD17A2H.A2013081.h12v02.006.2015257082219.Psn_QC_500m,MYD17A2H,A2013081,Lat65.9255Lon-137.4220833Samp13Line13,2015257082219,Psn_QC_500m,99,99,2,2,2,2,2,2,2,2,2,2,2,2,2,2,2,2,2,2,2,2,2,2,2,2,2,2,2,2,2,2,2,2,2,2,2,2,2,2,2,2,2,2,2,2,2,2,2,2,2,10,2,2,2,2,2,2,99,2,2,2,10,10,2,2,2,2,2,99,99,99,99,99,2,2,2,10,99,107,99,99,99,99,107,99,2,10,10,10,10,99,99,99,107,107,107,99,107,10,10,10,10,10,99,107,107,107,99,107,10,10,107,107,10,10,10,107,107,107,99,107,10,10,107,107,99,99,107,107,107,99,107,107,107,107,99,99,107,107,107,107,107,107,107,107,107,107,107,107,107,107,107,107,107,107,107,107,107,99,107,107,107,107,107,107,107,2,107
MYD17A2H.A2013089.h12v02.006.2015257130913.Gpp_500m,MYD17A2H,A2013089,Lat65.9255Lon-137.4220833Samp13Line13,2015257130913,Gpp_500m,0,0,0,0,0,0,0,0,0,0,0,0,0,0,0,0,0,0,0,0,0,0,0,0,0,0,0,0,0,0,0,0,0,0,0,0,0,0,0,0,0,0,0,0,0,0,0,0,0,0,0,0,0,0,0,0,0,0,0,0,0,0,0,0,0,0,0,0,0,0,0,0,0,0,0,0,0,0,0,0,0,0,0,0,0,0,0,0,0,0,0,0,0,0,0,0,0,0,0,0,0,0,0,0,0,0,0,0,0,0,0,0,0,0,0,0,0,0,0,0,0,0,0,0,0,0,0,0,0,0,0,0,0,0,0,0,0,0,0,0,0,0,0,0,0,0,0,0,0,0,0,0,0,0,0,0,0,0,0,0,0,0,0,0,0,0,0,0,0
MYD17A2H.A2013089.h12v02.006.2015257130913.PsnNet_500m,MYD17A2H,A2013089,Lat65.9255Lon-137.4220833Samp13Line13,2015257130913,PsnNet_500m,0,0,0,0,0,0,0,0,0,0,0,0,0,0,0,0,0,0,0,0,0,0,0,0,0,0,0,0,0,0,0,0,0,0,0,0,0,0,0,0,0,0,0,0,0,0,0,0,0,0,0,0,0,0,0,0,0,0,0,0,0,0,0,0,0,0,0,0,0,0,0,0,0,0,0,0,0,0,0,0,0,0,0,0,0,0,0,0,0,0,0,0,0,0,0,0,0,0,0,0,0,0,0,0,0,0,0,0,0,0,0,0,0,0,0,0,0,0,0,0,0,0,0,0,0,0,0,0,0,0,0,0,0,0,0,0,0,0,0,0,0,0,0,0,0,0,0,0,0,0,0,0,0,0,0,0,0,0,0,0,0,0,0,0,0,0,0,0,0
MYD17A2H.A2013089.h12v02.006.2015257130913.Psn_QC_500m,MYD17A2H,A2013089,Lat65.9255Lon-137.4220833Samp13Line13,2015257130913,Psn_QC_500m,99,2,2,10,99,10,10,2,2,2,2,99,2,2,2,2,2,2,2,2,2,2,2,2,2,107,2,2,2,2,2,2,2,2,99,2,107,10,2,2,2,2,99,10,10,99,99,99,99,99,2,2,99,99,99,2,99,99,99,99,99,99,99,2,107,10,10,2,99,99,107,99,99,99,10,2,2,2,99,99,99,99,99,107,99,107,107,107,2,2,2,99,2,99,99,99,99,99,99,99,10,2,2,2,99,99,99,107,99,99,99,99,99,107,107,2,2,107,99,2,2,2,99,99,107,107,2,2,99,99,2,2,99,99,107,107,10,10,2,2,10,99,99,107,107,107,99,10,10,10,99,107,99,99,10,10,10,10,99,10,10,10,10,107,10,10,10,10,2
MYD17A2H.A2013097.h12v02.006.2015257140029.Gpp_500m,MYD17A2H,A2013097,Lat65.9255Lon-137.4220833Samp13Line13,2015257140029,Gpp_500m,0,0,0,0,0,0,0,0,0,0,0,0,0,0,0,0,0,0,0,0,0,0,0,0,0,0,0,0,0,0,0,0,0,0,0,0,0,0,0,0,0,0,0,0,0,0,0,0,0,0,0,0,0,0,0,0,0,0,0,0,0,0,0,0,0,0,0,0,0,0,0,0,0,0,0,0,0,0,0,0,0,0,0,0,0,0,0,0,0,0,0,0,0,0,0,0,0,0,0,0,0,0,0,0,0,0,0,0,0,0,0,0,0,0,0,0,0,0,0,0,0,0,0,0,0,0,0,0,0,0,0,0,0,0,0,0,0,0,0,0,0,0,0,0,0,0,0,0,0,0,0,0,0,0,0,0,0,0,0,0,0,0,0,0,0,0,0,0,0
MYD17A2H.A2013097.h12v02.006.2015257140029.PsnNet_500m,MYD17A2H,A2013097,Lat65.9255Lon-137.4220833Samp13Line13,2015257140029,PsnNet_500m,0,0,0,0,0,0,0,0,0,0,0,0,0,0,0,0,0,0,0,0,0,0,0,0,0,0,0,0,0,0,0,0,0,0,0,0,0,0,0,0,0,0,0,0,0,0,0,0,0,0,0,0,0,0,0,0,0,0,0,0,0,0,0,0,0,0,0,0,0,0,0,0,0,0,0,0,0,0,0,0,0,0,0,0,0,0,0,0,0,0,0,0,0,0,0,0,0,0,0,0,0,0,0,0,0,0,0,0,0,0,0,0,0,0,0,0,0,0,0,0,0,0,0,0,0,0,0,0,0,0,0,0,0,0,0,0,0,0,0,0,0,0,0,0,0,0,0,0,0,0,0,0,0,0,0,0,0,0,0,0,0,0,0,0,0,0,0,0,0
MYD17A2H.A2013097.h12v02.006.2015257140029.Psn_QC_500m,MYD17A2H,A2013097,Lat65.9255Lon-137.4220833Samp13Line13,2015257140029,Psn_QC_500m,107,107,107,107,107,99,107,2,2,2,107,99,107,107,107,10,2,10,10,10,107,107,107,107,107,107,10,2,2,10,10,10,10,107,107,107,107,107,107,2,99,107,107,107,107,107,107,107,107,107,107,107,99,99,99,107,107,107,107,107,107,107,107,107,107,107,107,107,107,107,107,107,107,107,107,2,2,2,107,107,107,107,107,107,99,107,107,2,99,99,107,99,99,99,99,107,107,2,2,2,99,99,107,99,99,99,99,99,2,2,2,99,99,107,107,107,107,99,107,107,107,107,99,99,107,107,2,2,107,107,107,107,99,107,107,107,2,2,99,107,107,107,2,99,107,107,107,2,2,2,99,2,2,2,2,2,107,107,2,2,2,2,107,2,2,2,107,107,107
MYD17A2H.A2013105.h12v02.006.2015257150837.Gpp_500m,MYD17A2H,A2013105,Lat65.9255Lon-137.4220833Samp13Line13,2015257150837,Gpp_500m,0,0,0,0,0,0,0,0,0,0,0,0,0,0,0,0,0,0,0,0,0,0,0,0,0,0,0,0,0,0,0,0,0,0,0,0,0,0,0,0,0,0,0,0,0,0,0,0,0,0,0,0,0,0,0,0,0,0,0,0,0,0,0,0,0,0,0,0,0,0,0,0,0,0,0,0,0,0,0,0,0,0,0,0,0,0,0,0,0,0,0,0,0,0,0,0,0,0,0,0,0,0,0,0,0,0,0,0,0,0,0,0,0,0,0,0,0,0,0,0,0,0,0,0,0,0,0,0,0,0,0,0,0,0,0,0,0,0,0,0,0,0,0,0,0,0,0,0,0,0,0,0,0,0,0,0,0,0,0,0,0,0,0,0,0,0,0,0,0
MYD17A2H.A2013105.h12v02.006.2015257150837.PsnNet_500m,MYD17A2H,A2013105,Lat65.9255Lon-137.4220833Samp13Line13,2015257150837,PsnNet_500m,0,0,0,0,0,0,0,0,0,0,0,0,0,0,0,0,0,0,0,0,0,0,0,0,0,0,0,0,0,0,0,0,0,0,0,0,0,0,0,0,0,0,0,0,0,0,0,0,0,0,0,0,0,0,0,0,0,0,0,0,0,0,0,0,0,0,0,0,0,0,0,0,0,0,0,0,0,0,0,0,0,0,0,0,0,0,0,0,0,0,0,0,0,0,0,0,0,0,0,0,0,0,0,0,0,0,0,0,0,0,0,0,0,0,0,0,0,0,0,0,0,0,0,0,0,0,0,0,0,0,0,0,0,0,0,0,0,0,0,0,0,0,0,0,0,0,0,0,0,0,0,0,0,0,0,0,0,0,0,0,0,0,0,0,0,0,0,0,0
MYD17A2H.A2013105.h12v02.006.2015257150837.Psn_QC_500m,MYD17A2H,A2013105,Lat65.9255Lon-137.4220833Samp13Line13,2015257150837,Psn_QC_500m,99,99,2,2,99,107,2,2,2,99,99,99,99,107,99,107,107,2,2,2,99,99,99,99,99,99,2,2,10,10,99,99,99,107,99,99,99,10,99,10,10,99,99,99,99,99,99,99,99,99,99,99,99,99,99,99,99,99,99,99,99,99,99,107,99,99,99,99,99,99,99,99,99,99,99,99,99,99,99,99,99,99,99,99,99,99,99,99,99,99,99,99,99,99,99,99,99,99,99,99,99,99,99,99,99,99,99,99,99,99,99,99,99,99,99,99,99,99,99,99,99,99,99,99,99,99,99,99,99,99,99,99,99,99,99,99,99,99,99,99,99,99,99,99,99,99,99,99,99,99,99,99,99,99,99,99,99,99,99,99,99,99,99,99,99,99,99,99,99
MYD17A2H.A2013113.h12v02.006.2015257152711.Gpp_500m,MYD17A2H,A2013113,Lat65.9255Lon-137.4220833Samp13Line13,2015257152711,Gpp_500m,0,0,0,0,0,0,0,0,0,1,0,0,0,0,0,0,0,0,0,5,3,0,0,0,0,0,0,0,0,0,2,3,0,0,0,0,0,0,0,0,0,0,0,0,0,0,0,0,0,0,0,0,0,0,0,0,0,0,0,0,0,0,0,0,0,0,0,0,0,0,0,0,0,0,0,0,0,0,0,0,0,0,0,0,0,0,0,0,0,0,0,0,0,0,0,0,0,0,0,0,0,0,0,0,0,0,0,0,0,0,0,0,0,0,0,0,0,0,0,0,0,0,0,0,0,0,0,0,0,0,0,0,0,0,0,0,0,0,0,0,0,0,0,0,0,0,0,0,0,0,0,0,0,0,0,0,0,0,0,0,0,0,0,0,0,0,0,0,0
MYD17A2H.A2013113.h12v02.006.2015257152711.PsnNet_500m,MYD17A2H,A2013113,Lat65.9255Lon-137.4220833Samp13Line13,2015257152711,PsnNet_500m,0,0,0,0,0,0,0,0,0,1,0,0,0,0,0,0,0,0,0,-22,-6,0,0,0,0,0,0,0,0,0,1,-6,0,0,0,0,0,0,0,0,0,0,0,0,0,0,0,0,0,0,0,0,0,0,0,0,0,0,0,0,0,0,0,0,0,0,0,0,0,0,0,0,0,0,0,0,0,0,0,0,0,0,0,0,0,0,0,0,0,0,0,0,0,0,0,0,0,0,0,0,0,0,0,0,0,0,0,0,0,0,0,0,0,0,0,0,0,0,0,0,0,0,0,0,0,0,0,0,0,0,0,0,0,0,0,0,0,0,0,0,0,0,0,0,0,0,0,0,0,0,0,0,0,0,0,0,0,0,0,0,0,0,0,0,0,0,0,0,0
MYD17A2H.A2013113.h12v02.006.2015257152711.Psn_QC_500m,MYD17A2H,A2013113,Lat65.9255Lon-137.4220833Samp13Line13,2015257152711,Psn_QC_500m,99,99,2,2,2,2,2,2,2,2,2,2,2,2,2,2,107,10,10,99,99,2,2,2,10,107,107,107,107,107,2,99,2,2,2,107,107,2,2,107,107,2,2,2,2,2,107,107,107,99,107,99,2,2,2,107,107,107,107,107,107,107,107,107,107,107,107,107,107,107,10,10,107,107,107,10,10,10,107,107,99,10,10,99,99,107,99,10,10,10,10,99,99,107,107,99,107,99,107,107,10,10,10,10,99,99,99,99,99,99,99,10,10,10,10,10,10,107,99,99,99,99,107,107,107,107,10,10,10,10,107,99,107,99,99,107,10,10,10,10,10,107,107,107,99,99,107,107,99,10,10,10,107,107,107,107,99,10,10,10,107,107,107,107,107,107,107,107,107
MYD17A2H.A2013121.h12v02.006.2015260204811.Gpp_500m,MYD17A2H,A2013121,Lat65.9255Lon-137.4220833Samp13Line13,2015260204811,Gpp_500m,0,0,1,1,1,1,0,0,0,0,0,0,0,0,0,0,0,0,0,0,0,0,0,0,0,0,1,0,0,0,0,1,1,1,0,0,0,0,0,1,1,1,1,1,1,0,0,0,0,0,0,0,0,0,0,0,0,0,0,0,0,0,0,0,0,0,0,0,0,1,0,0,0,0,0,0,0,0,0,0,0,0,0,0,0,0,0,0,0,0,1,0,0,0,0,0,0,0,0,0,1,1,0,0,0,0,0,0,0,0,0,0,1,1,0,1,1,0,0,0,0,0,0,0,0,0,1,1,1,0,0,0,0,0,0,0,0,0,1,0,0,0,0,0,0,0,0,0,0,0,1,1,1,0,0,0,0,0,0,1,1,0,0,0,0,0,0,0,0
MYD17A2H.A2013121.h12v02.006.2015260204811.PsnNet_500m,MYD17A2H,A2013121,Lat65.9255Lon-137.4220833Samp13Line13,2015260204811,PsnNet_500m,0,0,1,1,0,0,0,0,0,0,0,0,0,0,0,0,0,0,0,0,0,0,0,0,0,0,1,0,0,0,0,1,1,1,0,0,0,0,0,0,1,1,1,1,1,0,0,0,0,0,0,0,0,0,0,0,0,0,0,0,0,0,0,0,0,0,0,0,0,1,0,0,0,0,0,0,0,0,0,0,0,0,0,0,0,0,0,0,0,0,1,0,0,0,0,0,0,0,0,0,1,1,0,0,0,0,0,0,0,0,0,0,1,1,0,1,1,0,0,0,0,0,0,0,0,0,1,1,1,0,0,0,0,0,0,0,0,0,1,0,0,0,0,0,0,0,0,0,0,0,1,1,1,0,0,0,0,0,0,0,0,0,0,0,0,0,0,0,0
MYD17A2H.A2013121.h12v02.006.2015260204811.Psn_QC_500m,MYD17A2H,A2013121,Lat65.9255Lon-137.4220833Samp13Line13,2015260204811,Psn_QC_500m,99,99,67,67,67,67,99,99,2,2,99,10,10,75,107,107,107,107,99,107,107,10,10,107,107,107,2,107,107,107,99,67,67,67,107,107,107,107,107,99,67,67,67,67,67,107,75,75,99,99,99,99,67,99,99,99,107,99,99,99,99,99,99,99,99,99,10,10,67,67,99,99,99,107,107,99,67,67,99,99,99,99,99,99,99,99,99,99,99,99,67,99,67,67,99,99,99,99,99,99,67,67,67,67,67,99,99,99,99,99,99,99,67,67,67,67,67,67,67,99,99,99,75,99,75,67,67,67,67,99,67,99,99,75,75,99,99,67,67,99,99,99,99,99,99,99,99,99,75,99,67,67,67,99,107,107,99,75,99,10,10,99,99,99,107,99,99,99,75
MYD17A2H.A2013129.h12v02.006.2015260214538.Gpp_500m,MYD17A2H,A2013129,Lat65.9255Lon-137.4220833Samp13Line13,2015260214538,Gpp_500m,4,5,5,5,5,5,5,5,6,6,0,6,6,6,6,6,6,6,6,6,6,6,6,6,6,6,13,17,14,6,6,6,11,6,6,6,6,6,6,11,6,6,6,6,11,5,6,5,6,6,6,6,6,6,6,0,0,0,0,6,6,5,5,5,6,6,5,5,0,6,6,6,5,0,0,0,6,6,5,5,6,1,0,0,1,1,0,6,5,1,1,1,1,0,1,0,1,0,0,5,5,5,5,5,1,1,0,0,1,5,1,5,5,5,5,5,5,0,0,0,5,5,5,5,5,5,5,1,1,1,0,1,5,5,5,5,5,5,5,5,5,1,5,5,1,1,5,5,5,5,5,1,1,1,0,1,5,5,0,5,5,1,1,0,0,0,1,4,4
MYD17A2H.A2013129.h12v02.006.2015260214538.PsnNet_500m,MYD17A2H,A2013129,Lat65.9255Lon-137.4220833Samp13Line13,2015260214538,PsnNet_500m,4,5,5,5,5,5,5,5,6,6,0,6,6,6,6,6,6,6,6,6,6,6,6,6,6,6,12,15,12,6,6,6,10,6,6,6,6,6,6,10,6,6,6,6,11,5,6,5,6,6,6,6,6,6,6,0,0,0,0,6,6,5,5,5,6,6,5,5,0,6,6,6,5,0,0,0,6,6,5,5,6,1,0,0,1,1,0,6,5,1,1,1,1,0,1,0,1,0,0,5,5,5,5,5,1,1,0,0,1,5,1,5,5,5,5,5,5,0,0,0,5,5,5,5,5,5,5,1,1,1,0,1,5,5,5,5,5,5,5,5,5,1,5,5,1,1,5,5,5,5,5,1,1,1,0,1,5,5,0,5,5,1,1,0,0,0,1,4,4
MYD17A2H.A2013129.h12v02.006.2015260214538.Psn_QC_500m,MYD17A2H,A2013129,Lat65.9255Lon-137.4220833Samp13Line13,2015260214538,Psn_QC_500m,107,99,99,99,99,99,99,99,2,2,75,2,2,99,2,2,99,99,2,2,2,2,2,2,2,2,2,2,2,2,2,2,10,2,10,10,2,2,2,2,2,2,2,2,10,10,10,99,2,2,2,2,2,2,2,75,75,75,75,2,10,115,107,107,2,10,99,99,75,10,10,10,115,75,75,75,10,10,99,107,10,75,75,75,115,115,75,10,107,107,107,99,115,75,115,115,115,107,107,107,107,99,99,99,115,115,99,75,115,107,99,107,99,99,99,99,99,75,75,99,107,107,107,107,107,107,107,99,99,99,107,107,107,107,107,107,99,107,99,99,107,107,107,107,99,99,107,99,99,107,107,99,99,99,107,107,99,99,75,107,107,99,99,107,107,107,107,107,107
MYD17A2H.A2013137.h12v02.006.2015260231717.Gpp_500m,MYD17A2H,A2013137,Lat65.9255Lon-137.4220833Samp13Line13,2015260231717,Gpp_500m,18,33,18,40,37,37,40,43,43,37,33,40,40,48,54,46,46,31,40,40,33,40,31,40,40,19,63,61,46,40,40,40,37,33,40,28,31,31,19,48,54,33,18,31,33,34,18,19,19,19,19,19,22,18,18,18,18,18,19,34,19,19,31,40,19,22,18,18,19,19,19,19,14,14,34,19,19,32,18,19,40,40,14,14,42,49,19,19,19,14,25,19,19,14,14,19,19,19,19,19,19,19,34,32,14,19,14,25,25,19,19,19,19,19,32,32,32,19,19,19,19,14,19,19,19,19,22,37,19,19,14,19,14,14,19,19,19,41,19,19,19,19,19,19,32,32,19,19,34,22,22,19,19,19,43,19,19,41,37,37,42,41,41,28,19,22,53,19,19
MYD17A2H.A2013137.h12v02.006.2015260231717.PsnNet_500m,MYD17A2H,A2013137,Lat65.9255Lon-137.4220833Samp13Line13,2015260231717,PsnNet_500m,17,31,17,38,35,35,38,40,40,35,31,38,38,46,52,42,42,28,38,38,31,38,28,38,39,18,61,56,42,38,38,38,35,31,38,26,28,28,18,46,52,31,17,28,31,32,18,18,18,18,18,18,21,17,17,17,18,18,18,32,18,18,28,36,18,21,17,18,18,18,18,18,14,14,32,18,18,28,18,18,36,36,14,14,40,46,18,18,18,14,23,18,18,14,14,18,18,18,18,18,18,18,32,28,14,18,14,22,22,18,18,18,18,18,28,28,28,18,18,18,18,14,18,18,18,18,21,35,18,18,14,18,14,14,18,18,18,39,18,18,18,18,18,18,28,28,18,18,32,21,21,18,18,18,41,18,18,39,35,35,41,39,39,27,18,21,49,18,18
MYD17A2H.A2013137.h12v02.006.2015260231717.Psn_QC_500m,MYD17A2H,A2013137,Lat65.9255Lon-137.4220833Samp13Line13,2015260231717,Psn_QC_500m,2,2,2,2,10,10,2,10,10,2,2,2,2,2,10,2,10,2,10,10,2,10,2,10,10,2,10,10,2,2,2,2,2,2,2,10,10,10,2,2,10,10,2,2,10,10,75,75,2,2,2,10,75,10,10,2,2,2,2,67,2,75,67,67,2,75,2,2,2,75,2,75,75,75,67,2,2,10,2,2,67,67,75,75,67,67,10,2,10,75,67,75,75,75,10,10,10,10,2,2,2,2,10,10,75,75,10,10,10,2,2,2,2,10,10,10,10,2,2,2,2,75,75,2,2,2,67,67,2,2,75,2,75,75,2,2,2,2,2,2,2,2,2,2,2,2,75,75,2,75,75,2,2,2,67,2,2,67,10,10,2,2,2,2,2,75,67,2,2
MYD17A2H.A2013145.h12v02.006.2015260233609.Gpp_500m,MYD17A2H,A2013145,Lat65.9255Lon-137.4220833Samp13Line13,2015260233609,Gpp_500m,272,336,329,329,328,315,321,228,213,271,285,306,295,272,328,328,328,328,278,257,278,293,285,295,295,275,257,250,278,286,271,263,257,285,288,303,281,281,246,278,271,286,250,250,278,275,332,288,281,281,281,281,293,278,278,298,310,395,309,288,351,351,332,288,332,278,293,303,346,303,303,317,332,332,309,281,289,281,325,318,281,309,325,346,346,288,295,289,281,281,281,288,309,309,254,175,219,281,281,281,281,281,280,300,317,373,183,219,281,281,281,281,289,288,293,280,280,113,133,260,301,301,289,289,288,274,273,273,280,287,205,281,289,295,294,294,293,287,293,293,287,265,265,295,289,294,294,337,337,300,300,287,279,273,273,265,288,294,300,300,300,300,293,300,300,300,273,272,272
MYD17A2H.A2013145.h12v02.006.2015260233609.PsnNet_500m,MYD17A2H,A2013145,Lat65.9255Lon-137.4220833Samp13Line13,2015260233609,PsnNet_500m,251,308,302,302,301,289,296,209,199,250,263,281,270,251,302,301,301,304,257,238,257,269,263,274,274,251,237,232,256,263,250,244,236,263,266,277,259,259,227,256,250,263,231,231,257,254,305,265,259,259,259,259,270,256,256,277,285,359,287,265,321,321,304,265,304,257,269,280,316,277,277,293,304,304,284,259,265,259,297,293,259,284,297,315,315,265,273,265,259,258,258,265,287,286,236,163,201,259,259,258,258,258,258,278,293,342,170,201,259,259,258,258,265,265,270,258,258,106,125,240,277,277,265,265,265,251,253,252,258,265,190,259,265,270,270,273,273,265,270,272,265,246,246,273,265,273,273,310,310,278,278,265,258,251,251,245,265,270,277,277,278,278,270,278,278,278,251,251,251
MYD17A2H.A2013145.h12v02.006.2015260233609.Psn_QC_500m,MYD17A2H,A2013145,Lat65.9255Lon-137.4220833Samp13Line13,2015260233609,Psn_QC_500m,2,2,2,2,2,2,2,2,2,2,2,18,18,2,2,2,2,2,2,2,2,2,2,2,2,2,2,2,2,2,2,2,2,2,2,2,2,2,2,2,2,2,2,2,2,2,2,2,2,2,2,2,2,2,2,10,2,2,2,2,2,2,2,2,2,2,2,2,2,2,2,2,2,2,2,2,2,2,18,2,2,2,2,2,2,2,2,2,2,2,2,2,2,2,2,2,2,2,2,2,2,2,2,2,2,2,2,2,2,2,2,2,2,2,2,2,2,2,2,2,2,2,2,2,2,2,2,2,2,2,2,2,2,2,2,2,2,2,2,2,2,2,2,2,2,2,2,2,2,2,2,2,2,2,2,2,2,2,2,2,2,2,2,2,2,2,2,2,2
MYD17A2H.A2013153.h12v02.006.2015260235700.Gpp_500m,MYD17A2H,A2013153,Lat65.9255Lon-137.4220833Samp13Line13,2015260235700,Gpp_500m,238,249,238,289,289,261,230,256,256,288,288,256,220,256,256,256,211,238,238,238,260,260,242,220,220,220,261,280,280,206,206,187,242,242,238,220,220,220,220,211,206,206,187,238,238,232,220,238,238,238,238,220,238,218,230,230,220,232,250,250,306,306,282,220,238,218,218,207,238,238,263,250,220,238,188,263,277,277,250,250,250,232,232,232,232,188,283,296,296,296,201,257,238,238,101,144,195,283,259,259,302,201,297,277,220,70,101,195,283,302,296,296,270,270,283,283,264,75,133,277,277,321,220,220,283,296,264,264,264,208,232,232,233,259,270,202,277,314,220,220,196,189,189,233,233,208,296,252,252,234,220,184,184,189,189,189,220,220,233,245,220,239,219,234,234,207,277,271,189
MYD17A2H.A2013153.h12v02.006.2015260235700.PsnNet_500m,MYD17A2H,A2013153,Lat65.9255Lon-137.4220833Samp13Line13,2015260235700,PsnNet_500m,219,229,219,262,261,239,211,235,235,261,261,235,203,235,235,235,198,220,220,220,239,241,223,203,203,203,241,257,257,189,189,173,223,223,218,203,203,203,203,196,189,189,173,220,220,212,203,221,221,220,217,203,220,201,211,211,203,213,230,230,281,281,258,203,220,201,201,191,221,221,241,230,203,220,174,241,254,254,230,230,230,213,213,213,213,174,259,271,271,271,187,236,220,220,95,133,180,259,236,236,277,187,272,255,203,64,95,180,259,276,271,271,251,251,260,260,241,70,122,254,254,293,203,203,260,272,241,244,244,190,213,213,213,237,251,185,254,288,204,204,181,174,174,213,213,190,272,231,231,213,200,167,167,174,174,174,203,203,213,227,204,221,205,214,214,191,255,249,175
MYD17A2H.A2013153.h12v02.006.2015260235700.Psn_QC_500m,MYD17A2H,A2013153,Lat65.9255Lon-137.4220833Samp13Line13,2015260235700,Psn_QC_500m,2,2,2,2,2,2,2,2,2,2,2,2,2,2,2,2,2,2,2,2,2,2,2,2,2,2,2,2,2,2,2,2,2,2,2,2,2,2,2,2,2,2,2,2,2,2,2,2,2,2,2,2,2,2,2,2,2,2,2,2,2,2,2,2,2,2,2,2,2,2,2,2,2,2,2,2,2,2,2,2,2,2,2,2,2,2,2,2,2,2,2,2,2,2,2,2,2,2,2,2,2,2,2,2,2,10,2,2,2,2,2,2,2,2,2,2,2,10,2,2,2,2,2,2,2,2,2,2,2,2,2,2,2,2,2,2,2,2,2,2,2,2,2,2,2,2,2,2,2,2,2,2,2,2,2,2,2,2,2,2,2,2,2,2,2,2,2,2,2
MYD17A2H.A2013161.h12v02.006.2015262214903.Gpp_500m,MYD17A2H,A2013161,Lat65.9255Lon-137.4220833Samp13Line13,2015262214903,Gpp_500m,385,385,376,385,375,375,361,375,417,399,376,361,352,385,368,361,361,361,375,385,399,408,408,375,321,329,393,393,375,354,353,399,399,361,352,345,321,306,306,430,417,417,361,353,369,321,338,338,375,375,369,351,353,322,322,353,351,369,369,369,369,369,400,369,369,322,345,345,361,361,408,369,414,407,424,375,393,360,306,369,375,375,375,432,369,408,360,393,400,399,345,375,414,393,369,204,204,369,337,360,321,321,321,369,414,414,150,150,384,375,369,369,351,360,369,337,321,78,125,369,375,375,375,351,376,376,321,321,320,369,360,369,384,384,384,369,321,369,345,345,320,320,320,369,375,345,384,383,390,423,376,320,314,313,345,329,337,408,408,432,400,369,375,390,390,368,345,320,359
MYD17A2H.A2013161.h12v02.006.2015262214903.PsnNet_500m,MYD17A2H,A2013161,Lat65.9255Lon-137.4220833Samp13Line13,2015262214903,PsnNet_500m,351,351,348,350,344,344,330,343,378,363,343,330,324,351,336,329,330,330,343,350,363,372,372,344,294,301,357,357,348,323,323,363,363,330,322,317,294,281,281,394,378,378,330,324,336,295,309,309,344,344,338,325,323,297,297,324,324,338,338,338,338,338,366,338,338,297,314,315,332,332,372,339,377,372,383,344,357,329,280,338,345,344,344,391,338,372,329,357,363,366,317,345,380,358,338,188,188,338,309,329,294,294,294,338,380,380,139,139,352,344,338,338,321,332,338,309,294,74,116,338,345,345,345,324,345,345,294,294,294,338,329,338,351,351,351,338,294,338,316,316,294,295,295,338,344,317,351,351,358,384,345,294,288,288,315,301,309,372,372,391,364,338,345,359,359,337,315,296,329
MYD17A2H.A2013161.h12v02.006.2015262214903.Psn_QC_500m,MYD17A2H,A2013161,Lat65.9255Lon-137.4220833Samp13Line13,2015262214903,Psn_QC_500m,2,2,2,2,2,2,2,2,2,2,2,2,2,2,2,2,2,2,2,2,2,2,2,2,2,2,2,2,2,2,2,2,2,2,2,2,2,2,2,2,2,2,2,2,2,2,2,2,2,2,2,2,2,2,2,2,2,2,2,2,2,2,2,2,2,2,2,2,2,2,2,2,2,2,2,2,10,2,2,2,2,2,2,2,2,2,2,2,2,2,2,2,2,2,2,2,2,2,2,2,2,2,2,2,2,2,2,2,2,2,2,2,2,2,2,2,2,2,2,2,2,2,2,2,2,2,2,2,2,2,2,2,2,2,2,2,2,2,2,2,2,2,2,2,2,2,2,2,2,2,2,2,2,2,2,2,2,2,2,2,2,2,2,2,2,2,2,2,2
MYD17A2H.A2013169.h12v02.006.2015262221316.Gpp_500m,MYD17A2H,A2013169,Lat65.9255Lon-137.4220833Samp13Line13,2015262221316,Gpp_500m,633,435,443,416,416,426,426,463,500,500,556,500,432,443,462,538,435,435,415,444,444,472,472,386,357,357,483,463,463,577,577,500,435,435,415,357,357,357,367,538,538,444,415,415,415,415,423,357,357,357,423,423,415,368,368,406,357,357,423,423,423,423,423,451,451,368,368,404,367,367,489,462,423,452,528,451,377,377,348,452,423,423,423,452,497,497,528,584,546,546,546,471,471,508,357,431,431,602,563,563,612,367,481,556,630,630,423,423,687,489,489,395,367,443,563,526,526,348,273,357,377,377,395,443,443,385,481,481,497,535,462,377,385,431,431,377,377,377,357,547,535,497,497,414,414,377,431,431,517,517,507,497,451,451,480,451,377,471,471,489,535,517,517,497,497,451,479,535,629
MYD17A2H.A2013169.h12v02.006.2015262221316.PsnNet_500m,MYD17A2H,A2013169,Lat65.9255Lon-137.4220833Samp13Line13,2015262221316,PsnNet_500m,563,392,400,373,373,382,382,416,448,448,498,449,390,401,414,483,392,392,378,400,400,423,423,353,325,325,433,413,414,519,519,448,392,392,375,325,325,325,332,488,488,400,378,378,378,377,384,325,325,325,381,381,372,333,333,366,325,325,381,381,381,381,381,405,405,333,333,366,332,332,440,418,381,405,475,405,340,340,317,410,381,381,381,405,454,454,475,520,492,492,492,427,427,455,325,391,391,534,503,503,543,332,434,498,555,554,381,381,601,440,440,357,332,398,503,475,475,319,249,325,340,340,360,405,405,350,430,430,448,478,418,340,350,391,391,340,340,340,324,488,478,448,448,372,372,340,391,391,464,464,459,448,408,408,433,404,340,420,419,440,483,467,467,448,448,405,429,479,558
MYD17A2H.A2013169.h12v02.006.2015262221316.Psn_QC_500m,MYD17A2H,A2013169,Lat65.9255Lon-137.4220833Samp13Line13,2015262221316,Psn_QC_500m,2,2,2,2,2,2,2,10,2,2,2,2,2,2,2,2,2,2,2,2,2,2,2,2,2,2,2,2,2,2,2,2,2,2,2,2,2,2,2,10,10,2,2,2,2,2,2,2,2,2,2,2,2,2,2,2,2,2,2,2,2,2,2,2,2,2,2,2,2,2,2,2,2,2,10,2,2,2,2,10,2,2,2,2,10,10,10,2,2,10,10,2,2,2,2,2,2,2,2,2,2,2,10,2,2,2,2,2,2,2,2,2,2,2,2,2,2,10,2,2,2,2,2,2,2,2,2,2,2,2,10,2,2,2,2,2,2,2,2,2,2,2,2,2,2,2,2,2,2,2,2,2,2,2,2,2,2,2,2,2,2,2,2,2,2,2,2,10,10
MYD17A2H.A2013177.h12v02.006.2015262224231.Gpp_500m,MYD17A2H,A2013177,Lat65.9255Lon-137.4220833Samp13Line13,2015262224231,Gpp_500m,659,690,680,698,668,667,667,737,738,678,678,619,594,679,698,698,667,628,688,687,688,688,638,633,563,542,709,709,678,619,667,708,728,659,603,534,534,543,543,688,718,648,598,608,648,583,542,543,661,642,642,613,620,569,620,628,583,603,594,622,661,661,713,712,742,628,659,555,575,681,681,652,763,771,771,761,721,700,661,673,673,673,642,652,713,712,752,700,712,712,642,673,731,731,692,444,621,652,652,660,660,631,651,650,712,661,394,425,731,680,642,642,660,651,650,602,571,286,316,632,652,672,672,699,660,661,593,641,631,571,632,632,672,672,673,672,621,593,670,601,600,590,590,660,660,642,661,699,681,699,619,581,610,600,600,620,611,699,780,780,670,611,562,632,649,610,600,610,610
MYD17A2H.A2013177.h12v02.006.2015262224231.PsnNet_500m,MYD17A2H,A2013177,Lat65.9255Lon-137.4220833Samp13Line13,2015262224231,PsnNet_500m,574,602,595,605,580,583,583,638,638,592,592,542,523,595,605,605,583,550,595,595,599,599,561,555,498,482,612,612,589,545,583,615,632,576,535,473,473,482,482,599,617,566,530,536,567,513,482,482,581,565,565,534,544,503,542,550,513,535,525,543,575,575,617,616,638,549,576,487,508,592,591,570,654,656,656,650,623,606,582,592,585,585,561,570,613,613,644,607,613,613,560,585,632,632,601,397,543,570,570,575,579,553,568,568,618,575,354,379,631,590,559,560,574,568,568,527,506,258,284,553,570,584,584,606,579,578,522,562,552,503,553,553,584,584,584,584,543,522,584,527,526,521,521,574,574,560,579,606,595,606,547,510,536,526,526,540,538,610,661,661,583,537,495,552,567,536,530,535,534
MYD17A2H.A2013177.h12v02.006.2015262224231.Psn_QC_500m,MYD17A2H,A2013177,Lat65.9255Lon-137.4220833Samp13Line13,2015262224231,Psn_QC_500m,2,2,2,2,2,2,2,2,2,2,2,2,2,2,2,2,2,2,2,2,2,2,2,2,2,2,2,2,2,2,2,2,2,2,2,2,2,2,2,2,2,2,2,2,2,2,2,2,2,2,2,2,2,2,2,2,2,2,2,2,2,2,2,2,2,2,2,2,2,2,2,2,2,2,2,2,2,2,2,18,2,2,2,2,2,2,2,2,2,2,2,2,2,2,2,2,2,2,2,2,2,2,2,2,2,2,2,2,2,2,2,2,2,2,2,2,2,2,2,2,2,2,2,2,2,2,2,2,2,2,2,2,2,2,2,2,2,2,2,2,2,2,2,2,2,2,2,2,2,2,2,2,2,2,2,2,2,2,2,2,2,2,2,2,2,2,2,2,2
MYD17A2H.A2013185.h12v02.006.2015262230459.Gpp_500m,MYD17A2H,A2013185,Lat65.9255Lon-137.4220833Samp13Line13,2015262230459,Gpp_500m,460,495,467,495,481,482,455,510,510,510,504,496,438,404,428,495,468,455,496,496,496,517,475,464,430,430,495,511,510,460,460,518,484,496,501,437,438,430,374,483,467,460,484,433,440,443,421,374,394,458,479,480,427,406,427,427,430,394,423,438,470,479,481,443,459,406,383,388,422,486,494,494,479,481,502,480,440,473,388,430,501,470,470,471,471,488,430,472,473,439,439,443,443,464,387,318,402,452,439,439,445,411,411,431,514,387,147,318,472,431,431,438,431,431,431,418,418,147,289,374,439,452,438,466,445,445,424,424,424,424,374,424,452,452,445,445,411,452,445,424,438,404,404,465,465,437,431,459,516,508,508,424,375,376,269,369,411,468,545,508,487,488,446,460,431,381,381,369,375
MYD17A2H.A2013185.h12v02.006.2015262230459.PsnNet_500m,MYD17A2H,A2013185,Lat65.9255Lon-137.4220833Samp13Line13,2015262230459,PsnNet_500m,407,434,411,434,426,426,401,445,445,446,441,436,392,361,380,434,411,402,435,435,435,451,420,413,381,382,434,445,445,406,406,451,424,435,437,392,392,383,334,423,411,406,426,384,391,393,378,334,353,406,422,422,380,361,380,381,381,352,375,386,417,422,422,394,406,361,343,345,375,429,434,434,422,422,438,423,387,418,349,383,440,417,418,418,418,429,384,418,418,391,391,393,393,410,346,286,360,402,391,391,395,365,367,384,449,346,138,286,418,384,384,391,384,384,384,374,374,135,263,334,391,402,391,413,395,395,379,379,377,379,334,378,402,402,395,395,367,402,395,379,391,361,361,412,413,391,384,408,453,449,449,379,335,335,246,330,367,413,474,446,429,429,398,408,385,342,342,333,336
MYD17A2H.A2013185.h12v02.006.2015262230459.Psn_QC_500m,MYD17A2H,A2013185,Lat65.9255Lon-137.4220833Samp13Line13,2015262230459,Psn_QC_500m,2,2,2,2,2,2,2,2,2,2,2,2,2,2,2,2,2,2,2,2,2,2,2,2,2,2,2,2,2,2,2,2,2,2,2,2,2,2,2,2,2,2,2,2,2,2,2,2,2,2,2,2,2,2,2,2,2,2,2,2,2,2,2,2,2,2,2,2,2,2,2,2,2,2,2,2,2,2,2,2,2,2,2,2,2,2,2,2,2,2,2,2,2,2,2,2,2,2,2,2,2,2,2,2,2,2,10,2,2,2,2,2,2,2,2,2,2,2,2,2,2,2,2,2,2,2,2,2,2,2,2,2,2,2,2,2,2,2,2,2,2,2,2,2,2,2,2,2,2,2,2,2,2,2,2,2,2,2,2,2,2,2,2,2,2,2,2,2,2
MYD17A2H.A2013193.h12v02.006.2015263174725.Gpp_500m,MYD17A2H,A2013193,Lat65.9255Lon-137.4220833Samp13Line13,2015263174725,Gpp_500m,556,514,514,448,612,579,603,619,627,627,619,619,539,530,562,588,579,578,578,603,603,619,578,490,377,377,612,619,619,554,554,619,611,562,475,386,466,466,361,603,594,587,619,587,544,524,539,572,572,459,443,571,578,554,554,554,547,546,572,595,433,499,499,465,434,544,521,500,572,572,546,514,546,547,539,409,409,402,524,524,539,539,443,425,481,618,618,434,433,416,450,514,595,587,523,451,530,530,514,514,474,425,546,513,579,322,305,563,563,554,554,520,520,546,513,513,519,266,530,530,561,561,547,546,513,538,513,530,520,535,505,554,561,577,577,568,520,513,519,551,559,559,360,520,514,513,538,600,585,584,543,520,520,505,543,574,513,553,592,617,617,576,576,543,535,472,390,390,334
MYD17A2H.A2013193.h12v02.006.2015263174725.PsnNet_500m,MYD17A2H,A2013193,Lat65.9255Lon-137.4220833Samp13Line13,2015263174725,PsnNet_500m,485,454,454,399,528,508,523,533,538,537,535,535,472,466,493,508,507,506,501,523,523,534,505,437,337,340,528,534,534,484,484,534,527,491,421,347,413,412,322,523,515,509,534,509,478,462,472,496,496,404,391,496,505,486,485,485,477,477,496,518,387,436,436,411,385,482,460,442,496,496,478,454,477,482,472,366,365,355,458,458,476,472,395,378,428,533,533,385,385,372,400,456,518,514,458,402,469,467,455,453,420,384,478,451,503,290,277,489,489,483,487,457,457,478,451,451,456,241,466,466,488,490,479,479,453,466,451,465,456,471,445,483,490,500,500,495,457,451,456,481,489,489,320,457,453,453,468,520,507,507,477,456,456,442,477,502,453,481,513,530,530,501,501,477,470,417,350,350,299
MYD17A2H.A2013193.h12v02.006.2015263174725.Psn_QC_500m,MYD17A2H,A2013193,Lat65.9255Lon-137.4220833Samp13Line13,2015263174725,Psn_QC_500m,2,2,2,2,2,2,18,2,2,2,2,2,2,2,2,2,2,2,2,18,18,2,2,2,2,2,2,2,2,2,2,2,2,2,2,18,2,2,2,2,2,2,2,2,2,2,2,2,2,2,2,2,2,2,2,2,2,2,2,2,2,2,2,2,2,2,2,2,2,2,18,2,2,2,2,2,2,2,2,2,2,2,2,2,2,2,2,2,2,2,2,2,2,2,2,2,2,2,2,2,2,2,2,2,2,2,2,2,2,2,2,2,2,2,2,2,2,2,2,2,2,2,2,2,2,2,2,2,2,2,2,2,2,2,2,2,2,2,2,2,2,2,2,2,2,2,2,2,2,2,2,2,2,2,2,2,2,2,2,2,2,2,2,2,2,2,2,2,2
MYD17A2H.A2013201.h12v02.006.2015265125549.Gpp_500m,MYD17A2H,A2013201,Lat65.9255Lon-137.4220833Samp13Line13,2015265125549,Gpp_500m,675,675,502,440,486,425,425,449,448,478,607,416,385,638,616,486,486,586,586,652,668,629,463,421,391,347,569,569,599,599,592,455,615,423,355,355,406,406,406,608,449,599,448,607,409,406,406,347,438,438,452,375,569,569,577,522,522,438,451,438,438,437,415,415,423,545,484,482,520,446,468,468,468,468,362,347,541,445,527,552,603,552,550,535,512,512,512,392,385,384,339,490,588,588,489,91,165,361,376,377,240,240,392,257,504,414,286,316,385,385,226,332,233,412,197,294,324,256,181,180,368,368,377,377,226,412,354,354,354,239,316,247,308,226,399,412,412,377,233,233,271,398,398,353,353,399,459,459,233,225,197,347,347,474,375,353,428,428,406,406,218,257,405,405,360,360,353,338,367
MYD17A2H.A2013201.h12v02.006.2015265125549.PsnNet_500m,MYD17A2H,A2013201,Lat65.9255Lon-137.4220833Samp13Line13,2015265125549,PsnNet_500m,554,554,448,390,433,379,378,400,399,429,528,370,343,536,528,436,436,504,504,545,551,539,412,376,350,311,496,496,512,512,507,402,527,376,317,316,365,365,365,516,399,512,401,519,370,364,365,311,390,390,405,338,492,493,497,461,457,393,406,393,393,390,370,371,375,475,429,427,458,398,413,414,413,412,324,310,475,398,460,477,521,480,480,473,453,453,453,352,344,343,303,435,511,511,437,84,154,326,342,338,221,221,350,229,447,367,262,287,343,343,210,296,216,366,181,267,293,235,166,166,330,330,340,340,210,366,315,315,317,220,285,227,281,210,357,366,366,338,216,216,246,355,355,323,323,357,406,406,216,208,177,309,309,417,335,315,379,379,363,363,198,235,362,361,322,322,316,302,335
MYD17A2H.A2013201.h12v02.006.2015265125549.Psn_QC_500m,MYD17A2H,A2013201,Lat65.9255Lon-137.4220833Samp13Line13,2015265125549,Psn_QC_500m,10,10,10,2,18,2,2,2,2,10,18,2,2,10,10,10,10,2,2,2,18,18,2,2,2,2,2,2,2,2,2,2,2,2,2,2,18,18,18,2,2,2,2,2,18,18,18,2,10,10,2,2,2,2,2,10,10,10,10,2,2,2,2,2,2,2,10,10,10,18,2,2,2,2,2,2,2,2,2,2,10,10,10,18,18,18,18,2,2,2,2,2,18,18,18,10,10,2,10,2,10,10,2,2,10,2,10,10,2,2,10,2,10,2,10,10,18,2,10,10,2,2,2,2,10,2,18,18,10,10,2,10,10,10,2,2,2,2,10,10,10,2,2,2,2,2,2,2,10,10,2,2,2,10,2,2,2,2,2,2,2,10,2,2,2,2,2,2,10
MYD17A2H.A2013209.h12v02.006.2015265132104.Gpp_500m,MYD17A2H,A2013209,Lat65.9255Lon-137.4220833Samp13Line13,2015265132104,Gpp_500m,712,731,712,731,701,682,682,663,700,700,663,633,564,702,702,673,672,645,645,691,691,730,642,610,573,573,721,749,653,653,633,663,663,671,669,592,592,582,574,740,740,691,681,624,624,620,573,592,621,621,620,591,644,596,596,615,610,601,601,640,621,620,591,650,620,585,575,573,582,650,678,658,658,640,695,638,637,591,573,554,650,630,668,668,686,574,609,609,667,619,552,631,734,630,630,428,639,620,591,591,610,590,610,666,574,574,306,515,659,609,610,600,618,618,618,628,628,382,507,507,648,648,666,628,590,590,636,600,628,636,487,686,619,637,637,637,571,618,628,628,636,636,609,600,600,572,666,712,703,703,703,636,601,589,609,609,563,704,712,725,636,636,636,694,627,627,513,513,579
MYD17A2H.A2013209.h12v02.006.2015265132104.PsnNet_500m,MYD17A2H,A2013209,Lat65.9255Lon-137.4220833Samp13Line13,2015265132104,PsnNet_500m,610,622,611,622,605,589,588,573,600,599,573,548,497,605,605,580,580,558,558,595,595,620,563,533,504,504,614,632,563,563,552,573,573,580,572,517,517,513,503,624,624,595,584,543,543,538,498,514,537,537,537,514,558,522,522,535,529,523,523,553,537,537,514,560,537,513,510,498,508,559,579,568,568,553,592,552,552,513,504,484,559,543,572,572,588,498,531,531,573,537,482,547,624,547,547,379,552,537,517,517,531,517,531,573,503,503,272,452,568,531,531,523,537,536,536,542,542,341,443,443,561,561,581,546,517,517,555,521,541,551,429,591,537,552,552,551,502,541,545,545,551,550,530,525,525,503,575,611,605,605,604,551,520,515,526,526,491,600,611,611,551,551,550,595,546,546,451,452,504
MYD17A2H.A2013209.h12v02.006.2015265132104.Psn_QC_500m,MYD17A2H,A2013209,Lat65.9255Lon-137.4220833Samp13Line13,2015265132104,Psn_QC_500m,2,18,2,2,2,2,2,2,2,2,18,2,2,2,2,2,2,2,2,2,2,2,2,2,2,2,2,2,2,2,2,2,2,2,2,2,2,2,2,2,2,2,2,2,2,2,2,2,2,2,2,2,2,2,2,2,2,2,2,2,2,2,2,2,2,2,10,2,2,2,2,2,2,2,2,2,2,2,2,2,2,2,2,2,2,2,2,2,2,2,2,2,2,2,2,2,2,2,2,2,2,2,2,2,2,2,2,2,2,2,2,2,2,2,2,2,2,2,2,2,2,2,10,2,2,2,2,2,2,2,2,2,2,2,2,2,2,2,2,2,2,2,2,2,2,2,10,2,2,2,2,2,2,2,2,2,2,2,2,2,2,2,2,2,2,2,2,2,2
MYD17A2H.A2013217.h12v02.006.2015265134511.Gpp_500m,MYD17A2H,A2013217,Lat65.9255Lon-137.4220833Samp13Line13,2015265134511,Gpp_500m,629,629,612,621,612,596,578,629,629,620,638,596,539,604,629,612,586,586,586,586,611,585,568,531,531,479,629,629,629,569,578,619,577,577,547,547,522,462,547,611,611,578,568,568,534,538,547,572,547,572,572,641,577,534,534,525,522,538,572,624,658,666,665,649,530,541,534,487,563,632,632,666,718,572,590,580,556,556,504,531,590,590,684,683,590,590,657,606,657,657,537,590,615,590,590,556,547,606,580,589,589,580,580,615,649,624,299,504,674,589,632,632,572,606,606,571,537,317,394,556,598,632,632,580,599,588,588,486,486,496,461,530,580,580,657,599,564,564,545,511,503,467,459,556,521,588,657,657,657,640,521,467,467,436,467,467,580,649,682,682,682,537,521,511,511,477,443,443,467
MYD17A2H.A2013217.h12v02.006.2015265134511.PsnNet_500m,MYD17A2H,A2013217,Lat65.9255Lon-137.4220833Samp13Line13,2015265134511,PsnNet_500m,535,535,523,530,521,507,496,529,529,528,543,510,464,516,535,521,502,502,502,502,520,502,487,461,461,416,535,535,535,489,496,524,493,495,473,473,451,403,472,520,520,496,488,488,466,464,473,499,472,490,490,539,496,466,466,456,451,464,490,533,552,558,558,544,459,470,460,425,487,536,535,558,588,490,500,504,476,476,439,461,507,507,567,567,504,505,552,517,549,552,463,504,522,507,507,481,472,517,497,505,504,497,497,525,549,531,268,437,568,507,535,534,490,516,516,490,466,280,345,481,512,538,538,493,511,503,503,422,422,431,402,459,504,502,548,511,484,484,471,445,437,409,405,480,454,503,556,554,554,542,449,409,409,381,407,408,498,546,565,565,564,462,453,445,445,415,389,388,408
MYD17A2H.A2013217.h12v02.006.2015265134511.Psn_QC_500m,MYD17A2H,A2013217,Lat65.9255Lon-137.4220833Samp13Line13,2015265134511,Psn_QC_500m,2,2,2,2,2,2,2,2,2,2,2,2,2,2,2,2,2,2,2,2,2,2,2,2,2,2,2,2,2,2,2,2,2,2,2,2,2,2,2,2,2,2,2,2,2,2,10,10,2,2,2,2,2,2,2,2,2,2,2,2,2,2,2,2,2,2,2,2,2,2,2,2,2,2,2,2,2,2,2,2,2,2,2,2,2,2,2,2,2,2,2,2,2,2,2,2,2,2,2,2,2,2,2,2,2,2,2,2,2,2,2,2,2,2,2,2,10,2,2,2,2,2,2,2,2,2,2,10,10,10,2,2,2,2,2,2,2,2,2,2,2,2,2,2,2,2,2,2,2,2,2,2,2,2,2,2,2,2,2,2,2,2,2,2,2,2,2,2,2
MYD17A2H.A2013225.h12v02.006.2015265141715.Gpp_500m,MYD17A2H,A2013225,Lat65.9255Lon-137.4220833Samp13Line13,2015265141715,Gpp_500m,402,383,418,440,440,262,382,382,411,47,360,382,309,395,435,47,47,361,361,365,411,400,399,375,296,296,326,492,361,361,372,376,365,365,207,207,28,324,34,365,361,365,261,336,336,196,146,235,211,73,341,339,239,217,230,230,179,167,151,151,258,308,308,106,106,201,148,151,139,112,112,134,134,145,161,106,106,21,167,43,43,43,94,94,122,157,17,219,267,287,287,139,139,83,73,83,17,239,256,43,282,282,233,122,90,66,43,39,311,17,83,111,243,265,166,189,188,295,43,17,17,50,105,156,156,200,232,232,320,349,17,56,66,111,83,156,156,215,215,315,353,330,330,63,63,83,166,166,215,265,94,342,308,308,330,258,200,200,149,210,349,349,369,353,352,324,243,243,164
MYD17A2H.A2013225.h12v02.006.2015265141715.PsnNet_500m,MYD17A2H,A2013225,Lat65.9255Lon-137.4220833Samp13Line13,2015265141715,PsnNet_500m,332,320,344,357,356,234,322,322,339,43,306,318,258,332,351,44,44,303,302,306,338,330,330,310,250,250,278,351,303,302,309,316,306,306,182,182,26,271,30,306,302,306,225,285,284,171,128,204,184,67,292,292,206,189,197,197,158,148,131,131,225,265,265,97,97,183,131,132,125,99,99,119,119,130,144,92,92,19,148,43,43,43,85,85,107,137,17,190,227,249,249,125,125,76,63,76,17,204,218,41,245,244,205,110,82,62,43,37,269,17,75,98,214,232,148,167,167,255,43,17,17,43,96,141,137,174,201,201,272,293,17,50,62,103,75,137,137,188,188,269,296,279,278,55,55,75,148,148,191,231,89,286,263,263,278,221,179,179,130,186,291,291,309,296,296,272,212,212,145
MYD17A2H.A2013225.h12v02.006.2015265141715.Psn_QC_500m,MYD17A2H,A2013225,Lat65.9255Lon-137.4220833Samp13Line13,2015265141715,Psn_QC_500m,2,2,2,2,2,2,2,2,2,10,18,18,2,2,2,10,10,2,2,2,2,2,2,2,18,18,2,99,2,2,2,2,2,2,2,2,107,18,10,2,2,2,2,2,2,2,2,18,18,10,10,10,2,2,2,2,2,10,10,10,10,10,10,10,10,2,18,10,10,10,10,10,10,10,10,10,10,107,10,10,10,10,10,10,10,10,107,10,10,10,10,10,10,10,18,18,107,10,10,2,10,10,10,10,10,18,2,18,10,107,10,10,10,10,10,10,10,10,2,107,107,107,10,10,10,10,10,10,18,18,107,107,107,10,107,10,10,18,18,18,18,2,2,107,107,107,10,10,18,18,10,2,2,2,2,2,10,10,107,18,18,2,2,2,2,2,10,10,10
MYD17A2H.A2013233.h12v02.006.2015265143754.Gpp_500m,MYD17A2H,A2013233,Lat65.9255Lon-137.4220833Samp13Line13,2015265143754,Gpp_500m,177,165,167,167,169,169,171,155,155,161,145,140,124,172,171,179,179,156,140,148,148,164,145,137,131,141,171,171,156,148,156,156,145,145,131,131,146,146,141,164,156,140,140,136,136,136,131,163,163,165,159,150,156,145,125,125,128,136,165,169,165,165,165,165,163,129,129,128,165,147,146,165,165,181,180,159,136,127,122,156,155,163,177,177,183,153,159,159,148,148,145,150,198,198,168,131,173,168,168,154,154,128,130,128,177,152,86,128,187,187,165,153,160,135,153,121,121,86,131,148,148,142,172,168,165,165,115,121,122,122,149,149,154,169,160,159,192,147,135,135,130,125,115,169,154,131,132,184,147,153,118,118,115,115,115,114,143,143,169,169,169,143,143,132,132,114,119,114,114
MYD17A2H.A2013233.h12v02.006.2015265143754.PsnNet_500m,MYD17A2H,A2013233,Lat65.9255Lon-137.4220833Samp13Line13,2015265143754,PsnNet_500m,158,146,147,147,151,151,153,136,136,144,129,127,112,152,152,158,158,141,128,134,134,146,132,123,120,129,152,152,142,134,142,142,132,132,119,119,130,130,127,147,142,124,124,123,122,120,119,146,146,147,143,135,142,129,112,112,115,123,147,150,147,147,147,147,144,117,117,115,147,132,130,147,147,159,159,142,122,114,110,138,138,144,156,156,159,137,142,142,132,132,131,135,170,170,147,119,153,147,148,138,138,117,119,115,157,137,79,115,165,165,147,137,142,121,138,111,111,79,120,134,133,129,152,148,147,147,104,111,111,111,135,136,138,151,142,142,169,132,121,121,118,113,104,150,138,120,120,161,132,137,108,108,104,104,104,104,129,129,151,151,151,129,129,121,121,104,108,104,104
MYD17A2H.A2013233.h12v02.006.2015265143754.Psn_QC_500m,MYD17A2H,A2013233,Lat65.9255Lon-137.4220833Samp13Line13,2015265143754,Psn_QC_500m,2,2,2,2,2,2,2,2,2,2,2,2,2,2,2,2,2,2,2,2,2,2,2,2,2,2,2,2,2,2,2,2,2,2,2,2,2,2,2,2,2,2,2,2,2,2,2,2,2,2,2,2,2,2,2,2,2,2,2,2,2,2,2,2,2,2,2,2,2,2,2,2,2,2,2,2,2,2,2,2,2,2,2,2,2,2,2,2,2,2,2,2,2,2,2,2,2,2,2,2,2,2,2,2,2,2,2,2,2,2,2,2,2,10,10,2,2,2,2,2,2,2,2,2,10,2,2,2,2,2,2,2,2,2,2,2,2,2,2,2,2,2,2,2,2,2,2,2,2,2,2,2,2,2,2,2,2,2,2,2,2,2,2,2,2,2,2,2,2
MYD17A2H.A2013241.h12v02.006.2015265145816.Gpp_500m,MYD17A2H,A2013241,Lat65.9255Lon-137.4220833Samp13Line13,2015265145816,Gpp_500m,177,165,165,159,155,155,149,163,174,175,155,158,147,174,156,156,149,157,159,159,159,178,155,165,147,147,159,156,174,174,166,166,155,156,159,159,159,147,138,182,182,157,155,155,151,151,157,157,150,138,150,150,175,145,145,140,138,159,159,159,152,162,148,149,138,136,127,128,157,157,159,152,178,162,162,138,160,160,142,142,150,159,152,152,142,138,138,138,150,150,139,138,170,157,150,138,158,149,150,139,139,121,139,139,181,181,66,116,183,183,139,139,135,139,143,139,117,66,106,158,158,153,139,139,139,139,133,108,117,124,138,158,158,150,143,126,123,108,140,143,124,124,122,162,150,129,153,153,153,154,143,108,109,115,117,106,143,161,161,170,170,143,143,124,143,143,109,109,112
MYD17A2H.A2013241.h12v02.006.2015265145816.PsnNet_500m,MYD17A2H,A2013241,Lat65.9255Lon-137.4220833Samp13Line13,2015265145816,PsnNet_500m,156,146,146,142,135,135,132,143,153,153,135,141,131,152,140,140,132,140,142,142,142,156,135,145,131,130,142,140,153,153,147,147,135,135,141,141,141,130,124,160,160,140,135,135,133,135,138,138,133,121,133,133,153,130,130,125,123,141,141,141,135,142,131,131,124,122,114,114,138,138,141,135,155,142,142,121,141,141,126,126,133,141,135,135,126,124,124,124,133,134,125,124,153,138,133,124,138,131,131,124,124,107,125,125,159,159,60,102,159,159,124,124,120,125,126,125,106,60,94,138,138,136,124,125,125,125,118,98,106,112,124,138,138,134,126,114,111,98,125,126,112,112,108,143,131,114,136,136,136,136,126,98,98,102,106,95,127,141,141,153,153,130,130,112,128,128,98,98,100
MYD17A2H.A2013241.h12v02.006.2015265145816.Psn_QC_500m,MYD17A2H,A2013241,Lat65.9255Lon-137.4220833Samp13Line13,2015265145816,Psn_QC_500m,2,2,2,2,2,2,2,2,2,2,2,2,2,2,2,2,2,2,2,2,2,2,2,2,2,2,2,2,2,2,2,2,2,2,2,2,2,2,2,2,2,2,2,2,2,2,2,2,2,2,2,2,2,2,2,2,2,2,2,2,2,2,2,2,2,2,2,2,2,2,2,2,2,2,2,2,2,2,2,2,2,2,2,2,2,2,2,2,2,2,2,2,2,2,2,2,2,2,2,2,2,2,2,2,2,2,2,2,2,2,2,2,2,2,2,2,2,2,2,2,2,2,2,2,2,2,2,2,2,2,2,2,2,2,2,2,2,2,2,2,2,2,2,2,2,2,2,2,2,2,2,2,2,2,2,2,2,2,2,2,2,2,2,2,2,2,2,2,2
MYD17A2H.A2013249.h12v02.006.2015265151818.Gpp_500m,MYD17A2H,A2013249,Lat65.9255Lon-137.4220833Samp13Line13,2015265151818,Gpp_500m,146,139,139,131,121,121,121,102,102,121,121,118,111,132,132,131,131,121,112,112,121,121,118,111,111,111,131,131,131,131,112,102,109,109,123,123,111,95,95,139,139,127,102,92,92,106,106,101,101,95,109,95,121,112,112,92,89,117,117,105,105,109,113,113,101,121,89,95,95,95,95,95,120,120,113,91,105,105,95,95,113,105,105,113,113,105,101,101,101,105,105,113,141,141,91,89,89,105,105,96,96,100,113,113,123,55,55,55,130,130,111,111,92,120,120,120,119,55,89,109,109,120,113,113,120,120,96,105,105,123,55,109,120,120,120,113,113,105,105,113,113,113,77,124,137,138,140,140,152,152,141,131,113,57,89,67,120,120,140,141,145,145,131,130,148,148,148,57,77
MYD17A2H.A2013249.h12v02.006.2015265151818.PsnNet_500m,MYD17A2H,A2013249,Lat65.9255Lon-137.4220833Samp13Line13,2015265151818,PsnNet_500m,126,121,121,112,106,106,105,89,89,104,104,103,98,117,116,112,112,105,99,99,104,104,103,98,98,98,116,116,112,112,99,89,98,98,109,108,98,84,84,120,120,112,89,80,80,94,94,89,89,84,95,84,105,99,99,80,78,103,103,92,92,95,100,100,89,104,78,84,84,84,84,84,103,103,100,79,92,92,84,84,100,92,92,100,100,92,89,89,89,92,92,100,119,119,79,79,79,92,92,84,84,85,100,100,106,51,51,51,112,112,97,97,79,103,103,103,103,51,79,95,95,103,101,101,103,103,84,92,92,106,51,95,103,103,103,100,100,92,92,100,100,100,70,108,119,119,119,119,130,130,119,114,100,52,78,59,105,105,119,119,124,124,114,114,127,127,127,51,70
MYD17A2H.A2013249.h12v02.006.2015265151818.Psn_QC_500m,MYD17A2H,A2013249,Lat65.9255Lon-137.4220833Samp13Line13,2015265151818,Psn_QC_500m,2,2,2,2,2,2,2,2,2,2,2,2,2,2,2,2,2,2,2,2,2,2,2,2,2,2,2,2,2,2,2,2,2,2,2,2,2,2,2,2,2,2,2,2,2,2,2,2,2,2,2,2,2,2,2,2,2,2,2,2,2,2,2,2,2,2,2,2,2,2,2,2,2,2,2,2,2,2,2,2,2,2,2,2,2,2,2,2,2,2,2,2,2,2,2,2,2,2,2,2,2,2,2,2,2,2,2,2,2,2,2,2,2,2,2,2,2,2,2,2,2,2,2,2,2,2,2,2,2,2,2,2,2,2,2,2,2,2,2,2,2,2,2,2,10,10,2,2,2,2,2,2,2,2,2,2,2,2,2,2,2,2,2,2,2,2,2,2,2
MYD17A2H.A2013257.h12v02.006.2015265153725.Gpp_500m,MYD17A2H,A2013257,Lat65.9255Lon-137.4220833Samp13Line13,2015265153725,Gpp_500m,9,9,9,2,9,16,16,9,9,9,5,5,9,2,2,9,9,9,9,9,9,5,5,6,6,9,2,9,9,9,9,9,40,40,8,10,18,9,9,9,9,41,41,41,40,41,10,20,16,16,16,16,9,9,9,9,10,36,30,17,17,16,18,9,9,18,10,10,10,30,17,17,33,18,9,9,9,9,16,16,16,18,18,25,14,9,9,9,3,3,3,24,16,16,18,9,9,9,9,9,2,3,3,3,15,15,15,9,3,3,3,2,2,3,3,3,3,9,2,9,3,3,3,9,3,9,3,3,3,3,2,3,2,3,9,3,3,3,3,2,2,2,2,3,9,9,2,3,3,3,3,2,2,2,3,2,9,9,9,3,5,5,9,9,2,9,9,2,2
MYD17A2H.A2013257.h12v02.006.2015265153725.PsnNet_500m,MYD17A2H,A2013257,Lat65.9255Lon-137.4220833Samp13Line13,2015265153725,PsnNet_500m,8,8,8,2,8,12,12,8,8,8,3,3,8,2,2,8,8,8,8,8,8,3,3,5,5,8,2,8,8,8,8,8,34,34,5,9,16,8,8,8,8,34,34,34,34,33,9,18,14,14,13,13,8,8,8,8,9,32,27,16,16,14,17,8,8,15,9,9,9,27,16,16,28,16,8,8,8,8,12,14,14,14,14,23,10,8,8,8,2,2,2,19,14,14,14,8,8,8,8,8,2,2,2,3,11,11,11,8,2,2,2,2,2,2,2,2,2,8,2,8,2,2,2,8,2,8,2,2,2,2,2,2,2,2,8,2,2,2,2,2,2,2,2,2,8,8,2,2,2,2,2,2,2,2,2,2,8,8,8,2,4,4,8,8,2,8,8,2,2
MYD17A2H.A2013257.h12v02.006.2015265153725.Psn_QC_500m,MYD17A2H,A2013257,Lat65.9255Lon-137.4220833Samp13Line13,2015265153725,Psn_QC_500m,10,10,10,107,10,10,10,10,10,10,107,115,2,107,107,10,10,10,10,10,10,107,99,115,115,2,107,10,10,10,10,10,2,2,115,10,10,10,10,10,10,2,2,2,2,2,10,10,10,10,10,10,10,10,10,10,10,18,18,10,10,10,10,10,10,10,10,10,10,18,10,10,10,10,10,10,10,10,18,10,10,10,10,10,10,10,10,10,107,107,107,10,10,10,10,10,10,10,10,10,107,107,107,107,10,10,10,10,107,107,107,107,107,107,107,107,107,10,107,10,107,107,107,10,107,10,107,107,107,107,107,107,107,107,10,107,107,107,107,107,107,107,107,107,10,10,107,107,107,107,107,107,107,107,107,107,10,10,10,107,107,107,10,10,107,10,10,107,107
MYD17A2H.A2013265.h12v02.006.2015265155457.Gpp_500m,MYD17A2H,A2013265,Lat65.9255Lon-137.4220833Samp13Line13,2015265155457,Gpp_500m,0,0,0,0,0,0,7,7,7,7,7,7,7,0,0,0,7,7,7,7,7,7,7,7,0,0,6,7,7,7,0,0,0,0,0,0,0,7,7,7,7,0,0,0,0,0,0,0,7,7,5,7,0,0,7,7,0,0,0,7,7,7,7,10,10,0,0,0,0,0,0,7,7,7,7,7,10,11,0,0,0,0,7,7,7,7,7,7,7,7,7,0,0,0,0,7,7,7,7,7,11,11,7,11,0,0,0,7,7,7,7,7,7,11,7,7,7,7,7,7,7,7,7,7,7,7,7,7,7,7,7,7,7,7,7,7,7,7,7,0,0,0,0,7,7,7,7,7,7,7,7,7,7,11,10,10,7,7,7,7,7,7,7,10,7,7,0,2,2
MYD17A2H.A2013265.h12v02.006.2015265155457.PsnNet_500m,MYD17A2H,A2013265,Lat65.9255Lon-137.4220833Samp13Line13,2015265155457,PsnNet_500m,0,0,0,0,0,0,3,3,3,3,3,3,4,0,0,0,3,3,3,3,3,3,3,4,0,0,3,3,3,3,0,0,0,0,0,0,0,4,4,3,3,0,0,0,0,0,0,0,4,7,3,4,0,0,3,3,0,0,0,4,4,4,4,8,8,0,0,0,0,0,0,4,4,4,7,7,8,9,0,0,0,0,4,4,4,4,4,4,4,7,7,0,0,0,0,4,4,4,4,4,8,8,4,8,0,0,0,4,4,4,4,4,4,8,4,4,4,4,4,4,4,4,4,7,7,7,7,4,7,7,4,4,4,4,4,4,7,7,4,0,0,0,0,4,4,4,4,4,4,4,4,4,4,11,8,8,4,4,4,4,4,4,4,8,4,4,0,0,0
MYD17A2H.A2013265.h12v02.006.2015265155457.Psn_QC_500m,MYD17A2H,A2013265,Lat65.9255Lon-137.4220833Samp13Line13,2015265155457,Psn_QC_500m,107,107,107,107,107,107,10,10,10,10,10,10,10,107,107,107,10,10,10,10,10,10,10,10,107,107,10,10,10,10,107,107,107,107,107,107,107,10,10,10,10,107,107,107,107,107,107,107,10,107,107,10,107,107,10,10,107,107,107,10,10,10,10,10,10,107,107,107,107,107,107,10,10,10,10,10,10,10,107,107,107,107,10,10,10,10,10,10,10,10,10,107,107,107,107,10,10,10,10,10,10,10,10,10,107,107,107,10,10,10,10,10,10,10,10,10,10,10,10,10,10,10,10,10,10,10,10,10,10,10,10,10,10,10,10,10,10,10,10,107,107,107,107,10,10,10,10,10,10,10,10,10,10,10,10,10,10,10,10,10,10,10,10,10,10,10,107,107,107
MYD17A2H.A2013273.h12v02.006.2015265161408.Gpp_500m,MYD17A2H,A2013273,Lat65.9255Lon-137.4220833Samp13Line13,2015265161408,Gpp_500m,2,41,36,36,36,36,36,9,20,20,37,37,9,7,52,52,36,36,2,24,24,9,9,9,9,36,36,36,36,36,36,9,9,2,2,41,44,37,9,36,36,36,34,52,52,34,9,9,9,9,4,36,36,34,36,36,36,9,9,4,4,13,13,10,9,34,32,36,2,2,2,2,10,14,9,9,9,10,32,36,36,36,37,12,30,9,9,9,10,10,39,32,12,2,9,9,9,9,9,9,9,12,12,12,2,18,4,9,9,9,9,10,12,12,9,9,12,4,9,9,9,9,10,9,9,2,3,3,3,3,9,9,9,9,10,32,32,3,3,3,3,3,3,10,24,4,2,2,3,3,3,3,3,3,3,1,4,4,2,2,3,3,3,3,3,3,3,3,3
MYD17A2H.A2013273.h12v02.006.2015265161408.PsnNet_500m,MYD17A2H,A2013273,Lat65.9255Lon-137.4220833Samp13Line13,2015265161408,PsnNet_500m,1,16,16,16,17,17,16,9,16,16,16,16,8,3,3,3,17,17,1,17,17,6,6,8,9,17,16,16,17,17,17,8,8,1,1,16,11,17,9,17,17,17,17,1,1,17,8,8,9,9,2,16,17,17,17,17,17,8,8,2,2,10,10,8,6,17,17,17,1,1,1,1,8,12,9,8,8,9,17,17,17,17,16,10,22,8,8,8,9,9,16,17,10,1,9,9,6,6,6,9,9,10,10,10,1,14,2,8,8,8,8,8,10,10,8,8,10,2,8,8,9,9,8,6,6,1,1,1,1,1,9,9,6,6,8,17,17,1,1,1,1,1,1,8,16,2,1,1,1,1,1,1,1,1,1,0,2,2,1,1,1,1,1,1,1,1,1,1,1
MYD17A2H.A2013273.h12v02.006.2015265161408.Psn_QC_500m,MYD17A2H,A2013273,Lat65.9255Lon-137.4220833Samp13Line13,2015265161408,Psn_QC_500m,2,75,67,67,67,67,67,2,18,18,67,67,10,2,83,83,67,67,18,18,18,10,10,10,10,67,67,67,67,67,67,18,18,10,10,75,67,67,10,67,67,67,67,75,75,67,10,10,10,10,10,67,67,67,67,67,67,10,10,10,10,10,10,10,10,67,67,67,2,2,2,10,10,10,10,10,10,2,67,67,67,67,67,10,18,10,10,2,2,2,67,67,2,2,18,18,18,2,2,18,18,2,2,2,2,18,18,18,18,18,18,18,2,2,2,2,2,18,10,10,18,18,2,2,2,2,2,2,2,2,10,10,2,2,2,75,75,2,2,2,2,2,2,83,75,2,2,2,2,2,2,2,2,2,2,75,18,18,2,2,2,2,2,2,2,2,2,2,2
MYD17A2H.A2013281.h12v02.006.2015270013153.Gpp_500m,MYD17A2H,A2013281,Lat65.9255Lon-137.4220833Samp13Line13,2015270013153,Gpp_500m,17,3,3,7,7,5,19,19,19,17,17,15,19,6,20,24,24,19,19,19,19,15,15,19,19,19,24,24,24,24,19,19,19,19,21,17,17,17,19,20,20,19,18,18,17,17,17,15,15,15,22,22,18,18,15,15,17,15,15,15,15,15,15,15,6,15,15,15,15,11,15,15,15,15,12,5,5,7,11,11,11,15,15,15,1,1,2,3,5,7,7,9,9,7,2,0,0,3,3,5,7,7,7,7,2,1,0,4,4,3,3,15,15,9,9,10,19,0,3,3,14,14,5,7,7,19,19,15,9,8,5,5,11,5,6,7,7,7,7,7,8,8,9,5,7,6,12,15,15,9,9,14,17,17,17,19,7,7,15,15,9,9,7,15,15,15,5,15,9
MYD17A2H.A2013281.h12v02.006.2015270013153.PsnNet_500m,MYD17A2H,A2013281,Lat65.9255Lon-137.4220833Samp13Line13,2015270013153,PsnNet_500m,-1,1,1,2,2,2,-1,-1,-1,-1,-1,0,-1,2,-8,-14,-14,-1,-1,-1,-1,0,0,-1,-1,-1,-17,-17,-18,-18,-1,-1,-8,-8,-7,-1,-1,-1,-1,-8,-8,-1,-1,-1,-1,-1,-1,0,0,0,-7,-7,-1,-1,3,3,-1,1,1,1,2,2,0,0,2,3,3,1,1,3,1,3,3,0,3,2,2,2,3,3,3,3,3,3,0,0,1,1,2,2,2,3,3,2,1,0,0,2,1,2,2,2,2,2,1,0,0,2,2,2,2,3,3,1,1,3,-1,0,1,1,3,3,2,2,2,-1,-1,2,2,3,2,2,3,2,2,2,2,2,2,2,2,2,1,2,2,2,3,3,3,2,2,4,1,1,1,-1,2,2,2,2,2,2,2,2,3,3,2,3,3
MYD17A2H.A2013281.h12v02.006.2015270013153.Psn_QC_500m,MYD17A2H,A2013281,Lat65.9255Lon-137.4220833Samp13Line13,2015270013153,Psn_QC_500m,67,75,75,75,75,75,67,67,67,67,67,67,67,75,67,67,67,67,67,67,67,67,67,67,67,67,67,67,67,67,67,67,67,67,67,67,67,67,67,67,67,67,67,67,67,67,67,67,67,67,67,67,67,67,67,67,67,67,67,67,67,67,67,67,83,67,67,67,67,67,67,67,67,67,67,83,83,83,67,67,67,67,67,67,75,75,83,83,83,83,83,67,67,67,75,75,75,83,83,83,83,83,67,67,67,75,67,75,75,75,75,67,67,67,67,67,67,67,67,67,67,67,83,83,67,67,67,67,67,67,67,67,67,83,83,67,67,67,67,67,67,67,67,75,83,83,67,67,67,67,67,67,67,67,67,67,83,83,67,67,67,67,67,67,67,67,67,67,67
MYD17A2H.A2013289.h12v02.006.2015270031611.Gpp_500m,MYD17A2H,A2013289,Lat65.9255Lon-137.4220833Samp13Line13,2015270031611,Gpp_500m,43,43,43,43,43,43,43,43,43,43,43,43,44,43,43,43,43,43,43,43,43,33,43,44,44,24,43,43,43,43,27,33,27,43,26,27,26,44,44,28,28,27,24,43,43,44,44,44,44,44,27,37,43,43,43,43,24,27,27,27,34,35,37,23,23,24,22,23,33,33,33,33,33,33,24,24,29,24,33,33,33,33,23,27,27,34,20,23,24,24,27,24,24,27,27,24,23,23,23,23,23,24,23,24,27,24,12,16,23,23,18,23,23,27,24,24,24,12,16,23,23,23,20,23,21,23,23,23,44,39,23,26,27,27,21,21,23,23,23,23,23,39,41,26,23,23,23,24,27,44,23,23,41,41,41,41,23,23,24,24,24,23,27,41,41,18,24,31,33
MYD17A2H.A2013289.h12v02.006.2015270031611.PsnNet_500m,MYD17A2H,A2013289,Lat65.9255Lon-137.4220833Samp13Line13,2015270031611,PsnNet_500m,-19,-19,-19,-19,-19,-19,-19,-19,-19,-19,-19,-19,-19,-19,-19,-19,-19,-19,-19,-19,-19,4,-19,-19,-19,10,-19,-19,-19,-19,7,4,8,-19,10,9,10,-19,-19,6,6,7,10,-19,-19,-19,-19,-19,-19,-19,8,-4,-19,-19,-19,-19,10,8,8,10,-2,-2,-4,10,10,9,10,10,4,4,4,4,4,4,10,10,5,10,4,4,4,4,10,10,10,4,10,10,10,10,9,10,10,9,9,10,10,10,10,10,10,10,10,10,10,10,6,9,10,10,11,10,10,7,9,9,10,6,9,10,10,10,10,10,10,10,10,10,-18,-4,10,10,7,7,10,10,10,10,10,10,10,-4,-10,10,10,10,10,10,10,-18,10,10,-7,-6,-8,-8,10,10,10,10,10,10,10,-7,-6,9,10,7,5
MYD17A2H.A2013289.h12v02.006.2015270031611.Psn_QC_500m,MYD17A2H,A2013289,Lat65.9255Lon-137.4220833Samp13Line13,2015270031611,Psn_QC_500m,67,67,67,67,67,67,67,67,67,67,67,67,67,67,67,67,67,67,67,67,67,67,67,67,67,67,67,67,67,67,67,67,67,67,67,67,67,67,67,67,67,67,67,67,67,67,67,67,67,67,67,67,67,67,67,67,67,67,67,67,67,67,67,67,67,67,67,67,67,67,67,67,67,67,67,67,67,67,67,67,67,67,67,67,67,67,67,67,67,67,67,67,67,67,67,67,67,67,67,67,67,67,67,67,67,67,67,67,67,67,67,67,67,67,67,67,67,67,67,67,67,67,67,67,67,67,67,67,67,67,67,67,67,67,67,67,67,67,67,67,67,67,67,67,67,67,67,67,67,67,67,67,67,67,67,67,67,67,67,67,67,67,67,67,67,67,67,67,67
MYD17A2H.A2013297.h12v02.006.2015270041522.Gpp_500m,MYD17A2H,A2013297,Lat65.9255Lon-137.4220833Samp13Line13,2015270041522,Gpp_500m,3,4,4,4,4,4,3,1,1,1,1,1,1,4,4,4,6,3,1,1,1,1,1,2,2,1,4,5,4,3,1,1,1,1,1,1,1,6,6,3,3,1,1,1,1,1,3,3,2,2,6,6,3,1,1,1,1,2,1,1,1,1,1,1,4,1,0,0,1,1,0,0,1,1,1,0,1,1,0,0,0,0,0,4,1,0,1,1,1,1,1,0,1,1,1,1,1,1,0,0,1,1,1,1,1,1,1,1,1,1,1,1,1,1,1,1,1,1,0,0,1,1,1,2,2,1,1,0,1,1,1,1,1,1,1,1,1,1,1,1,1,1,1,1,1,1,1,1,1,1,1,1,1,1,1,1,1,1,1,1,1,1,2,1,1,1,1,1,1
MYD17A2H.A2013297.h12v02.006.2015270041522.PsnNet_500m,MYD17A2H,A2013297,Lat65.9255Lon-137.4220833Samp13Line13,2015270041522,PsnNet_500m,-6,-6,-7,-7,-7,-6,-6,0,0,0,0,0,0,-7,-7,-7,-34,-6,0,-5,-5,1,0,0,0,0,-6,-12,-6,-6,0,0,0,0,0,0,0,-31,-31,-6,-6,0,0,0,0,0,-6,-6,0,-5,-31,-31,-4,0,0,0,0,0,0,0,0,0,0,0,-7,0,0,0,0,0,0,0,0,0,0,0,0,0,0,0,0,0,0,-7,0,0,0,0,0,0,0,0,0,0,0,0,0,0,0,0,0,0,0,0,0,0,0,0,0,0,0,0,0,0,0,0,0,0,0,0,0,0,0,0,0,0,0,0,0,0,0,0,0,0,0,0,0,0,0,0,0,0,0,0,0,0,0,0,0,0,0,0,0,0,0,0,0,0,0,0,0,0,0,0,0,0,0,0,0
MYD17A2H.A2013297.h12v02.006.2015270041522.Psn_QC_500m,MYD17A2H,A2013297,Lat65.9255Lon-137.4220833Samp13Line13,2015270041522,Psn_QC_500m,67,67,67,67,67,67,67,67,67,67,67,67,67,67,67,67,83,67,67,67,67,67,67,67,67,67,67,67,67,67,67,67,67,67,67,67,67,67,67,67,67,67,67,67,67,67,67,67,67,67,67,67,67,67,67,67,67,67,67,67,67,67,67,67,67,67,67,67,67,67,67,67,67,67,67,67,67,67,67,67,67,67,67,75,67,67,75,67,67,67,67,67,67,67,67,75,75,67,67,67,67,67,75,67,75,75,75,67,67,67,67,75,75,75,75,67,67,75,75,75,75,75,75,75,75,67,67,67,67,67,75,75,75,75,67,67,67,67,67,67,67,67,67,67,75,67,67,67,67,67,67,67,67,67,67,67,67,67,67,67,67,67,67,75,67,67,67,75,83
MYD17A2H.A2013305.h12v02.006.2015270050049.Gpp_500m,MYD17A2H,A2013305,Lat65.9255Lon-137.4220833Samp13Line13,2015270050049,Gpp_500m,0,0,0,0,0,0,0,0,0,0,0,0,0,0,0,0,0,0,0,0,0,0,0,0,0,0,0,0,0,0,0,0,0,0,0,0,0,0,0,0,0,0,0,0,0,0,0,0,0,0,0,0,0,0,0,0,0,0,0,0,0,0,0,0,0,0,0,0,0,0,0,0,0,0,0,0,0,0,0,0,0,0,0,0,0,0,0,0,0,0,0,0,0,0,0,0,0,0,0,0,0,0,0,0,0,0,0,0,0,0,0,0,0,0,0,0,0,0,0,0,0,0,0,0,0,0,0,0,0,0,0,0,0,0,0,0,0,0,0,0,0,0,0,0,0,0,0,0,0,0,0,0,0,0,0,0,0,0,0,0,0,0,0,0,0,0,0,0,0
MYD17A2H.A2013305.h12v02.006.2015270050049.PsnNet_500m,MYD17A2H,A2013305,Lat65.9255Lon-137.4220833Samp13Line13,2015270050049,PsnNet_500m,-6,-6,-6,-6,-6,-3,-3,0,0,0,0,0,0,-6,-6,-6,-7,-6,0,0,0,0,0,0,0,0,-7,-6,-6,-6,-6,0,0,0,0,0,0,0,0,-7,-6,-6,0,0,0,0,0,0,0,0,0,0,-6,0,0,0,0,0,0,0,0,0,0,0,0,0,0,0,0,0,0,0,0,0,0,0,0,0,0,0,0,0,0,0,0,0,0,0,0,0,0,0,0,0,0,0,0,0,0,0,0,0,0,0,0,0,0,0,0,0,0,0,0,0,0,0,0,0,0,0,0,0,0,0,0,0,0,0,0,0,0,0,0,0,0,0,0,0,0,0,0,0,0,0,0,0,0,0,0,0,0,0,0,0,0,0,0,0,0,0,0,0,0,0,0,0,0,0,0
MYD17A2H.A2013305.h12v02.006.2015270050049.Psn_QC_500m,MYD17A2H,A2013305,Lat65.9255Lon-137.4220833Samp13Line13,2015270050049,Psn_QC_500m,83,83,83,83,83,83,83,83,83,83,83,67,83,83,83,83,83,83,83,83,83,83,83,83,83,83,67,67,67,83,83,83,83,83,83,83,83,83,83,67,83,83,83,83,83,83,83,67,67,67,67,83,83,83,83,83,83,83,67,67,67,67,83,83,83,67,83,83,83,67,67,67,67,67,83,67,75,75,67,67,67,67,67,67,67,67,67,75,75,75,75,67,67,67,67,67,67,67,75,75,75,75,67,67,67,67,67,75,75,75,75,75,75,67,67,67,67,67,75,75,75,75,75,67,67,67,67,83,83,83,75,83,83,83,83,67,67,67,83,83,83,83,67,83,83,83,67,67,67,67,83,83,83,67,67,67,67,67,67,67,67,67,83,67,67,67,67,67,67
MYD17A2H.A2013313.h12v02.006.2015270053342.Gpp_500m,MYD17A2H,A2013313,Lat65.9255Lon-137.4220833Samp13Line13,2015270053342,Gpp_500m,0,0,0,0,0,0,0,0,0,0,0,0,0,0,0,0,0,0,0,0,0,0,0,0,0,0,0,0,0,0,0,0,0,0,0,0,0,0,0,0,0,0,0,0,0,0,0,0,0,0,0,0,0,0,0,0,0,0,0,0,0,0,0,0,0,0,0,0,0,0,0,0,0,0,0,0,0,0,0,0,0,0,0,0,0,0,0,0,0,0,0,0,0,0,0,0,0,0,0,0,0,0,0,0,0,0,0,0,0,0,0,0,0,0,0,0,0,0,0,0,0,0,0,0,0,0,0,0,0,0,0,0,0,0,0,0,0,0,0,0,0,0,0,0,0,0,0,0,0,0,0,0,0,0,0,0,0,0,0,0,0,0,0,0,0,0,0,0,0
MYD17A2H.A2013313.h12v02.006.2015270053342.PsnNet_500m,MYD17A2H,A2013313,Lat65.9255Lon-137.4220833Samp13Line13,2015270053342,PsnNet_500m,0,0,-3,-3,0,0,0,0,0,0,0,0,0,-2,-2,-2,-3,0,0,0,0,0,0,0,0,0,-3,0,-2,-2,0,0,0,0,0,0,0,0,0,-2,-2,-1,0,0,0,0,0,0,0,0,0,0,0,0,0,0,0,0,0,0,0,0,0,0,0,0,0,0,0,0,0,0,0,0,0,0,0,0,0,0,0,0,0,0,0,0,0,0,0,0,0,0,0,0,0,0,0,0,0,0,0,0,0,0,0,0,0,0,0,0,0,0,0,0,0,0,0,0,0,0,0,0,0,0,0,0,0,0,0,0,0,0,0,0,0,0,0,0,0,0,0,0,0,0,0,0,0,0,0,0,0,0,0,0,0,0,0,0,0,0,0,0,0,0,0,0,0,0,0
MYD17A2H.A2013313.h12v02.006.2015270053342.Psn_QC_500m,MYD17A2H,A2013313,Lat65.9255Lon-137.4220833Samp13Line13,2015270053342,Psn_QC_500m,67,67,67,67,67,67,67,75,75,67,67,67,67,67,67,67,67,67,75,67,67,67,67,67,75,67,67,67,67,67,67,67,75,75,67,67,67,75,75,67,67,67,67,75,75,67,67,67,67,67,67,75,67,67,67,75,75,75,67,67,75,75,75,75,67,67,75,75,75,75,75,75,75,75,75,75,75,67,67,75,75,75,75,75,75,75,75,75,75,67,67,75,75,67,67,67,67,67,67,75,67,67,67,67,67,75,75,67,67,67,67,67,75,67,67,67,67,75,75,67,67,67,67,67,67,67,75,75,75,67,67,67,67,67,67,75,67,67,67,67,67,75,75,67,67,67,67,67,67,67,67,67,75,75,75,75,67,67,67,67,67,67,67,67,67,67,75,75,75
MYD17A2H.A2013321.h12v02.006.2015271134114.Gpp_500m,MYD17A2H,A2013321,Lat65.9255Lon-137.4220833Samp13Line13,2015271134114,Gpp_500m,0,0,0,0,0,0,0,0,0,0,0,0,0,0,0,0,0,0,0,0,0,0,0,0,0,0,0,0,0,0,0,0,0,0,0,0,0,0,0,0,0,0,0,0,0,0,0,0,0,0,0,0,0,0,0,0,0,0,0,0,0,0,0,0,0,0,0,0,0,0,0,0,0,0,0,0,0,0,0,0,0,0,0,0,0,0,0,0,0,0,0,0,0,0,0,0,0,0,0,0,0,0,0,0,0,0,0,0,0,0,0,0,0,0,0,0,0,0,0,0,0,0,0,0,0,0,0,0,0,0,0,0,0,0,0,0,0,0,0,0,0,0,0,0,0,0,0,0,0,0,0,0,0,0,0,0,0,0,0,0,0,0,0,0,0,0,0,0,0
MYD17A2H.A2013321.h12v02.006.2015271134114.PsnNet_500m,MYD17A2H,A2013321,Lat65.9255Lon-137.4220833Samp13Line13,2015271134114,PsnNet_500m,0,0,0,0,0,0,0,0,0,0,0,0,0,0,0,0,0,0,0,0,0,0,0,0,0,0,0,0,0,0,0,0,0,0,0,0,0,0,0,0,0,0,0,0,0,0,0,0,0,0,0,0,0,0,0,0,0,0,0,0,0,0,0,0,0,0,0,0,0,0,0,0,0,0,0,0,0,0,0,0,0,0,0,0,0,0,0,0,0,0,0,0,0,0,0,0,0,0,0,0,0,0,0,0,0,0,0,0,0,0,0,0,0,0,0,0,0,0,0,0,0,0,0,0,0,0,0,0,0,0,0,0,0,0,0,0,0,0,0,0,0,0,0,0,0,0,0,0,0,0,0,0,0,0,0,0,0,0,0,0,0,0,0,0,0,0,0,0,0
MYD17A2H.A2013321.h12v02.006.2015271134114.Psn_QC_500m,MYD17A2H,A2013321,Lat65.9255Lon-137.4220833Samp13Line13,2015271134114,Psn_QC_500m,83,83,75,75,75,75,75,75,75,75,75,75,75,75,75,75,75,75,75,75,75,75,75,75,75,75,75,75,75,75,75,75,75,75,75,75,75,75,75,75,75,75,75,75,75,75,75,75,75,75,75,75,75,75,75,75,75,75,75,75,75,75,75,75,75,75,75,75,75,75,75,75,75,75,75,75,75,75,75,75,75,75,75,75,75,75,75,75,75,75,75,75,75,75,75,75,75,75,75,75,75,75,75,75,75,75,75,75,75,75,75,75,75,75,75,75,75,75,75,75,75,75,75,75,75,75,75,75,75,75,75,75,75,75,75,75,75,75,75,75,75,75,75,75,75,75,75,75,75,75,75,75,75,75,75,75,75,75,75,75,75,75,75,75,75,75,75,75,75
MYD17A2H.A2013329.h12v02.006.2015271160447.Gpp_500m,MYD17A2H,A2013329,Lat65.9255Lon-137.4220833Samp13Line13,2015271160447,Gpp_500m,32767,32767,32767,32767,32767,32767,32767,32767,32767,32767,32767,32767,32767,32767,32767,32767,32767,32767,32767,32767,32767,32767,32767,32767,32767,32767,32767,32767,32767,32767,32767,32767,32767,32767,32767,32767,32767,32767,32767,32767,32767,32767,32767,32767,32767,32767,32767,32767,32767,32767,32767,32767,32767,32767,32767,32767,32767,32767,32767,32767,32767,32767,32767,32767,32767,32767,32767,32767,32767,32767,32767,32767,32767,32767,32767,32767,32767,32767,32767,32767,32767,32767,32767,32767,32767,32767,32767,32767,32767,32767,32767,32767,32767,32767,32767,32767,32767,32767,32767,32767,32767,32767,32767,32767,32767,32767,32767,32767,32767,32767,32767,32767,32767,32767,32767,32767,32767,32767,32767,32767,32767,32767,32767,32767,32767,32767,32767,32767,32767,32767,32767,32767,32767,32767,32767,32767,32767,32767,32767,32767,32767,32767,32767,32767,32767,32767,32767,32767,32767,32767,32767,32767,32767,32767,32767,32767,32767,32767,32767,32767,32767,32767,32767,32767,32767,32767,32767,32767,32767
MYD17A2H.A2013329.h12v02.006.2015271160447.PsnNet_500m,MYD17A2H,A2013329,Lat65.9255Lon-137.4220833Samp13Line13,2015271160447,PsnNet_500m,32767,32767,32767,32767,32767,32767,32767,32767,32767,32767,32767,32767,32767,32767,32767,32767,32767,32767,32767,32767,32767,32767,32767,32767,32767,32767,32767,32767,32767,32767,32767,32767,32767,32767,32767,32767,32767,32767,32767,32767,32767,32767,32767,32767,32767,32767,32767,32767,32767,32767,32767,32767,32767,32767,32767,32767,32767,32767,32767,32767,32767,32767,32767,32767,32767,32767,32767,32767,32767,32767,32767,32767,32767,32767,32767,32767,32767,32767,32767,32767,32767,32767,32767,32767,32767,32767,32767,32767,32767,32767,32767,32767,32767,32767,32767,32767,32767,32767,32767,32767,32767,32767,32767,32767,32767,32767,32767,32767,32767,32767,32767,32767,32767,32767,32767,32767,32767,32767,32767,32767,32767,32767,32767,32767,32767,32767,32767,32767,32767,32767,32767,32767,32767,32767,32767,32767,32767,32767,32767,32767,32767,32767,32767,32767,32767,32767,32767,32767,32767,32767,32767,32767,32767,32767,32767,32767,32767,32767,32767,32767,32767,32767,32767,32767,32767,32767,32767,32767,32767
MYD17A2H.A2013329.h12v02.006.2015271160447.Psn_QC_500m,MYD17A2H,A2013329,Lat65.9255Lon-137.4220833Samp13Line13,2015271160447,Psn_QC_500m,255,255,255,255,255,255,255,255,255,255,255,255,255,255,255,255,255,255,255,255,255,255,255,255,255,255,255,255,255,255,255,255,255,255,255,255,255,255,255,255,255,255,255,255,255,255,255,255,255,255,255,255,255,255,255,255,255,255,255,255,255,255,255,255,255,255,255,255,255,255,255,255,255,255,255,255,255,255,255,255,255,255,255,255,255,255,255,255,255,255,255,255,255,255,255,255,255,255,255,255,255,255,255,255,255,255,255,255,255,255,255,255,255,255,255,255,255,255,255,255,255,255,255,255,255,255,255,255,255,255,255,255,255,255,255,255,255,255,255,255,255,255,255,255,255,255,255,255,255,255,255,255,255,255,255,255,255,255,255,255,255,255,255,255,255,255,255,255,255
MYD17A2H.A2013337.h12v02.006.2015271182655.Gpp_500m,MYD17A2H,A2013337,Lat65.9255Lon-137.4220833Samp13Line13,2015271182655,Gpp_500m,32767,32767,32767,32767,32767,32767,32767,32767,32767,32767,32767,32767,32767,32767,32767,32767,32767,32767,32767,32767,32767,32767,32767,32767,32767,32767,32767,32767,32767,32767,32767,32767,32767,32767,32767,32767,32767,32767,32767,32767,32767,32767,32767,32767,32767,32767,32767,32767,32767,32767,32767,32767,32767,32767,32767,32767,32767,32767,32767,32767,32767,32767,32767,32767,32767,32767,32767,32767,32767,32767,32767,32767,32767,32767,32767,32767,32767,32767,32767,32767,32767,32767,32767,32767,32767,32767,32767,32767,32767,32767,32767,32767,32767,32767,32767,32767,32767,32767,32767,32767,32767,32767,32767,32767,32767,32767,32767,32767,32767,32767,32767,32767,32767,32767,32767,32767,32767,32767,32767,32767,32767,32767,32767,32767,32767,32767,32767,32767,32767,32767,32767,32767,32767,32767,32767,32767,32767,32767,32767,32767,32767,32767,32767,32767,32767,32767,32767,32767,32767,32767,32767,32767,32767,32767,32767,32767,32767,32767,32767,32767,32767,32767,32767,32767,32767,32767,32767,32767,32767
MYD17A2H.A2013337.h12v02.006.2015271182655.PsnNet_500m,MYD17A2H,A2013337,Lat65.9255Lon-137.4220833Samp13Line13,2015271182655,PsnNet_500m,32767,32767,32767,32767,32767,32767,32767,32767,32767,32767,32767,32767,32767,32767,32767,32767,32767,32767,32767,32767,32767,32767,32767,32767,32767,32767,32767,32767,32767,32767,32767,32767,32767,32767,32767,32767,32767,32767,32767,32767,32767,32767,32767,32767,32767,32767,32767,32767,32767,32767,32767,32767,32767,32767,32767,32767,32767,32767,32767,32767,32767,32767,32767,32767,32767,32767,32767,32767,32767,32767,32767,32767,32767,32767,32767,32767,32767,32767,32767,32767,32767,32767,32767,32767,32767,32767,32767,32767,32767,32767,32767,32767,32767,32767,32767,32767,32767,32767,32767,32767,32767,32767,32767,32767,32767,32767,32767,32767,32767,32767,32767,32767,32767,32767,32767,32767,32767,32767,32767,32767,32767,32767,32767,32767,32767,32767,32767,32767,32767,32767,32767,32767,32767,32767,32767,32767,32767,32767,32767,32767,32767,32767,32767,32767,32767,32767,32767,32767,32767,32767,32767,32767,32767,32767,32767,32767,32767,32767,32767,32767,32767,32767,32767,32767,32767,32767,32767,32767,32767
MYD17A2H.A2013337.h12v02.006.2015271182655.Psn_QC_500m,MYD17A2H,A2013337,Lat65.9255Lon-137.4220833Samp13Line13,2015271182655,Psn_QC_500m,255,255,255,255,255,255,255,255,255,255,255,255,255,255,255,255,255,255,255,255,255,255,255,255,255,255,255,255,255,255,255,255,255,255,255,255,255,255,255,255,255,255,255,255,255,255,255,255,255,255,255,255,255,255,255,255,255,255,255,255,255,255,255,255,255,255,255,255,255,255,255,255,255,255,255,255,255,255,255,255,255,255,255,255,255,255,255,255,255,255,255,255,255,255,255,255,255,255,255,255,255,255,255,255,255,255,255,255,255,255,255,255,255,255,255,255,255,255,255,255,255,255,255,255,255,255,255,255,255,255,255,255,255,255,255,255,255,255,255,255,255,255,255,255,255,255,255,255,255,255,255,255,255,255,255,255,255,255,255,255,255,255,255,255,255,255,255,255,255
MYD17A2H.A2013345.h12v02.006.2015271193330.Gpp_500m,MYD17A2H,A2013345,Lat65.9255Lon-137.4220833Samp13Line13,2015271193330,Gpp_500m,32767,32767,32767,32767,32767,32767,32767,32767,32767,32767,32767,32767,32767,32767,32767,32767,32767,32767,32767,32767,32767,32767,32767,32767,32767,32767,32767,32767,32767,32767,32767,32767,32767,32767,32767,32767,32767,32767,32767,32767,32767,32767,32767,32767,32767,32767,32767,32767,32767,32767,32767,32767,32767,32767,32767,32767,32767,32767,32767,32767,32767,32767,32767,32767,32767,32767,32767,32767,32767,32767,32767,32767,32767,32767,32767,32767,32767,32767,32767,32767,32767,32767,32767,32767,32767,32767,32767,32767,32767,32767,32767,32767,32767,32767,32767,32767,32767,32767,32767,32767,32767,32767,32767,32767,32767,32767,32767,32767,32767,32767,32767,32767,32767,32767,32767,32767,32767,32767,32767,32767,32767,32767,32767,32767,32767,32767,32767,32767,32767,32767,32767,32767,32767,32767,32767,32767,32767,32767,32767,32767,32767,32767,32767,32767,32767,32767,32767,32767,32767,32767,32767,32767,32767,32767,32767,32767,32767,32767,32767,32767,32767,32767,32767,32767,32767,32767,32767,32767,32767
MYD17A2H.A2013345.h12v02.006.2015271193330.PsnNet_500m,MYD17A2H,A2013345,Lat65.9255Lon-137.4220833Samp13Line13,2015271193330,PsnNet_500m,32767,32767,32767,32767,32767,32767,32767,32767,32767,32767,32767,32767,32767,32767,32767,32767,32767,32767,32767,32767,32767,32767,32767,32767,32767,32767,32767,32767,32767,32767,32767,32767,32767,32767,32767,32767,32767,32767,32767,32767,32767,32767,32767,32767,32767,32767,32767,32767,32767,32767,32767,32767,32767,32767,32767,32767,32767,32767,32767,32767,32767,32767,32767,32767,32767,32767,32767,32767,32767,32767,32767,32767,32767,32767,32767,32767,32767,32767,32767,32767,32767,32767,32767,32767,32767,32767,32767,32767,32767,32767,32767,32767,32767,32767,32767,32767,32767,32767,32767,32767,32767,32767,32767,32767,32767,32767,32767,32767,32767,32767,32767,32767,32767,32767,32767,32767,32767,32767,32767,32767,32767,32767,32767,32767,32767,32767,32767,32767,32767,32767,32767,32767,32767,32767,32767,32767,32767,32767,32767,32767,32767,32767,32767,32767,32767,32767,32767,32767,32767,32767,32767,32767,32767,32767,32767,32767,32767,32767,32767,32767,32767,32767,32767,32767,32767,32767,32767,32767,32767
MYD17A2H.A2013345.h12v02.006.2015271193330.Psn_QC_500m,MYD17A2H,A2013345,Lat65.9255Lon-137.4220833Samp13Line13,2015271193330,Psn_QC_500m,255,255,255,255,255,255,255,255,255,255,255,255,255,255,255,255,255,255,255,255,255,255,255,255,255,255,255,255,255,255,255,255,255,255,255,255,255,255,255,255,255,255,255,255,255,255,255,255,255,255,255,255,255,255,255,255,255,255,255,255,255,255,255,255,255,255,255,255,255,255,255,255,255,255,255,255,255,255,255,255,255,255,255,255,255,255,255,255,255,255,255,255,255,255,255,255,255,255,255,255,255,255,255,255,255,255,255,255,255,255,255,255,255,255,255,255,255,255,255,255,255,255,255,255,255,255,255,255,255,255,255,255,255,255,255,255,255,255,255,255,255,255,255,255,255,255,255,255,255,255,255,255,255,255,255,255,255,255,255,255,255,255,255,255,255,255,255,255,255
MYD17A2H.A2013353.h12v02.006.2015271210351.Gpp_500m,MYD17A2H,A2013353,Lat65.9255Lon-137.4220833Samp13Line13,2015271210351,Gpp_500m,32767,32767,32767,32767,32767,32767,32767,32767,32767,32767,32767,32767,32767,32767,32767,32767,32767,32767,32767,32767,32767,32767,32767,32767,32767,32767,32767,32767,32767,32767,32767,32767,32767,32767,32767,32767,32767,32767,32767,32767,32767,32767,32767,32767,32767,32767,32767,32767,32767,32767,32767,32767,32767,32767,32767,32767,32767,32767,32767,32767,32767,32767,32767,32767,32767,32767,32767,32767,32767,32767,32767,32767,32767,32767,32767,32767,32767,32767,32767,32767,32767,32767,32767,32767,32767,32767,32767,32767,32767,32767,32767,32767,32767,32767,32767,32767,32767,32767,32767,32767,32767,32767,32767,32767,32767,32767,32767,32767,32767,32767,32767,32767,32767,32767,32767,32767,32767,32767,32767,32767,32767,32767,32767,32767,32767,32767,32767,32767,32767,32767,32767,32767,32767,32767,32767,32767,32767,32767,32767,32767,32767,32767,32767,32767,32767,32767,32767,32767,32767,32767,32767,32767,32767,32767,32767,32767,32767,32767,32767,32767,32767,32767,32767,32767,32767,32767,32767,32767,32767
MYD17A2H.A2013353.h12v02.006.2015271210351.PsnNet_500m,MYD17A2H,A2013353,Lat65.9255Lon-137.4220833Samp13Line13,2015271210351,PsnNet_500m,32767,32767,32767,32767,32767,32767,32767,32767,32767,32767,32767,32767,32767,32767,32767,32767,32767,32767,32767,32767,32767,32767,32767,32767,32767,32767,32767,32767,32767,32767,32767,32767,32767,32767,32767,32767,32767,32767,32767,32767,32767,32767,32767,32767,32767,32767,32767,32767,32767,32767,32767,32767,32767,32767,32767,32767,32767,32767,32767,32767,32767,32767,32767,32767,32767,32767,32767,32767,32767,32767,32767,32767,32767,32767,32767,32767,32767,32767,32767,32767,32767,32767,32767,32767,32767,32767,32767,32767,32767,32767,32767,32767,32767,32767,32767,32767,32767,32767,32767,32767,32767,32767,32767,32767,32767,32767,32767,32767,32767,32767,32767,32767,32767,32767,32767,32767,32767,32767,32767,32767,32767,32767,32767,32767,32767,32767,32767,32767,32767,32767,32767,32767,32767,32767,32767,32767,32767,32767,32767,32767,32767,32767,32767,32767,32767,32767,32767,32767,32767,32767,32767,32767,32767,32767,32767,32767,32767,32767,32767,32767,32767,32767,32767,32767,32767,32767,32767,32767,32767
MYD17A2H.A2013353.h12v02.006.2015271210351.Psn_QC_500m,MYD17A2H,A2013353,Lat65.9255Lon-137.4220833Samp13Line13,2015271210351,Psn_QC_500m,255,255,255,255,255,255,255,255,255,255,255,255,255,255,255,255,255,255,255,255,255,255,255,255,255,255,255,255,255,255,255,255,255,255,255,255,255,255,255,255,255,255,255,255,255,255,255,255,255,255,255,255,255,255,255,255,255,255,255,255,255,255,255,255,255,255,255,255,255,255,255,255,255,255,255,255,255,255,255,255,255,255,255,255,255,255,255,255,255,255,255,255,255,255,255,255,255,255,255,255,255,255,255,255,255,255,255,255,255,255,255,255,255,255,255,255,255,255,255,255,255,255,255,255,255,255,255,255,255,255,255,255,255,255,255,255,255,255,255,255,255,255,255,255,255,255,255,255,255,255,255,255,255,255,255,255,255,255,255,255,255,255,255,255,255,255,255,255,255
MYD17A2H.A2013361.h12v02.006.2015273070233.Gpp_500m,MYD17A2H,A2013361,Lat65.9255Lon-137.4220833Samp13Line13,2015273070233,Gpp_500m,32767,32767,32767,32767,32767,32767,32767,32767,32767,32767,32767,32767,32767,32767,32767,32767,32767,32767,32767,32767,32767,32767,32767,32767,32767,32767,32767,32767,32767,32767,32767,32767,32767,32767,32767,32767,32767,32767,32767,32767,32767,32767,32767,32767,32767,32767,32767,32767,32767,32767,32767,32767,32767,32767,32767,32767,32767,32767,32767,32767,32767,32767,32767,32767,32767,32767,32767,32767,32767,32767,32767,32767,32767,32767,32767,32767,32767,32767,32767,32767,32767,32767,32767,32767,32767,32767,32767,32767,32767,32767,32767,32767,32767,32767,32767,32767,32767,32767,32767,32767,32767,32767,32767,32767,32767,32767,32767,32767,32767,32767,32767,32767,32767,32767,32767,32767,32767,32767,32767,32767,32767,32767,32767,32767,32767,32767,32767,32767,32767,32767,32767,32767,32767,32767,32767,32767,32767,32767,32767,32767,32767,32767,32767,32767,32767,32767,32767,32767,32767,32767,32767,32767,32767,32767,32767,32767,32767,32767,32767,32767,32767,32767,32767,32767,32767,32767,32767,32767,32767
MYD17A2H.A2013361.h12v02.006.2015273070233.PsnNet_500m,MYD17A2H,A2013361,Lat65.9255Lon-137.4220833Samp13Line13,2015273070233,PsnNet_500m,32767,32767,32767,32767,32767,32767,32767,32767,32767,32767,32767,32767,32767,32767,32767,32767,32767,32767,32767,32767,32767,32767,32767,32767,32767,32767,32767,32767,32767,32767,32767,32767,32767,32767,32767,32767,32767,32767,32767,32767,32767,32767,32767,32767,32767,32767,32767,32767,32767,32767,32767,32767,32767,32767,32767,32767,32767,32767,32767,32767,32767,32767,32767,32767,32767,32767,32767,32767,32767,32767,32767,32767,32767,32767,32767,32767,32767,32767,32767,32767,32767,32767,32767,32767,32767,32767,32767,32767,32767,32767,32767,32767,32767,32767,32767,32767,32767,32767,32767,32767,32767,32767,32767,32767,32767,32767,32767,32767,32767,32767,32767,32767,32767,32767,32767,32767,32767,32767,32767,32767,32767,32767,32767,32767,32767,32767,32767,32767,32767,32767,32767,32767,32767,32767,32767,32767,32767,32767,32767,32767,32767,32767,32767,32767,32767,32767,32767,32767,32767,32767,32767,32767,32767,32767,32767,32767,32767,32767,32767,32767,32767,32767,32767,32767,32767,32767,32767,32767,32767
MYD17A2H.A2013361.h12v02.006.2015273070233.Psn_QC_500m,MYD17A2H,A2013361,Lat65.9255Lon-137.4220833Samp13Line13,2015273070233,Psn_QC_500m,255,255,255,255,255,255,255,255,255,255,255,255,255,255,255,255,255,255,255,255,255,255,255,255,255,255,255,255,255,255,255,255,255,255,255,255,255,255,255,255,255,255,255,255,255,255,255,255,255,255,255,255,255,255,255,255,255,255,255,255,255,255,255,255,255,255,255,255,255,255,255,255,255,255,255,255,255,255,255,255,255,255,255,255,255,255,255,255,255,255,255,255,255,255,255,255,255,255,255,255,255,255,255,255,255,255,255,255,255,255,255,255,255,255,255,255,255,255,255,255,255,255,255,255,255,255,255,255,255,255,255,255,255,255,255,255,255,255,255,255,255,255,255,255,255,255,255,255,255,255,255,255,255,255,255,255,255,255,255,255,255,255,255,255,255,255,255,255,255
MYD17A2H.A2014001.h12v02.006.2015273153713.Gpp_500m,MYD17A2H,A2014001,Lat65.9255Lon-137.4220833Samp13Line13,2015273153713,Gpp_500m,32767,32767,32767,32767,32767,32767,32767,32767,32767,32767,32767,32767,32767,32767,32767,32767,32767,32767,32767,32767,32767,32767,32767,32767,32767,32767,32767,32767,32767,32767,32767,32767,32767,32767,32767,32767,32767,32767,32767,32767,32767,32767,32767,32767,32767,32767,32767,32767,32767,32767,32767,32767,32767,32767,32767,32767,32767,32767,32767,32767,32767,32767,32767,32767,32767,32767,32767,32767,32767,32767,32767,32767,32767,32767,32767,32767,32767,32767,32767,32767,32767,32767,32767,32767,32767,32767,32767,32767,32767,32767,32767,32767,32767,32767,32767,32767,32767,32767,32767,32767,32767,32767,32767,32767,32767,32767,32767,32767,32767,32767,32767,32767,32767,32767,32767,32767,32767,32767,32767,32767,32767,32767,32767,32767,32767,32767,32767,32767,32767,32767,32767,32767,32767,32767,32767,32767,32767,32767,32767,32767,32767,32767,32767,32767,32767,32767,32767,32767,32767,32767,32767,32767,32767,32767,32767,32767,32767,32767,32767,32767,32767,32767,32767,32767,32767,32767,32767,32767,32767
MYD17A2H.A2014001.h12v02.006.2015273153713.PsnNet_500m,MYD17A2H,A2014001,Lat65.9255Lon-137.4220833Samp13Line13,2015273153713,PsnNet_500m,32767,32767,32767,32767,32767,32767,32767,32767,32767,32767,32767,32767,32767,32767,32767,32767,32767,32767,32767,32767,32767,32767,32767,32767,32767,32767,32767,32767,32767,32767,32767,32767,32767,32767,32767,32767,32767,32767,32767,32767,32767,32767,32767,32767,32767,32767,32767,32767,32767,32767,32767,32767,32767,32767,32767,32767,32767,32767,32767,32767,32767,32767,32767,32767,32767,32767,32767,32767,32767,32767,32767,32767,32767,32767,32767,32767,32767,32767,32767,32767,32767,32767,32767,32767,32767,32767,32767,32767,32767,32767,32767,32767,32767,32767,32767,32767,32767,32767,32767,32767,32767,32767,32767,32767,32767,32767,32767,32767,32767,32767,32767,32767,32767,32767,32767,32767,32767,32767,32767,32767,32767,32767,32767,32767,32767,32767,32767,32767,32767,32767,32767,32767,32767,32767,32767,32767,32767,32767,32767,32767,32767,32767,32767,32767,32767,32767,32767,32767,32767,32767,32767,32767,32767,32767,32767,32767,32767,32767,32767,32767,32767,32767,32767,32767,32767,32767,32767,32767,32767
MYD17A2H.A2014001.h12v02.006.2015273153713.Psn_QC_500m,MYD17A2H,A2014001,Lat65.9255Lon-137.4220833Samp13Line13,2015273153713,Psn_QC_500m,255,255,255,255,255,255,255,255,255,255,255,255,255,255,255,255,255,255,255,255,255,255,255,255,255,255,255,255,255,255,255,255,255,255,255,255,255,255,255,255,255,255,255,255,255,255,255,255,255,255,255,255,255,255,255,255,255,255,255,255,255,255,255,255,255,255,255,255,255,255,255,255,255,255,255,255,255,255,255,255,255,255,255,255,255,255,255,255,255,255,255,255,255,255,255,255,255,255,255,255,255,255,255,255,255,255,255,255,255,255,255,255,255,255,255,255,255,255,255,255,255,255,255,255,255,255,255,255,255,255,255,255,255,255,255,255,255,255,255,255,255,255,255,255,255,255,255,255,255,255,255,255,255,255,255,255,255,255,255,255,255,255,255,255,255,255,255,255,255
MYD17A2H.A2014009.h12v02.006.2015273160611.Gpp_500m,MYD17A2H,A2014009,Lat65.9255Lon-137.4220833Samp13Line13,2015273160611,Gpp_500m,32767,32767,32767,32767,32767,32767,32767,32767,32767,32767,32767,32767,32767,32767,32767,32767,32767,32767,32767,32767,32767,32767,32767,32767,32767,32767,32767,32767,32767,32767,32767,32767,32767,32767,32767,32767,32767,32767,32767,32767,32767,32767,32767,32767,32767,32767,32767,32767,32767,32767,32767,32767,32767,32767,32767,32767,32767,32767,32767,32767,32767,32767,32767,32767,32767,32767,32767,32767,32767,32767,32767,32767,32767,32767,32767,32767,32767,32767,32767,32767,32767,32767,32767,32767,32767,32767,32767,32767,32767,32767,32767,32767,32767,32767,32767,32767,32767,32767,32767,32767,32767,32767,32767,32767,32767,32767,32767,32767,32767,32767,32767,32767,32767,32767,32767,32767,32767,32767,32767,32767,32767,32767,32767,32767,32767,32767,32767,32767,32767,32767,32767,32767,32767,32767,32767,32767,32767,32767,32767,32767,32767,32767,32767,32767,32767,32767,32767,32767,32767,32767,32767,32767,32767,32767,32767,32767,32767,32767,32767,32767,32767,32767,32767,32767,32767,32767,32767,32767,32767
MYD17A2H.A2014009.h12v02.006.2015273160611.PsnNet_500m,MYD17A2H,A2014009,Lat65.9255Lon-137.4220833Samp13Line13,2015273160611,PsnNet_500m,32767,32767,32767,32767,32767,32767,32767,32767,32767,32767,32767,32767,32767,32767,32767,32767,32767,32767,32767,32767,32767,32767,32767,32767,32767,32767,32767,32767,32767,32767,32767,32767,32767,32767,32767,32767,32767,32767,32767,32767,32767,32767,32767,32767,32767,32767,32767,32767,32767,32767,32767,32767,32767,32767,32767,32767,32767,32767,32767,32767,32767,32767,32767,32767,32767,32767,32767,32767,32767,32767,32767,32767,32767,32767,32767,32767,32767,32767,32767,32767,32767,32767,32767,32767,32767,32767,32767,32767,32767,32767,32767,32767,32767,32767,32767,32767,32767,32767,32767,32767,32767,32767,32767,32767,32767,32767,32767,32767,32767,32767,32767,32767,32767,32767,32767,32767,32767,32767,32767,32767,32767,32767,32767,32767,32767,32767,32767,32767,32767,32767,32767,32767,32767,32767,32767,32767,32767,32767,32767,32767,32767,32767,32767,32767,32767,32767,32767,32767,32767,32767,32767,32767,32767,32767,32767,32767,32767,32767,32767,32767,32767,32767,32767,32767,32767,32767,32767,32767,32767
MYD17A2H.A2014009.h12v02.006.2015273160611.Psn_QC_500m,MYD17A2H,A2014009,Lat65.9255Lon-137.4220833Samp13Line13,2015273160611,Psn_QC_500m,255,255,255,255,255,255,255,255,255,255,255,255,255,255,255,255,255,255,255,255,255,255,255,255,255,255,255,255,255,255,255,255,255,255,255,255,255,255,255,255,255,255,255,255,255,255,255,255,255,255,255,255,255,255,255,255,255,255,255,255,255,255,255,255,255,255,255,255,255,255,255,255,255,255,255,255,255,255,255,255,255,255,255,255,255,255,255,255,255,255,255,255,255,255,255,255,255,255,255,255,255,255,255,255,255,255,255,255,255,255,255,255,255,255,255,255,255,255,255,255,255,255,255,255,255,255,255,255,255,255,255,255,255,255,255,255,255,255,255,255,255,255,255,255,255,255,255,255,255,255,255,255,255,255,255,255,255,255,255,255,255,255,255,255,255,255,255,255,255
MYD17A2H.A2014017.h12v02.006.2015273163328.Gpp_500m,MYD17A2H,A2014017,Lat65.9255Lon-137.4220833Samp13Line13,2015273163328,Gpp_500m,0,0,0,0,0,0,0,0,0,0,0,0,0,0,0,0,0,0,0,0,0,0,0,0,0,0,0,0,0,0,0,0,0,0,0,0,0,0,0,0,0,0,0,0,0,0,0,0,0,0,0,0,0,0,0,0,0,0,0,0,0,0,0,0,0,0,0,0,0,0,0,0,0,0,0,0,0,0,0,0,0,0,0,0,0,0,0,0,0,0,0,0,0,0,0,0,0,0,0,0,0,0,0,0,0,0,0,0,0,0,0,0,0,0,0,0,0,0,0,0,0,0,0,0,0,0,0,0,0,0,0,0,0,0,0,0,0,0,0,0,0,0,0,0,0,0,0,0,0,0,0,0,0,0,0,0,0,0,0,0,0,0,0,0,0,0,0,0,0
MYD17A2H.A2014017.h12v02.006.2015273163328.PsnNet_500m,MYD17A2H,A2014017,Lat65.9255Lon-137.4220833Samp13Line13,2015273163328,PsnNet_500m,0,0,0,0,0,0,0,0,0,0,0,0,0,0,0,0,0,0,0,0,0,0,0,0,0,0,0,0,0,0,0,0,0,0,0,0,0,0,0,0,0,0,0,0,0,0,0,0,0,0,0,0,0,0,0,0,0,0,0,0,0,0,0,0,0,0,0,0,0,0,0,0,0,0,0,0,0,0,0,0,0,0,0,0,0,0,0,0,0,0,0,0,0,0,0,0,0,0,0,0,0,0,0,0,0,0,0,0,0,0,0,0,0,0,0,0,0,0,0,0,0,0,0,0,0,0,0,0,0,0,0,0,0,0,0,0,0,0,0,0,0,0,0,0,0,0,0,0,0,0,0,0,0,0,0,0,0,0,0,0,0,0,0,0,0,0,0,0,0
MYD17A2H.A2014017.h12v02.006.2015273163328.Psn_QC_500m,MYD17A2H,A2014017,Lat65.9255Lon-137.4220833Samp13Line13,2015273163328,Psn_QC_500m,75,75,75,75,75,75,75,75,75,75,75,75,75,75,75,75,75,75,75,75,75,75,75,75,75,75,75,75,75,75,75,75,75,75,75,75,75,75,75,75,75,75,75,75,75,75,75,75,75,75,75,75,75,75,75,75,75,75,75,75,75,75,75,75,75,75,75,75,75,75,75,75,75,75,75,75,75,75,75,75,75,75,75,75,75,75,75,75,75,75,75,75,75,75,75,75,75,75,75,75,75,75,75,75,75,75,75,75,75,75,75,75,75,75,75,75,75,75,75,75,75,75,75,75,75,75,75,75,75,75,75,75,75,75,75,75,75,75,75,75,75,75,75,75,75,75,75,75,75,75,75,75,75,75,75,75,75,75,75,75,75,75,75,75,75,75,67,67,67
MYD17A2H.A2014025.h12v02.006.2015274061335.Gpp_500m,MYD17A2H,A2014025,Lat65.9255Lon-137.4220833Samp13Line13,2015274061335,Gpp_500m,0,0,0,0,0,0,0,0,0,0,0,0,0,0,0,0,0,0,0,0,0,0,0,0,0,0,0,0,0,0,0,0,0,0,0,0,0,0,0,0,0,0,0,0,0,0,0,0,0,0,0,0,0,0,0,0,0,0,0,0,0,0,0,0,0,0,0,0,0,0,0,0,0,0,0,0,0,0,0,0,0,0,0,0,0,0,0,0,0,0,0,0,0,0,0,0,0,0,0,0,0,0,0,0,0,0,0,0,0,0,0,0,0,0,0,0,0,0,0,0,0,0,0,0,0,0,0,0,0,0,0,0,0,0,0,0,0,0,0,0,0,0,0,0,0,0,0,0,0,0,0,0,0,0,0,0,0,0,0,0,0,0,0,0,0,0,0,0,0
MYD17A2H.A2014025.h12v02.006.2015274061335.PsnNet_500m,MYD17A2H,A2014025,Lat65.9255Lon-137.4220833Samp13Line13,2015274061335,PsnNet_500m,0,0,0,0,0,0,0,0,0,0,0,0,0,0,0,0,0,0,0,0,0,0,0,0,0,0,0,0,0,0,0,0,0,0,0,0,0,0,0,0,0,0,0,0,0,0,0,0,0,0,0,0,0,0,0,0,0,0,0,0,0,0,0,0,0,0,0,0,0,0,0,0,0,0,0,0,0,0,0,0,0,0,0,0,0,0,0,0,0,0,0,0,0,0,0,0,0,0,0,0,0,0,0,0,0,0,0,0,0,0,0,0,0,0,0,0,0,0,0,0,0,0,0,0,0,0,0,0,0,0,0,0,0,0,0,0,0,0,0,0,0,0,0,0,0,0,0,0,0,0,0,0,0,0,0,0,0,0,0,0,0,0,0,0,0,0,0,0,0
MYD17A2H.A2014025.h12v02.006.2015274061335.Psn_QC_500m,MYD17A2H,A2014025,Lat65.9255Lon-137.4220833Samp13Line13,2015274061335,Psn_QC_500m,67,67,67,67,75,75,75,75,75,75,67,83,67,75,67,67,67,75,75,75,67,67,67,75,75,67,67,67,67,67,67,67,75,75,75,75,75,67,75,67,67,75,75,75,75,75,75,67,75,75,75,75,75,75,75,75,75,75,75,75,75,75,67,67,67,75,75,75,75,75,75,75,75,75,67,75,75,75,75,75,75,67,75,67,67,67,75,75,75,75,75,75,75,75,75,67,75,83,75,75,75,67,67,75,75,75,83,75,75,75,75,75,75,75,75,75,75,75,75,75,75,75,75,75,75,75,75,75,75,75,75,75,75,75,67,67,75,75,75,75,75,75,75,75,75,67,67,67,67,75,75,75,67,67,67,67,75,75,75,75,75,75,67,67,67,75,75,75,75
MYD17A2H.A2014033.h12v02.006.2015275033143.Gpp_500m,MYD17A2H,A2014033,Lat65.9255Lon-137.4220833Samp13Line13,2015275033143,Gpp_500m,0,0,0,0,0,0,0,0,0,0,0,0,0,0,0,0,0,0,0,0,0,0,0,0,0,0,0,0,0,0,0,0,0,0,0,0,0,0,0,0,0,0,0,0,0,0,0,0,0,0,0,0,0,0,0,0,0,0,0,0,0,0,0,0,0,0,0,0,0,0,0,0,0,0,0,0,0,0,0,0,0,0,0,0,0,0,0,0,0,0,0,0,0,0,0,0,0,0,0,0,0,0,0,0,0,0,0,0,0,0,0,0,0,0,0,0,0,0,0,0,0,0,0,0,0,0,0,0,0,0,0,0,0,0,0,0,0,0,0,0,0,0,0,0,0,0,0,0,0,0,0,0,0,0,0,0,0,0,0,0,0,0,0,0,0,0,0,0,0
MYD17A2H.A2014033.h12v02.006.2015275033143.PsnNet_500m,MYD17A2H,A2014033,Lat65.9255Lon-137.4220833Samp13Line13,2015275033143,PsnNet_500m,0,0,0,0,0,0,0,0,0,0,0,0,0,0,0,0,0,0,0,0,0,0,0,0,0,0,0,0,0,0,0,0,0,0,0,0,0,0,0,0,0,0,0,0,0,0,0,0,0,0,0,0,0,0,0,0,0,0,0,0,0,0,0,0,0,0,0,0,0,0,0,0,0,0,0,0,0,0,0,0,0,0,0,0,0,0,0,0,0,0,0,0,0,0,0,0,0,0,0,0,0,0,0,0,0,0,0,0,0,0,0,0,0,0,0,0,0,0,0,0,0,0,0,0,0,0,0,0,0,0,0,0,0,0,0,0,0,0,0,0,0,0,0,0,0,0,0,0,0,0,0,0,0,0,0,0,0,0,0,0,0,0,0,0,0,0,0,0,0
MYD17A2H.A2014033.h12v02.006.2015275033143.Psn_QC_500m,MYD17A2H,A2014033,Lat65.9255Lon-137.4220833Samp13Line13,2015275033143,Psn_QC_500m,67,67,67,67,67,67,67,67,75,67,75,75,67,67,67,67,67,67,67,67,67,67,67,67,67,67,67,67,67,67,67,67,67,67,67,67,67,67,67,67,67,67,67,75,75,67,67,67,67,67,75,75,67,67,67,67,67,67,67,67,67,75,67,67,67,75,75,75,75,67,67,75,67,67,75,75,67,67,67,67,75,75,75,75,75,75,75,75,67,67,67,67,67,67,67,67,67,67,75,75,67,67,67,67,67,67,67,67,67,67,67,75,67,67,67,67,67,75,67,67,67,67,67,67,67,67,67,75,75,67,75,67,67,67,67,67,67,67,67,67,67,67,67,67,67,67,67,67,67,67,67,67,75,67,67,75,67,67,67,67,67,67,67,67,67,67,67,67,67
MYD17A2H.A2014041.h12v02.006.2015275040959.Gpp_500m,MYD17A2H,A2014041,Lat65.9255Lon-137.4220833Samp13Line13,2015275040959,Gpp_500m,0,0,0,0,0,0,0,0,0,0,0,0,0,0,0,0,0,0,0,0,0,0,0,0,0,0,0,0,0,0,0,0,0,0,0,0,0,0,0,0,0,0,0,0,0,0,0,0,0,0,0,0,0,0,0,0,0,0,0,0,0,0,0,0,0,0,0,0,0,0,0,0,0,0,0,0,0,0,0,0,0,0,0,0,0,0,0,0,0,0,0,0,0,0,0,0,0,0,0,0,0,0,0,0,0,0,0,0,0,0,0,0,0,0,0,0,0,0,0,0,0,0,0,0,0,0,0,0,0,0,0,0,0,0,0,0,0,0,0,0,0,0,0,0,0,0,0,0,0,0,0,0,0,0,0,0,0,0,0,0,0,0,0,0,0,0,0,0,0
MYD17A2H.A2014041.h12v02.006.2015275040959.PsnNet_500m,MYD17A2H,A2014041,Lat65.9255Lon-137.4220833Samp13Line13,2015275040959,PsnNet_500m,0,0,0,0,0,0,0,0,0,0,0,0,0,0,0,0,0,0,0,0,0,0,0,0,0,0,0,0,0,0,0,0,0,0,0,0,0,0,0,0,0,0,0,0,0,0,0,0,0,0,0,0,0,0,0,0,0,0,0,0,0,0,0,0,0,0,0,0,0,0,0,0,0,0,0,0,0,0,0,0,0,0,0,0,0,0,0,0,0,0,0,0,0,0,0,0,0,0,0,0,0,0,0,0,0,0,0,0,0,0,0,0,0,0,0,0,0,0,0,0,0,0,0,0,0,0,0,0,0,0,0,0,0,0,0,0,0,0,0,0,0,0,0,0,0,0,0,0,0,0,0,0,0,0,0,0,0,0,0,0,0,0,0,0,0,0,0,0,0
MYD17A2H.A2014041.h12v02.006.2015275040959.Psn_QC_500m,MYD17A2H,A2014041,Lat65.9255Lon-137.4220833Samp13Line13,2015275040959,Psn_QC_500m,67,67,67,67,67,67,75,75,75,67,67,75,67,67,67,67,67,67,67,67,67,67,67,67,67,67,67,67,67,67,67,67,67,67,67,67,67,67,67,67,67,67,67,75,67,67,67,67,67,67,67,67,67,67,67,75,75,67,67,67,67,67,67,67,67,67,67,67,67,67,67,67,67,67,75,67,67,67,67,67,67,67,67,67,67,67,67,75,67,67,67,67,67,67,67,67,67,67,75,75,67,67,67,67,67,67,67,67,67,67,67,67,67,67,67,67,67,67,67,67,67,67,67,67,67,67,67,75,75,67,67,67,67,67,67,67,67,67,67,67,67,75,67,67,67,67,67,67,67,67,67,67,67,75,75,67,67,67,67,67,67,67,67,67,67,67,67,67,67
MYD17A2H.A2014049.h12v02.006.2015275043753.Gpp_500m,MYD17A2H,A2014049,Lat65.9255Lon-137.4220833Samp13Line13,2015275043753,Gpp_500m,0,0,0,0,0,0,0,0,0,0,0,0,0,0,0,0,0,0,0,0,0,0,0,0,0,0,0,0,0,0,0,0,0,0,0,0,0,0,0,0,0,0,0,0,0,0,0,0,0,0,0,0,0,0,0,0,0,0,0,0,0,0,0,0,0,0,0,0,0,0,0,0,0,0,0,0,0,0,0,0,0,0,0,0,0,0,0,0,0,0,0,0,0,0,0,0,0,0,0,0,0,0,0,0,0,0,0,0,0,0,0,0,0,0,0,0,0,0,0,0,0,0,0,0,0,0,0,0,0,0,0,0,0,0,0,0,0,0,0,0,0,0,0,0,0,0,0,0,0,0,0,0,0,0,0,0,0,0,0,0,0,0,0,0,0,0,0,0,0
MYD17A2H.A2014049.h12v02.006.2015275043753.PsnNet_500m,MYD17A2H,A2014049,Lat65.9255Lon-137.4220833Samp13Line13,2015275043753,PsnNet_500m,0,0,0,0,0,0,0,0,0,0,0,0,0,0,0,0,0,0,0,0,0,0,0,0,0,0,0,0,0,0,0,0,0,0,0,0,0,0,0,0,0,0,0,0,0,0,0,0,0,0,0,0,0,0,0,0,0,0,0,0,0,0,0,0,0,0,0,0,0,0,0,0,0,0,0,0,0,0,0,0,0,0,0,0,0,0,0,0,0,0,0,0,0,0,0,0,0,0,0,0,0,0,0,0,0,0,0,0,0,0,0,0,0,0,0,0,0,0,0,0,0,0,0,0,0,0,0,0,0,0,0,0,0,0,0,0,0,0,0,0,0,0,0,0,0,0,0,0,0,0,0,0,0,0,0,0,0,0,0,0,0,0,0,0,0,0,0,0,0
MYD17A2H.A2014049.h12v02.006.2015275043753.Psn_QC_500m,MYD17A2H,A2014049,Lat65.9255Lon-137.4220833Samp13Line13,2015275043753,Psn_QC_500m,67,67,67,67,67,67,67,67,67,67,67,67,67,67,67,67,67,67,67,67,67,67,67,67,67,67,67,67,67,67,67,67,67,67,67,67,67,67,67,67,67,67,67,67,67,67,67,67,67,67,67,67,67,67,67,67,67,67,67,67,67,67,67,67,67,67,67,67,67,67,67,67,67,67,67,67,67,67,67,67,67,67,67,67,67,67,67,67,67,67,67,67,67,67,67,67,67,67,67,67,67,67,67,67,67,67,67,67,67,67,67,67,67,67,67,67,67,67,67,67,67,67,67,67,67,67,67,67,67,67,67,67,67,67,67,67,67,67,67,67,67,67,67,67,67,67,67,67,67,67,67,67,67,67,67,67,67,67,67,67,67,67,67,67,67,67,67,67,67
MYD17A2H.A2014057.h12v02.006.2015275050048.Gpp_500m,MYD17A2H,A2014057,Lat65.9255Lon-137.4220833Samp13Line13,2015275050048,Gpp_500m,0,0,0,0,0,0,0,0,0,0,0,0,0,0,0,0,0,0,0,0,0,0,0,0,0,0,0,0,0,0,0,0,0,0,0,0,0,0,0,0,0,0,0,0,0,0,0,0,0,0,0,0,0,0,0,0,0,0,0,0,0,0,0,0,0,0,0,0,0,0,0,0,0,0,0,0,0,0,0,0,0,0,0,0,0,0,0,0,0,0,0,0,0,0,0,0,0,0,0,0,0,0,0,0,0,0,0,0,0,0,0,0,0,0,0,0,0,0,0,0,0,0,0,0,0,0,0,0,0,0,0,0,0,0,0,0,0,0,0,0,0,0,0,0,0,0,0,0,0,0,0,0,0,0,0,0,0,0,0,0,0,0,0,0,0,0,0,0,0
MYD17A2H.A2014057.h12v02.006.2015275050048.PsnNet_500m,MYD17A2H,A2014057,Lat65.9255Lon-137.4220833Samp13Line13,2015275050048,PsnNet_500m,0,0,0,0,0,0,0,0,0,0,0,0,0,0,0,0,0,0,0,0,0,0,0,0,0,0,0,0,0,0,0,0,0,0,0,0,0,0,0,0,0,0,0,0,0,0,0,0,0,0,0,0,0,0,0,0,0,0,0,0,0,0,0,0,0,0,0,0,0,0,0,0,0,0,0,0,0,0,0,0,0,0,0,0,0,0,0,0,0,0,0,0,0,0,0,0,0,0,0,0,0,0,0,0,0,0,0,0,0,0,0,0,0,0,0,0,0,0,0,0,0,0,0,0,0,0,0,0,0,0,0,0,0,0,0,0,0,0,0,0,0,0,0,0,0,0,0,0,0,0,0,0,0,0,0,0,0,0,0,0,0,0,0,0,0,0,0,0,0
MYD17A2H.A2014057.h12v02.006.2015275050048.Psn_QC_500m,MYD17A2H,A2014057,Lat65.9255Lon-137.4220833Samp13Line13,2015275050048,Psn_QC_500m,67,67,67,67,67,67,75,67,67,67,67,67,67,75,75,67,67,67,67,67,67,67,67,67,67,67,75,67,67,67,67,67,67,67,67,67,67,67,75,67,67,67,67,67,67,67,67,67,67,67,67,67,67,67,67,67,67,67,67,67,67,67,67,67,67,67,67,75,67,67,67,67,67,67,67,67,67,75,67,67,67,67,67,67,67,67,67,67,67,67,67,67,67,67,67,67,67,67,67,67,67,67,67,67,67,67,67,67,67,67,67,67,67,67,67,67,67,75,67,67,67,67,67,67,67,67,67,67,67,67,67,67,67,67,67,67,67,67,67,67,67,67,67,67,67,67,67,67,67,67,67,67,67,67,67,67,67,67,67,67,67,67,67,67,67,67,67,67,67
MYD17A2H.A2014065.h12v02.006.2015278163014.Gpp_500m,MYD17A2H,A2014065,Lat65.9255Lon-137.4220833Samp13Line13,2015278163014,Gpp_500m,0,0,0,0,0,0,0,0,0,0,0,0,0,0,0,0,0,0,0,0,0,0,0,0,0,0,0,0,0,0,0,0,0,0,0,0,0,0,0,0,0,0,0,0,0,0,0,0,0,0,0,0,0,0,0,0,0,0,0,0,0,0,0,0,0,0,0,0,0,0,0,0,0,0,0,0,0,0,0,0,0,0,0,0,0,0,0,0,0,0,0,0,0,0,0,0,0,0,0,0,0,0,0,0,0,0,0,0,0,0,0,0,0,0,0,0,0,0,0,0,0,0,0,0,0,0,0,0,0,0,0,0,0,0,0,0,0,0,0,0,0,0,0,0,0,0,0,0,0,0,0,0,0,0,0,0,0,0,0,0,0,0,0,0,0,0,0,0,0
MYD17A2H.A2014065.h12v02.006.2015278163014.PsnNet_500m,MYD17A2H,A2014065,Lat65.9255Lon-137.4220833Samp13Line13,2015278163014,PsnNet_500m,0,0,0,0,0,0,0,0,0,0,0,0,0,0,0,0,0,0,0,0,0,0,0,0,0,0,0,0,0,0,0,0,0,0,0,0,0,0,0,0,0,0,0,0,0,0,0,0,0,0,0,0,0,0,0,0,0,0,0,0,0,0,0,0,0,0,0,0,0,0,0,0,0,0,0,0,0,0,0,0,0,0,0,0,0,0,0,0,0,0,0,0,0,0,0,0,0,0,0,0,0,0,0,0,0,0,0,0,0,0,0,0,0,0,0,0,0,0,0,0,0,0,0,0,0,0,0,0,0,0,0,0,0,0,0,0,0,0,0,0,0,0,0,0,0,0,0,0,0,0,0,0,0,0,0,0,0,0,0,0,0,0,0,0,0,0,0,0,0
MYD17A2H.A2014065.h12v02.006.2015278163014.Psn_QC_500m,MYD17A2H,A2014065,Lat65.9255Lon-137.4220833Samp13Line13,2015278163014,Psn_QC_500m,2,2,2,10,10,2,10,10,10,10,10,10,2,67,2,2,2,10,10,10,2,10,10,2,2,2,10,10,2,10,2,2,2,10,10,2,2,10,10,2,2,2,2,2,2,10,2,2,10,2,2,10,2,2,2,2,10,10,10,10,10,10,10,10,2,2,10,10,10,10,2,2,2,2,10,2,2,2,2,2,2,2,2,2,2,2,2,2,2,67,10,67,67,67,67,67,67,2,2,2,10,2,2,2,67,67,75,75,67,2,2,10,10,2,75,2,2,75,67,67,10,10,10,10,2,2,10,10,10,10,2,2,67,67,10,10,2,10,10,10,10,10,10,67,67,67,67,67,67,67,10,10,10,2,2,10,67,75,67,67,67,67,67,2,67,2,10,2,2
MYD17A2H.A2014073.h12v02.006.2015279014929.Gpp_500m,MYD17A2H,A2014073,Lat65.9255Lon-137.4220833Samp13Line13,2015279014929,Gpp_500m,0,0,0,0,0,0,0,0,0,0,0,0,0,0,0,0,0,0,0,0,0,0,0,0,0,0,0,0,0,0,0,0,0,0,0,0,0,0,0,0,0,0,0,0,0,0,0,0,0,0,0,0,0,0,0,0,0,0,0,0,0,0,0,0,0,0,0,0,0,0,0,0,0,0,0,0,0,0,0,0,0,0,0,0,0,0,0,0,0,0,0,0,0,0,0,0,0,0,0,0,0,0,0,0,0,0,0,0,0,0,0,0,0,0,0,0,0,0,0,0,0,0,0,0,0,0,0,0,0,0,0,0,0,0,0,0,0,0,0,0,0,0,0,0,0,0,0,0,0,0,0,0,0,0,0,0,0,0,0,0,0,0,0,0,0,0,0,0,0
MYD17A2H.A2014073.h12v02.006.2015279014929.PsnNet_500m,MYD17A2H,A2014073,Lat65.9255Lon-137.4220833Samp13Line13,2015279014929,PsnNet_500m,0,0,0,0,0,0,0,0,0,0,0,0,0,0,0,0,0,0,0,0,0,0,0,0,0,0,0,0,0,0,0,0,0,0,0,0,0,0,0,0,0,0,0,0,0,0,0,0,0,0,0,0,0,0,0,0,0,0,0,0,0,0,0,0,0,0,0,0,0,0,0,0,0,0,0,0,0,0,0,0,0,0,0,0,0,0,0,0,0,0,0,0,0,0,0,0,0,0,0,0,0,0,0,0,0,0,0,0,0,0,0,0,0,0,0,0,0,0,0,0,0,0,0,0,0,0,0,0,0,0,0,0,0,0,0,0,0,0,0,0,0,0,0,0,0,0,0,0,0,0,0,0,0,0,0,0,0,0,0,0,0,0,0,0,0,0,0,0,0
MYD17A2H.A2014073.h12v02.006.2015279014929.Psn_QC_500m,MYD17A2H,A2014073,Lat65.9255Lon-137.4220833Samp13Line13,2015279014929,Psn_QC_500m,10,10,2,2,2,10,10,2,2,2,10,2,2,2,2,2,10,2,10,2,2,2,2,2,2,2,2,2,10,10,10,2,2,2,2,2,10,2,10,2,10,2,2,10,10,2,2,2,10,2,2,2,99,10,2,10,2,2,2,10,2,2,2,2,2,2,2,2,2,2,10,2,2,2,2,2,2,2,10,2,2,2,2,2,2,2,2,2,2,2,10,2,2,99,107,99,107,2,2,10,10,10,2,2,99,99,99,99,10,10,2,2,10,10,2,2,2,99,99,99,10,10,2,2,2,10,10,2,2,2,2,2,10,99,2,2,2,2,2,99,2,2,2,99,99,99,99,107,99,107,99,2,10,10,10,10,99,99,107,99,99,99,99,99,99,2,10,2,2
MYD17A2H.A2014081.h12v02.006.2015279053302.Gpp_500m,MYD17A2H,A2014081,Lat65.9255Lon-137.4220833Samp13Line13,2015279053302,Gpp_500m,0,0,0,0,0,0,0,0,0,0,0,0,0,0,0,0,0,0,0,0,0,0,0,0,0,0,0,0,0,0,0,0,0,0,0,0,0,0,0,0,0,0,0,0,0,0,0,0,0,0,0,0,0,0,0,0,0,0,0,0,0,0,0,0,0,0,0,0,0,0,0,0,0,0,0,0,0,0,0,0,0,0,0,0,0,0,0,0,0,0,0,0,0,0,0,0,0,0,0,0,0,0,0,0,0,0,0,0,0,0,0,0,0,0,0,0,0,0,0,0,0,0,0,0,0,0,0,0,0,0,0,0,0,0,0,0,0,0,0,0,0,0,0,0,0,0,0,0,0,0,0,0,0,0,0,0,0,0,0,0,0,0,0,0,0,0,0,0,0
MYD17A2H.A2014081.h12v02.006.2015279053302.PsnNet_500m,MYD17A2H,A2014081,Lat65.9255Lon-137.4220833Samp13Line13,2015279053302,PsnNet_500m,0,0,0,0,0,0,0,0,0,0,0,0,0,0,0,0,0,0,0,0,0,0,0,0,0,0,0,0,0,0,0,0,0,0,0,0,0,0,0,0,0,0,0,0,0,0,0,0,0,0,0,0,0,0,0,0,0,0,0,0,0,0,0,0,0,0,0,0,0,0,0,0,0,0,0,0,0,0,0,0,0,0,0,0,0,0,0,0,0,0,0,0,0,0,0,0,0,0,0,0,0,0,0,0,0,0,0,0,0,0,0,0,0,0,0,0,0,0,0,0,0,0,0,0,0,0,0,0,0,0,0,0,0,0,0,0,0,0,0,0,0,0,0,0,0,0,0,0,0,0,0,0,0,0,0,0,0,0,0,0,0,0,0,0,0,0,0,0,0
MYD17A2H.A2014081.h12v02.006.2015279053302.Psn_QC_500m,MYD17A2H,A2014081,Lat65.9255Lon-137.4220833Samp13Line13,2015279053302,Psn_QC_500m,99,99,2,2,2,2,2,2,2,2,2,99,99,99,2,10,2,2,2,10,2,2,2,2,2,10,2,2,2,2,10,2,2,2,2,2,10,10,2,2,2,2,2,2,2,2,2,2,2,2,2,2,99,2,2,2,2,2,2,2,2,2,2,2,2,2,2,2,2,2,2,2,2,99,2,2,2,2,2,2,2,2,2,2,99,2,2,2,2,2,2,99,99,99,99,99,2,2,2,2,2,2,2,2,99,99,99,99,99,99,2,2,2,2,99,2,2,99,99,99,99,99,2,99,2,2,2,2,2,2,2,2,99,99,99,2,2,2,2,2,2,2,2,99,99,99,99,99,99,99,99,99,2,2,2,2,99,99,99,99,99,99,99,99,99,99,2,2,2
MYD17A2H.A2014089.h12v02.006.2015279084504.Gpp_500m,MYD17A2H,A2014089,Lat65.9255Lon-137.4220833Samp13Line13,2015279084504,Gpp_500m,0,0,0,0,0,0,0,0,0,0,0,0,0,0,0,0,0,0,0,0,0,0,0,0,0,0,0,0,0,0,0,0,0,0,0,0,0,0,0,0,0,0,0,0,0,0,0,0,0,0,0,0,0,0,0,0,0,0,0,0,0,0,0,0,0,0,0,0,0,0,0,0,0,0,0,0,0,0,0,0,0,0,0,0,0,0,0,0,0,0,0,0,0,0,0,0,0,0,0,0,0,0,0,0,0,0,0,0,0,0,0,0,0,0,0,0,0,0,0,0,0,0,0,0,0,0,0,0,0,0,0,0,0,0,0,0,0,0,0,0,0,0,0,0,0,0,0,0,0,0,0,0,0,0,0,0,0,0,0,0,0,0,0,0,0,0,0,0,0
MYD17A2H.A2014089.h12v02.006.2015279084504.PsnNet_500m,MYD17A2H,A2014089,Lat65.9255Lon-137.4220833Samp13Line13,2015279084504,PsnNet_500m,0,0,0,0,0,0,0,0,0,0,0,0,0,0,0,0,0,0,0,0,0,0,0,0,0,0,0,0,0,0,0,0,0,0,0,0,0,0,0,0,0,0,0,0,0,0,0,0,0,0,0,0,0,0,0,0,0,0,0,0,0,0,0,0,0,0,0,0,0,0,0,0,0,0,0,0,0,0,0,0,0,0,0,0,0,0,0,0,0,0,0,0,0,0,0,0,0,0,0,0,0,0,0,0,0,0,0,0,0,0,0,0,0,0,0,0,0,0,0,0,0,0,0,0,0,0,0,0,0,0,0,0,0,0,0,0,0,0,0,0,0,0,0,0,0,0,0,0,0,0,0,0,0,0,0,0,0,0,0,0,0,0,0,0,0,0,0,0,0
MYD17A2H.A2014089.h12v02.006.2015279084504.Psn_QC_500m,MYD17A2H,A2014089,Lat65.9255Lon-137.4220833Samp13Line13,2015279084504,Psn_QC_500m,99,99,2,2,2,2,2,2,2,2,2,99,2,99,2,2,10,2,2,2,2,2,2,2,2,2,2,2,2,2,2,2,2,2,2,99,2,2,2,2,2,2,2,2,2,2,2,2,2,99,99,2,2,2,2,2,2,2,2,2,2,2,2,2,2,2,2,2,2,2,2,2,99,99,2,2,2,10,2,2,2,99,99,99,2,2,2,2,2,99,99,99,99,99,99,99,99,99,2,2,2,2,2,99,99,99,99,99,99,99,2,2,2,2,2,2,99,99,107,2,2,99,99,99,99,2,2,2,2,99,99,99,99,99,99,99,99,99,99,99,99,99,99,99,99,99,99,99,99,99,107,2,2,2,2,2,99,99,99,99,99,99,99,99,99,99,2,2,2
MYD17A2H.A2014097.h12v02.006.2015279114926.Gpp_500m,MYD17A2H,A2014097,Lat65.9255Lon-137.4220833Samp13Line13,2015279114926,Gpp_500m,1,3,1,1,1,1,1,3,3,3,3,1,1,1,1,3,3,3,3,3,3,1,1,1,1,1,4,4,4,4,3,3,3,3,1,1,1,3,3,4,3,3,3,1,1,1,1,1,1,1,1,1,1,1,1,3,1,1,1,1,1,1,1,1,1,1,1,1,1,1,1,1,1,1,1,1,1,1,1,1,1,1,1,1,1,1,1,1,1,1,1,1,1,1,1,0,1,1,1,1,1,1,1,1,1,0,0,0,0,1,1,1,1,1,1,1,1,0,0,1,1,1,1,1,1,1,1,1,1,1,1,1,1,1,1,1,1,1,1,1,1,1,1,1,1,1,1,1,1,1,1,1,1,1,1,1,1,1,1,1,1,1,1,1,1,1,1,1,1
MYD17A2H.A2014097.h12v02.006.2015279114926.PsnNet_500m,MYD17A2H,A2014097,Lat65.9255Lon-137.4220833Samp13Line13,2015279114926,PsnNet_500m,1,2,1,1,1,1,1,2,3,3,3,1,1,1,1,3,3,3,3,3,3,1,1,1,1,1,4,3,3,3,3,3,3,3,1,1,1,2,2,4,3,3,3,1,1,1,1,1,1,1,1,1,1,1,1,2,1,1,1,1,0,0,1,1,1,1,1,1,1,1,1,0,1,0,1,1,1,1,1,1,0,1,1,1,1,1,1,1,0,1,1,0,1,1,0,0,0,0,1,1,1,1,1,1,0,0,0,0,0,1,1,1,0,0,1,1,1,0,0,0,0,0,0,1,1,1,1,1,1,1,0,1,1,1,1,1,1,1,1,1,1,0,0,1,1,0,0,1,1,1,0,1,1,1,1,1,0,0,1,1,1,1,1,1,0,1,1,1,1
MYD17A2H.A2014097.h12v02.006.2015279114926.Psn_QC_500m,MYD17A2H,A2014097,Lat65.9255Lon-137.4220833Samp13Line13,2015279114926,Psn_QC_500m,2,2,10,10,10,10,10,2,10,10,10,99,99,99,99,2,2,2,10,10,10,99,99,99,2,2,10,10,10,10,10,2,2,2,2,2,2,2,2,10,2,10,10,2,2,10,2,2,2,2,2,2,99,2,10,2,2,2,2,99,99,99,99,99,10,2,2,10,99,99,99,99,2,99,10,10,10,10,99,2,99,2,2,2,2,10,10,2,99,18,10,99,2,2,99,107,99,99,2,18,2,2,10,2,99,99,107,99,99,10,18,2,99,99,99,2,2,99,99,99,99,99,99,2,2,2,99,99,99,99,99,99,2,2,2,99,99,99,99,99,99,99,99,99,99,99,99,99,99,99,99,99,2,2,2,2,99,99,99,99,2,2,99,99,99,2,2,2,2
MYD17A2H.A2014105.h12v02.006.2015279163601.Gpp_500m,MYD17A2H,A2014105,Lat65.9255Lon-137.4220833Samp13Line13,2015279163601,Gpp_500m,3,3,5,5,3,1,5,5,5,5,3,1,1,3,3,3,7,5,5,5,5,3,3,3,0,3,8,7,5,5,5,5,5,5,3,1,3,3,3,7,5,5,3,3,3,3,1,3,3,3,3,3,3,3,3,3,3,3,3,3,3,3,0,0,3,3,3,3,3,0,0,3,0,0,3,3,3,3,3,3,3,3,3,0,0,3,3,3,3,3,3,0,0,0,0,0,0,0,3,3,3,3,3,3,0,0,0,0,0,0,0,3,3,3,0,0,3,0,0,0,0,0,0,3,0,0,0,3,0,3,3,0,0,0,0,0,0,0,0,1,3,3,0,0,0,0,0,1,0,0,1,3,3,3,3,3,1,0,1,1,1,1,1,1,1,0,3,3,3
MYD17A2H.A2014105.h12v02.006.2015279163601.PsnNet_500m,MYD17A2H,A2014105,Lat65.9255Lon-137.4220833Samp13Line13,2015279163601,PsnNet_500m,2,2,4,4,2,1,4,4,4,4,2,1,1,2,2,2,6,4,4,4,4,2,2,2,0,2,7,6,4,4,4,4,4,4,2,1,2,2,2,6,4,4,2,2,2,2,1,2,2,2,2,2,2,2,2,2,2,2,2,2,2,2,0,0,2,2,2,2,2,0,0,2,0,0,2,2,2,2,2,2,2,2,2,0,0,2,2,2,2,2,2,0,0,0,0,0,0,0,2,2,2,2,2,1,0,0,0,0,0,0,0,2,2,2,0,0,1,0,0,0,0,0,0,2,0,0,0,1,0,1,2,0,0,0,0,0,0,0,0,1,1,1,0,0,0,0,0,1,0,0,1,1,1,1,1,1,1,0,1,1,1,1,1,1,1,0,1,1,1
MYD17A2H.A2014105.h12v02.006.2015279163601.Psn_QC_500m,MYD17A2H,A2014105,Lat65.9255Lon-137.4220833Samp13Line13,2015279163601,Psn_QC_500m,10,2,2,2,2,99,2,2,2,2,2,107,99,2,2,2,2,2,2,10,2,2,10,10,75,2,2,10,2,2,2,2,2,2,2,99,2,2,2,2,2,2,2,2,2,2,99,2,2,2,2,2,2,10,2,2,2,2,2,2,2,2,75,75,10,2,2,2,2,75,75,2,75,75,2,2,2,10,2,2,2,2,2,75,75,2,2,2,2,2,2,75,75,75,75,75,75,75,2,2,2,2,10,10,107,107,75,75,75,75,75,2,2,10,75,75,10,75,75,75,75,75,75,2,75,75,75,2,75,2,2,75,75,107,75,75,75,75,75,99,2,2,99,99,99,75,75,99,75,75,107,2,2,2,2,2,107,99,107,99,99,107,107,107,107,107,2,2,2
MYD17A2H.A2014113.h12v02.006.2015279210741.Gpp_500m,MYD17A2H,A2014113,Lat65.9255Lon-137.4220833Samp13Line13,2015279210741,Gpp_500m,17,17,17,14,13,13,17,18,18,21,13,11,10,21,21,17,20,17,20,23,23,17,17,10,10,10,34,27,27,20,20,20,20,21,10,10,10,10,10,28,21,16,16,17,17,10,10,10,10,10,10,10,11,11,11,11,10,10,10,10,10,10,10,10,10,11,11,10,10,10,10,10,10,10,10,10,10,10,10,10,10,10,10,10,10,10,10,10,10,10,10,10,10,10,10,10,10,10,10,10,10,10,10,10,10,10,0,2,10,10,10,10,10,10,10,10,10,0,0,7,10,10,10,10,10,10,10,10,10,10,10,10,10,10,10,5,10,10,10,10,10,10,10,10,10,10,10,10,10,10,10,7,10,10,10,10,10,10,10,10,10,10,10,10,10,10,10,10,10
MYD17A2H.A2014113.h12v02.006.2015279210741.PsnNet_500m,MYD17A2H,A2014113,Lat65.9255Lon-137.4220833Samp13Line13,2015279210741,PsnNet_500m,16,16,17,13,12,12,16,17,17,19,12,9,9,20,20,17,18,17,18,21,21,17,17,9,9,8,32,24,24,18,18,18,18,19,9,9,8,8,8,25,19,14,14,17,17,9,9,8,8,8,8,8,9,9,9,9,9,9,8,8,8,8,8,8,8,9,9,9,9,8,8,8,8,8,8,8,8,8,9,9,8,8,8,8,8,8,8,8,8,8,8,8,8,8,8,8,8,8,8,8,8,8,8,8,8,8,0,2,8,8,8,8,8,8,8,8,8,0,0,7,8,8,8,8,8,8,8,8,8,8,8,8,8,8,8,5,8,8,8,8,8,8,8,8,8,8,8,8,8,8,8,7,8,8,7,7,8,8,8,8,8,8,8,8,8,7,7,7,7
MYD17A2H.A2014113.h12v02.006.2015279210741.Psn_QC_500m,MYD17A2H,A2014113,Lat65.9255Lon-137.4220833Samp13Line13,2015279210741,Psn_QC_500m,10,10,2,2,2,2,2,2,2,2,2,10,2,2,2,2,2,2,2,10,10,2,2,10,2,2,10,10,10,2,10,2,2,2,2,10,10,10,2,2,2,2,2,2,2,2,10,10,2,10,10,2,2,10,2,2,2,10,10,10,10,10,10,10,2,2,2,2,2,10,10,2,10,10,10,2,2,10,2,10,10,10,10,10,10,2,2,2,2,18,2,10,2,2,2,2,10,2,2,18,2,2,2,10,10,10,99,99,2,2,2,2,2,2,2,10,10,99,107,2,2,2,2,2,2,10,10,10,10,10,2,2,2,2,2,99,10,2,10,10,10,10,2,2,2,2,2,2,10,10,10,10,2,10,10,2,2,2,2,2,10,10,2,2,2,10,2,10,2
MYD17A2H.A2014121.h12v02.006.2015280013304.Gpp_500m,MYD17A2H,A2014121,Lat65.9255Lon-137.4220833Samp13Line13,2015280013304,Gpp_500m,138,143,138,184,187,187,143,122,119,119,119,127,124,143,138,173,173,135,119,119,122,131,127,88,72,119,179,158,138,135,135,135,134,122,127,127,127,119,119,138,135,135,119,111,111,124,124,119,119,119,119,72,131,131,132,111,118,118,124,124,67,72,65,119,124,111,111,118,118,65,124,72,72,72,64,49,64,64,155,155,60,56,72,60,60,45,45,45,45,89,67,124,124,67,67,45,56,67,45,52,52,102,64,124,102,60,60,49,67,37,49,49,49,49,126,126,121,34,22,37,60,49,49,121,121,121,121,115,115,123,57,57,45,57,49,49,43,49,123,123,121,121,121,64,45,45,45,59,72,147,123,121,121,46,52,46,57,67,126,72,67,133,133,123,121,121,37,37,41
MYD17A2H.A2014121.h12v02.006.2015280013304.PsnNet_500m,MYD17A2H,A2014121,Lat65.9255Lon-137.4220833Samp13Line13,2015280013304,PsnNet_500m,124,129,124,163,168,168,129,113,109,109,109,116,111,129,123,157,157,122,109,109,111,117,116,79,66,110,161,143,124,122,122,122,122,111,114,114,114,110,110,124,122,122,109,101,101,111,111,110,110,110,110,66,118,118,119,100,107,107,111,111,63,66,59,110,111,101,100,107,107,59,111,66,66,66,59,45,59,59,139,139,55,52,66,55,55,43,43,43,43,81,63,111,111,63,63,43,52,63,43,47,48,92,59,112,92,55,55,45,61,36,45,45,45,45,115,115,110,31,21,36,55,45,45,110,110,110,110,105,105,112,52,52,43,52,45,45,37,45,112,112,110,110,110,59,43,43,43,55,66,132,112,110,110,43,48,43,52,63,115,66,64,119,119,112,110,110,36,36,37
MYD17A2H.A2014121.h12v02.006.2015280013304.Psn_QC_500m,MYD17A2H,A2014121,Lat65.9255Lon-137.4220833Samp13Line13,2015280013304,Psn_QC_500m,2,2,2,2,2,2,2,2,2,2,2,2,2,2,2,2,2,2,18,2,2,2,2,2,2,2,2,2,2,2,2,2,2,2,2,2,2,2,2,2,2,2,2,2,2,2,2,2,2,2,2,2,2,2,2,2,2,2,2,2,10,2,10,2,2,2,2,2,2,10,2,2,2,2,10,10,10,10,10,10,10,10,2,10,10,10,10,10,10,10,10,2,2,10,10,2,10,10,10,10,10,2,2,2,2,2,2,2,10,2,2,2,2,2,18,2,2,2,10,10,10,2,2,18,18,18,18,2,2,2,10,10,10,10,2,2,2,2,2,2,2,2,2,10,10,10,10,2,10,18,2,18,18,10,18,10,10,2,2,10,2,18,18,18,2,2,2,2,2
MYD17A2H.A2014129.h12v02.006.2015280021704.Gpp_500m,MYD17A2H,A2014129,Lat65.9255Lon-137.4220833Samp13Line13,2015280021704,Gpp_500m,186,209,196,196,209,209,209,168,140,173,146,140,142,213,213,181,202,203,177,177,202,202,186,186,158,199,181,168,181,181,186,149,149,181,197,208,199,175,175,203,209,203,173,173,181,197,199,204,191,191,199,176,209,196,196,176,175,169,191,186,186,186,191,191,191,190,158,158,182,182,186,186,214,227,191,181,158,199,182,186,186,175,214,219,199,181,181,181,196,195,219,199,204,247,204,196,196,196,196,195,195,191,209,200,219,173,142,181,196,199,191,191,164,199,191,176,182,94,145,204,204,222,219,186,186,186,186,181,182,191,191,191,221,219,181,191,176,176,164,195,191,176,176,191,209,181,215,219,219,209,195,209,157,173,150,145,191,191,199,200,195,200,194,194,187,176,164,164,164
MYD17A2H.A2014129.h12v02.006.2015280021704.PsnNet_500m,MYD17A2H,A2014129,Lat65.9255Lon-137.4220833Samp13Line13,2015280021704,PsnNet_500m,170,190,178,178,190,190,190,154,129,157,132,129,130,195,195,167,186,186,161,161,183,183,170,170,147,183,167,154,168,168,170,136,136,168,179,190,183,162,162,185,190,186,157,157,168,179,183,187,175,175,183,163,190,178,178,161,163,156,175,169,169,169,175,175,175,174,146,147,165,165,169,169,195,207,175,166,147,183,165,170,169,162,195,201,183,168,166,166,178,178,200,183,187,222,187,178,178,178,178,178,178,175,191,183,201,158,130,166,178,183,175,175,152,183,175,163,166,88,133,188,188,205,199,169,169,169,169,166,166,176,175,175,205,199,166,175,163,163,151,178,176,163,162,175,189,166,195,199,199,189,178,191,147,157,136,135,175,175,183,183,178,183,178,178,169,163,151,151,151
MYD17A2H.A2014129.h12v02.006.2015280021704.Psn_QC_500m,MYD17A2H,A2014129,Lat65.9255Lon-137.4220833Samp13Line13,2015280021704,Psn_QC_500m,2,2,2,2,2,2,2,2,2,2,2,2,2,2,2,2,2,2,2,2,2,2,2,2,2,2,2,2,2,2,2,2,2,2,2,2,2,2,2,2,2,2,2,2,2,2,2,2,2,2,2,2,2,2,2,2,2,2,2,2,2,2,2,2,2,2,2,2,2,2,2,2,2,2,2,2,2,2,2,2,2,2,2,2,2,2,2,2,2,2,2,2,2,2,2,2,2,2,2,2,2,2,2,2,2,2,2,2,2,2,2,2,2,2,2,2,2,2,2,2,2,2,2,2,2,2,2,2,2,2,2,2,2,2,2,2,2,2,2,2,2,2,2,2,2,2,2,2,2,2,2,2,2,2,2,2,2,2,2,2,2,2,2,2,2,2,2,2,2
MYD17A2H.A2014137.h12v02.006.2015280040250.Gpp_500m,MYD17A2H,A2014137,Lat65.9255Lon-137.4220833Samp13Line13,2015280040250,Gpp_500m,106,106,86,90,94,94,94,94,82,87,95,95,98,91,90,87,87,91,91,71,69,78,78,20,91,14,90,78,90,90,90,61,61,82,70,86,86,8,28,90,78,82,78,59,59,58,66,66,72,81,84,84,74,69,69,51,58,58,69,69,70,88,7,13,27,59,47,58,58,63,63,70,90,88,88,88,88,92,46,58,58,58,69,79,81,81,95,95,101,101,99,58,72,72,79,79,63,84,95,95,101,101,101,109,63,51,51,63,79,95,95,98,98,101,120,93,92,36,44,72,98,98,107,107,104,104,27,24,25,36,72,72,98,98,101,101,104,106,106,20,62,62,94,98,95,107,107,125,125,106,81,84,85,90,90,94,99,99,111,111,94,100,100,100,99,99,90,91,91
MYD17A2H.A2014137.h12v02.006.2015280040250.PsnNet_500m,MYD17A2H,A2014137,Lat65.9255Lon-137.4220833Samp13Line13,2015280040250,PsnNet_500m,94,94,78,80,83,83,83,83,73,78,85,85,88,81,80,78,78,81,81,65,62,70,70,18,81,13,80,70,80,80,79,57,57,74,64,76,76,8,26,80,70,74,70,51,51,51,61,61,64,72,75,75,67,62,62,47,51,51,61,61,63,78,7,13,26,51,42,51,51,58,57,63,81,78,78,78,78,82,42,51,51,51,61,69,73,72,86,86,89,89,88,51,64,64,69,69,60,76,85,85,89,89,89,98,57,46,46,60,69,86,86,87,87,89,107,83,83,33,40,65,87,87,97,97,92,89,26,21,24,33,65,65,87,87,89,89,89,96,95,19,59,59,85,87,84,97,97,110,110,95,72,76,76,81,81,84,88,88,98,98,85,89,89,89,89,89,81,83,83
MYD17A2H.A2014137.h12v02.006.2015280040250.Psn_QC_500m,MYD17A2H,A2014137,Lat65.9255Lon-137.4220833Samp13Line13,2015280040250,Psn_QC_500m,2,2,2,2,2,2,2,2,2,2,2,2,2,2,2,2,2,2,2,2,2,2,2,75,2,10,2,2,2,2,2,2,2,2,2,2,2,75,10,2,2,2,2,2,2,2,2,2,2,2,2,2,2,2,2,2,2,2,2,2,2,2,67,10,10,2,2,2,2,2,2,2,2,2,2,2,2,2,2,2,2,2,2,2,2,2,2,2,2,2,2,2,2,2,2,2,18,2,2,2,2,2,2,2,2,18,18,18,2,2,2,2,2,2,2,2,2,18,18,2,2,2,2,2,2,2,10,75,75,2,2,2,2,2,2,2,2,10,10,75,18,18,2,2,2,2,2,10,10,10,18,18,18,2,2,2,2,2,10,10,10,2,2,2,2,2,2,2,2
MYD17A2H.A2014145.h12v02.006.2015281154731.Gpp_500m,MYD17A2H,A2014145,Lat65.9255Lon-137.4220833Samp13Line13,2015281154731,Gpp_500m,220,220,274,281,231,274,274,285,273,54,30,364,364,274,245,245,232,267,268,268,281,281,269,172,304,133,220,274,263,263,268,268,269,273,172,172,119,119,114,281,281,268,263,269,292,294,78,96,96,96,96,114,191,273,239,273,294,64,60,191,65,78,114,114,96,303,303,238,251,60,333,328,328,96,172,172,109,96,256,280,280,60,35,35,295,358,358,109,119,210,210,294,78,340,315,114,299,299,240,197,226,226,262,262,167,167,96,109,109,132,240,240,226,226,251,234,227,180,180,180,210,240,240,226,226,251,215,215,259,259,151,214,214,251,251,240,221,221,227,227,222,222,209,197,220,220,245,245,251,234,245,227,227,234,288,293,234,234,245,259,271,312,305,245,234,227,187,281,275
MYD17A2H.A2014145.h12v02.006.2015281154731.PsnNet_500m,MYD17A2H,A2014145,Lat65.9255Lon-137.4220833Samp13Line13,2015281154731,PsnNet_500m,202,202,250,255,214,250,249,259,249,49,27,323,324,250,225,225,214,244,244,244,255,255,244,161,276,122,202,249,238,238,244,244,244,249,161,161,110,110,108,255,255,244,240,244,262,264,74,89,89,89,89,108,173,249,216,249,264,62,56,178,62,74,108,108,89,275,275,218,230,56,302,298,297,89,161,161,101,89,233,256,256,56,33,33,265,322,322,101,109,189,190,265,74,309,288,106,271,271,217,180,212,209,240,240,152,152,89,101,101,123,217,217,209,209,229,213,208,164,164,164,194,217,217,209,209,229,197,198,235,235,140,197,197,230,230,217,203,203,208,208,203,203,193,183,203,203,224,224,230,214,227,208,208,215,262,268,213,213,224,235,248,284,280,225,215,208,171,256,251
MYD17A2H.A2014145.h12v02.006.2015281154731.Psn_QC_500m,MYD17A2H,A2014145,Lat65.9255Lon-137.4220833Samp13Line13,2015281154731,Psn_QC_500m,2,2,2,2,2,2,2,2,2,10,10,2,2,2,2,2,2,2,2,2,2,2,2,10,2,10,2,2,2,2,2,2,2,2,10,10,10,10,10,2,2,2,2,2,2,2,10,10,10,10,10,10,2,2,2,2,10,10,10,10,10,10,10,10,10,2,2,10,67,10,2,2,2,10,10,10,10,10,2,2,2,10,10,10,2,2,2,10,10,2,2,2,10,2,2,2,2,2,2,2,10,2,2,2,2,2,2,10,10,10,2,2,2,2,2,2,2,2,2,2,2,2,2,2,2,2,10,10,18,18,2,2,2,2,2,2,2,2,2,2,2,2,2,2,2,2,2,2,2,2,2,2,2,18,18,2,2,2,2,2,2,2,2,2,18,2,10,2,2
MYD17A2H.A2014153.h12v02.006.2015288062306.Gpp_500m,MYD17A2H,A2014153,Lat65.9255Lon-137.4220833Samp13Line13,2015288062306,Gpp_500m,376,411,390,404,452,431,431,376,418,398,411,384,342,390,390,376,376,390,371,404,431,404,376,376,342,336,418,418,398,371,376,390,390,390,391,350,350,350,350,390,425,376,376,336,336,336,336,342,342,404,384,384,364,354,342,329,327,327,364,384,391,404,404,369,376,342,329,322,322,412,418,418,412,412,418,398,363,363,336,336,412,404,404,398,398,398,369,384,384,369,369,384,398,398,376,130,327,377,336,336,369,328,328,363,452,315,130,369,398,350,350,350,336,350,363,328,328,144,200,350,369,377,363,378,356,356,337,337,343,343,315,363,369,378,356,337,337,356,356,350,343,328,328,384,384,350,350,378,431,419,363,328,322,322,337,322,342,370,446,412,397,397,363,328,329,322,337,350,350
MYD17A2H.A2014153.h12v02.006.2015288062306.PsnNet_500m,MYD17A2H,A2014153,Lat65.9255Lon-137.4220833Samp13Line13,2015288062306,PsnNet_500m,344,375,355,368,408,391,391,344,379,360,374,351,316,355,355,344,344,355,337,368,391,367,343,344,316,307,379,379,360,337,344,355,355,355,357,321,321,319,319,355,385,344,343,307,307,307,307,316,316,368,349,349,332,327,315,301,304,304,334,349,356,368,368,338,344,315,303,297,297,375,380,380,375,375,382,364,334,334,307,307,375,368,368,363,364,361,339,349,349,339,339,351,363,363,344,121,305,344,308,308,339,300,300,334,410,289,121,339,364,321,322,320,309,322,334,300,301,136,184,321,339,345,332,345,327,327,309,309,315,315,289,334,339,345,327,309,309,327,327,320,315,305,305,352,353,322,322,345,395,380,334,305,297,297,308,297,315,340,403,374,364,363,334,305,305,297,308,322,320
MYD17A2H.A2014153.h12v02.006.2015288062306.Psn_QC_500m,MYD17A2H,A2014153,Lat65.9255Lon-137.4220833Samp13Line13,2015288062306,Psn_QC_500m,2,2,2,2,2,2,2,2,2,2,2,2,2,2,2,2,2,2,2,2,2,2,2,2,2,2,2,2,2,2,2,2,2,2,2,2,2,2,2,2,2,2,2,2,2,2,2,2,2,2,2,2,2,2,2,2,2,2,2,2,2,2,2,2,2,2,2,2,2,2,2,2,2,2,2,2,2,2,2,2,2,2,2,2,2,2,2,2,2,2,2,2,2,2,2,2,2,2,2,2,2,2,2,2,2,2,2,2,2,2,2,2,2,2,2,2,2,10,2,2,2,2,2,2,2,2,2,2,2,2,2,2,2,2,2,2,2,2,2,2,2,2,2,2,2,2,2,2,2,2,2,2,2,2,2,2,2,2,2,2,2,2,2,2,2,2,2,2,2
MYD17A2H.A2014161.h12v02.006.2015288202519.Gpp_500m,MYD17A2H,A2014161,Lat65.9255Lon-137.4220833Samp13Line13,2015288202519,Gpp_500m,464,464,343,356,377,356,403,491,449,444,465,356,354,238,478,348,348,416,129,478,444,129,129,130,340,279,408,403,129,89,110,110,465,471,354,231,218,259,280,279,170,110,449,370,437,279,198,300,287,360,360,204,170,321,328,54,110,130,190,327,374,360,360,333,333,69,286,307,307,375,374,380,374,380,380,340,340,61,287,327,360,374,374,367,380,380,319,319,280,352,211,360,360,374,374,231,265,305,305,280,286,286,326,291,408,287,305,198,273,312,312,298,238,326,326,305,291,176,265,286,286,367,367,305,333,305,238,251,251,238,280,280,462,495,495,469,305,259,272,272,272,264,258,429,462,442,469,469,333,279,278,264,360,360,461,412,482,515,515,313,279,259,259,393,379,325,209,209,237
MYD17A2H.A2014161.h12v02.006.2015288202519.PsnNet_500m,MYD17A2H,A2014161,Lat65.9255Lon-137.4220833Samp13Line13,2015288202519,PsnNet_500m,419,418,310,320,339,325,368,430,398,392,407,325,323,219,428,319,319,379,123,420,392,123,123,123,311,257,369,366,123,83,103,103,409,412,323,214,199,239,256,257,161,103,398,339,389,257,184,275,262,329,329,187,161,294,301,49,103,123,177,300,341,329,329,304,305,63,263,282,282,341,341,345,341,349,349,310,310,57,262,300,329,341,338,336,349,349,294,294,256,322,194,329,329,341,341,214,243,281,281,256,262,262,299,266,369,262,278,182,249,287,287,274,219,299,299,281,270,164,243,262,262,337,337,281,307,281,219,230,230,219,256,258,415,443,443,422,281,239,249,249,249,241,237,388,414,400,424,424,308,256,256,241,329,329,412,375,433,463,463,287,256,238,237,358,344,299,194,194,219
MYD17A2H.A2014161.h12v02.006.2015288202519.Psn_QC_500m,MYD17A2H,A2014161,Lat65.9255Lon-137.4220833Samp13Line13,2015288202519,Psn_QC_500m,2,2,2,2,67,67,2,67,67,67,67,67,67,2,2,67,67,2,10,67,67,10,10,10,67,2,2,10,10,10,10,10,67,67,2,2,2,10,10,10,10,2,67,10,67,67,67,2,2,2,2,10,67,2,2,10,10,10,10,2,2,2,2,2,2,10,2,2,2,2,2,2,2,2,2,2,2,10,2,2,2,2,2,2,2,2,2,2,2,67,2,2,2,2,2,10,2,2,2,2,2,2,2,2,2,2,10,2,2,2,2,2,2,2,2,2,2,2,2,10,10,10,10,2,2,2,2,2,2,2,2,10,2,2,2,2,2,2,2,2,2,2,2,2,2,2,2,2,10,2,2,2,2,2,10,10,18,18,18,2,2,2,2,2,2,10,2,2,2
MYD17A2H.A2014169.h12v02.006.2015288235446.Gpp_500m,MYD17A2H,A2014169,Lat65.9255Lon-137.4220833Samp13Line13,2015288235446,Gpp_500m,527,554,509,509,561,561,561,561,615,581,581,563,512,553,553,561,553,535,553,553,563,570,545,512,488,452,596,596,596,535,545,597,563,553,522,522,488,488,487,561,544,545,535,510,519,478,478,522,522,548,529,496,528,492,493,502,504,488,505,547,529,529,523,523,513,528,528,469,478,591,591,548,548,557,565,539,513,539,461,488,556,556,565,565,565,538,532,532,523,523,523,538,625,556,556,425,505,505,498,513,461,462,478,488,591,523,271,461,557,557,513,498,487,488,505,488,461,271,408,513,513,513,523,523,498,469,461,461,478,444,505,505,513,532,523,487,505,497,497,497,497,505,470,513,505,478,513,550,584,584,540,505,479,531,532,584,498,583,583,590,575,523,505,513,531,540,550,479,488
MYD17A2H.A2014169.h12v02.006.2015288235446.PsnNet_500m,MYD17A2H,A2014169,Lat65.9255Lon-137.4220833Samp13Line13,2015288235446,PsnNet_500m,476,501,463,463,509,509,506,506,551,523,523,506,467,501,501,506,501,487,501,498,506,515,495,467,445,410,535,535,536,487,493,536,508,501,474,474,445,445,443,506,493,493,487,463,472,437,437,474,474,495,482,451,478,449,449,455,456,445,460,494,481,481,474,474,465,480,480,426,437,533,533,495,495,503,512,489,465,489,421,445,502,502,508,508,508,489,481,481,475,475,475,489,561,502,502,388,460,460,451,465,422,422,437,445,533,474,249,421,503,503,467,451,445,445,460,445,422,249,374,465,465,465,475,474,450,427,422,422,437,407,460,460,466,481,474,445,460,450,451,451,451,460,431,465,460,437,466,497,525,526,492,460,438,479,480,524,451,525,525,534,518,475,460,466,479,489,496,437,446
MYD17A2H.A2014169.h12v02.006.2015288235446.Psn_QC_500m,MYD17A2H,A2014169,Lat65.9255Lon-137.4220833Samp13Line13,2015288235446,Psn_QC_500m,2,2,2,2,2,2,2,2,2,2,2,2,2,2,2,2,2,2,2,2,2,2,2,2,2,2,2,2,2,2,2,2,2,2,2,2,2,2,2,2,2,2,2,2,2,2,2,2,2,2,2,2,2,2,2,2,2,2,2,2,2,2,2,2,2,2,2,2,2,2,2,2,2,2,2,2,2,2,2,2,2,2,2,2,2,2,2,2,2,2,2,2,2,2,2,2,2,2,2,2,2,2,2,2,2,2,2,2,2,2,2,2,2,2,2,2,2,2,2,2,2,2,2,2,2,2,2,2,2,2,2,2,2,2,2,2,2,2,2,2,2,2,10,2,2,2,2,2,2,2,2,2,2,2,2,2,2,2,2,2,2,2,2,2,2,2,2,18,2
MYD17A2H.A2014177.h12v02.006.2015289015610.Gpp_500m,MYD17A2H,A2014177,Lat65.9255Lon-137.4220833Samp13Line13,2015289015610,Gpp_500m,524,487,477,477,514,514,513,570,570,561,561,495,497,551,551,542,542,513,514,534,534,580,580,544,619,460,569,579,506,506,589,589,561,561,544,497,507,507,507,615,588,589,515,515,552,536,497,526,526,627,591,562,524,431,431,534,544,544,480,554,627,645,507,507,462,321,552,488,488,424,591,655,450,581,581,562,443,470,488,396,434,517,535,396,435,562,425,526,388,388,370,480,536,396,396,451,489,535,386,443,388,324,443,370,544,332,461,462,499,526,526,416,351,452,360,370,370,425,379,507,470,443,443,416,462,370,351,360,371,371,407,507,443,443,451,443,370,370,426,416,417,425,425,443,451,443,443,443,536,452,426,471,471,444,444,463,435,555,555,556,618,527,500,499,482,482,444,444,444
MYD17A2H.A2014177.h12v02.006.2015289015610.PsnNet_500m,MYD17A2H,A2014177,Lat65.9255Lon-137.4220833Samp13Line13,2015289015610,PsnNet_500m,471,438,432,432,462,462,462,508,508,501,501,448,449,492,492,484,483,463,463,478,478,516,516,490,548,418,508,516,453,453,522,523,501,502,490,449,457,457,457,544,522,522,462,462,497,481,449,476,476,557,526,503,471,390,390,480,490,490,435,499,557,572,458,458,421,293,499,447,447,387,532,579,404,524,523,509,405,423,447,364,397,466,480,360,397,509,384,480,354,354,343,435,485,360,360,411,441,486,354,405,354,292,403,342,488,307,418,418,448,480,480,375,325,412,326,336,336,384,348,461,423,400,400,375,422,342,320,326,336,336,368,461,400,400,416,403,336,336,384,375,375,384,384,400,410,403,403,403,480,413,384,424,424,400,400,416,395,497,497,497,553,473,448,448,435,435,400,400,400
MYD17A2H.A2014177.h12v02.006.2015289015610.Psn_QC_500m,MYD17A2H,A2014177,Lat65.9255Lon-137.4220833Samp13Line13,2015289015610,Psn_QC_500m,2,2,2,2,2,2,2,2,2,2,2,2,2,2,2,2,2,2,2,2,2,2,2,2,2,2,2,2,2,2,2,2,2,2,2,2,2,2,10,2,2,2,2,2,2,2,2,2,2,18,18,2,2,2,2,2,2,2,2,2,18,2,2,2,10,2,2,2,2,2,2,2,2,10,10,10,10,2,2,10,2,2,2,2,10,10,2,10,2,2,10,2,18,2,2,10,2,10,2,10,2,2,10,10,18,18,10,10,2,10,10,2,10,10,2,2,2,18,10,10,2,2,2,2,10,10,2,2,2,2,10,10,2,2,10,10,2,2,2,2,2,2,2,2,2,2,2,2,2,10,2,2,2,2,2,2,2,2,2,2,10,2,2,2,2,2,2,2,2
MYD17A2H.A2014185.h12v02.006.2015289040440.Gpp_500m,MYD17A2H,A2014185,Lat65.9255Lon-137.4220833Samp13Line13,2015289040440,Gpp_500m,404,404,404,420,420,360,360,368,368,367,367,326,322,413,404,404,404,405,404,404,403,403,318,182,215,382,454,453,405,404,404,493,493,486,190,134,283,322,322,453,412,411,411,427,486,107,107,416,374,374,448,231,367,367,318,444,199,199,249,432,364,315,424,424,207,376,376,391,298,538,249,315,340,374,265,240,447,397,506,506,364,364,363,363,340,173,173,331,158,604,322,364,399,340,340,340,99,99,173,173,372,371,298,321,488,340,298,290,158,274,348,348,464,321,321,321,553,382,381,496,454,454,331,464,339,339,190,570,570,570,628,463,463,348,439,439,92,107,264,487,329,562,529,395,395,330,471,371,173,454,552,552,529,544,570,306,330,529,380,380,496,562,604,563,570,538,306,321,321
MYD17A2H.A2014185.h12v02.006.2015289040440.PsnNet_500m,MYD17A2H,A2014185,Lat65.9255Lon-137.4220833Samp13Line13,2015289040440,PsnNet_500m,366,366,366,381,381,328,328,336,336,336,336,299,294,373,366,366,366,365,365,364,363,363,289,166,196,346,405,405,359,359,359,437,437,431,175,124,260,294,294,405,368,368,368,383,431,102,102,369,341,341,407,213,334,333,289,395,183,183,229,386,332,290,381,381,188,341,341,352,270,479,229,290,308,338,245,221,400,362,454,454,332,331,331,331,308,162,162,302,149,531,291,331,363,308,308,308,94,94,161,157,337,337,272,292,441,308,272,260,143,251,315,315,412,292,292,292,490,343,343,445,408,408,301,412,308,308,174,504,504,503,550,416,416,312,394,394,85,102,246,435,299,495,468,359,359,299,427,337,157,407,488,488,468,481,502,277,299,472,345,345,439,495,526,495,506,473,277,296,296
MYD17A2H.A2014185.h12v02.006.2015289040440.Psn_QC_500m,MYD17A2H,A2014185,Lat65.9255Lon-137.4220833Samp13Line13,2015289040440,Psn_QC_500m,2,2,2,10,10,2,2,2,2,2,2,2,2,2,2,2,2,2,2,2,2,2,2,2,2,18,2,2,2,2,2,67,67,67,67,2,18,10,10,2,2,2,2,67,67,2,2,10,18,18,18,10,2,2,2,67,67,67,10,67,18,18,67,67,67,67,67,67,2,10,10,10,67,67,10,10,67,10,10,10,10,2,2,2,2,10,10,10,10,2,2,2,10,2,2,2,10,10,10,18,67,67,67,2,10,2,10,2,10,18,2,2,67,2,2,2,2,2,2,10,2,2,67,67,2,2,10,2,2,2,10,2,2,2,2,2,10,10,10,18,2,2,2,2,2,2,10,2,67,2,2,2,2,2,2,2,2,18,2,2,2,2,2,2,10,2,2,18,18
MYD17A2H.A2014193.h12v02.006.2015289052527.Gpp_500m,MYD17A2H,A2014193,Lat65.9255Lon-137.4220833Samp13Line13,2015289052527,Gpp_500m,508,509,474,428,428,428,428,232,249,204,390,223,225,454,499,489,489,454,474,480,552,214,214,260,503,189,116,474,499,474,560,142,615,542,519,422,503,475,475,586,586,116,99,177,516,574,503,492,521,529,539,539,116,560,473,499,539,619,529,548,548,539,567,549,531,509,509,441,492,575,539,539,583,584,611,567,567,270,502,503,503,575,565,619,611,521,567,494,549,549,487,520,565,583,584,430,549,494,441,494,495,505,558,360,665,484,287,457,522,522,567,505,523,523,505,505,386,342,504,549,549,567,541,541,523,396,288,288,433,288,484,549,567,584,584,558,288,352,478,405,433,360,461,522,523,523,541,613,613,550,487,461,461,288,579,579,505,505,567,567,559,443,487,288,560,560,533,471,471
MYD17A2H.A2014193.h12v02.006.2015289052527.PsnNet_500m,MYD17A2H,A2014193,Lat65.9255Lon-137.4220833Samp13Line13,2015289052527,PsnNet_500m,460,460,429,393,393,393,393,213,231,189,361,208,209,411,453,444,444,415,430,435,498,199,199,243,452,176,111,430,453,430,496,132,536,489,472,388,452,433,433,531,531,111,91,167,468,514,458,451,472,478,487,487,111,506,429,453,486,556,478,492,492,487,506,493,478,461,461,401,448,516,486,487,524,526,547,512,512,249,458,458,458,516,511,557,547,472,507,449,493,493,439,472,510,526,526,394,493,450,401,449,449,459,493,329,588,438,264,415,472,472,512,459,474,476,459,459,354,313,459,493,493,512,488,488,474,362,265,265,397,265,439,493,512,527,527,502,264,320,434,369,397,330,420,472,473,474,488,546,548,494,444,416,416,265,516,516,455,455,509,509,501,399,444,266,504,505,482,423,423
MYD17A2H.A2014193.h12v02.006.2015289052527.Psn_QC_500m,MYD17A2H,A2014193,Lat65.9255Lon-137.4220833Samp13Line13,2015289052527,Psn_QC_500m,2,2,2,2,2,2,2,2,18,10,18,10,10,2,2,2,2,2,2,2,2,10,10,10,67,2,10,2,2,2,67,2,67,2,2,10,67,2,2,2,2,10,2,10,2,18,10,10,2,2,2,2,10,2,2,2,2,10,2,2,2,2,2,2,2,2,2,2,2,2,2,2,2,2,2,2,2,2,2,2,2,2,2,2,2,2,2,2,2,2,2,2,2,2,2,2,2,2,2,2,2,2,67,2,2,2,2,2,2,2,2,2,2,2,2,2,2,2,2,2,2,2,2,2,2,2,2,2,18,2,2,2,2,2,2,2,2,2,2,2,2,2,2,2,2,2,2,2,2,2,2,2,2,2,2,2,2,2,2,2,2,2,2,2,2,2,2,2,2
MYD17A2H.A2014201.h12v02.006.2015289065029.Gpp_500m,MYD17A2H,A2014201,Lat65.9255Lon-137.4220833Samp13Line13,2015289065029,Gpp_500m,216,216,113,193,193,279,279,183,279,280,348,331,336,239,279,279,235,235,188,222,325,320,286,267,122,227,337,279,205,56,56,343,343,314,251,251,251,244,244,308,274,245,313,314,314,221,222,251,151,140,222,227,303,286,286,286,169,169,144,286,286,314,314,322,286,245,246,222,129,140,227,362,362,262,262,286,369,363,216,216,129,175,244,246,252,252,345,292,314,314,340,251,251,281,134,134,246,246,298,246,223,252,252,223,266,267,162,240,334,292,264,275,329,310,311,153,153,217,240,298,292,292,329,329,387,253,192,193,211,189,269,311,135,75,48,259,182,76,112,112,58,311,395,345,135,48,48,182,182,136,240,224,217,395,394,290,76,76,42,264,136,234,270,270,365,176,95,236,265
MYD17A2H.A2014201.h12v02.006.2015289065029.PsnNet_500m,MYD17A2H,A2014201,Lat65.9255Lon-137.4220833Samp13Line13,2015289065029,PsnNet_500m,196,196,105,173,173,249,249,166,250,250,303,290,294,213,248,248,209,208,167,196,286,282,256,238,112,203,295,249,185,51,51,299,299,275,225,225,226,219,219,273,245,220,276,276,275,197,197,223,140,127,199,206,265,252,253,253,149,150,133,255,255,277,276,283,255,220,220,197,117,127,206,314,314,237,237,255,321,318,196,196,117,159,222,222,226,225,302,260,277,277,298,223,223,248,122,122,218,218,264,217,199,223,223,200,238,238,145,213,295,260,234,244,289,274,274,137,137,193,216,264,260,260,286,286,333,225,176,176,190,169,239,274,122,72,42,230,165,68,101,101,53,275,340,302,122,42,42,165,165,121,218,200,196,340,341,260,72,72,38,238,124,213,242,242,320,162,87,215,240
MYD17A2H.A2014201.h12v02.006.2015289065029.Psn_QC_500m,MYD17A2H,A2014201,Lat65.9255Lon-137.4220833Samp13Line13,2015289065029,Psn_QC_500m,18,18,10,2,2,2,2,2,2,2,2,2,2,2,2,2,18,18,18,2,2,2,2,2,2,18,2,2,18,18,18,2,2,2,2,2,2,2,2,2,2,2,2,2,2,10,10,2,10,10,2,18,2,2,2,2,10,10,10,2,2,2,2,2,2,2,2,2,10,10,10,2,2,18,18,2,2,2,2,2,10,10,18,18,18,18,2,2,2,2,2,18,18,18,2,2,2,2,2,2,2,2,2,2,2,2,2,2,2,2,2,2,2,2,2,2,2,2,2,2,2,2,2,2,2,2,2,2,10,2,2,2,2,10,2,2,10,2,10,10,10,2,2,2,2,2,2,10,10,107,10,2,10,2,2,10,10,10,107,10,10,18,18,18,10,10,10,10,10
MYD17A2H.A2014209.h12v02.006.2015289074530.Gpp_500m,MYD17A2H,A2014209,Lat65.9255Lon-137.4220833Samp13Line13,2015289074530,Gpp_500m,364,141,436,415,386,386,342,471,508,310,347,347,353,364,354,468,467,492,141,482,482,341,341,375,369,343,456,543,445,39,121,174,0,207,369,183,417,416,235,115,70,162,152,141,124,299,31,31,155,343,362,362,179,135,49,455,183,183,139,262,406,395,395,262,188,357,492,438,168,168,277,277,208,199,198,198,170,170,309,433,134,277,209,342,342,170,170,170,170,170,154,204,299,299,352,208,155,155,170,170,170,154,154,174,188,383,138,138,138,138,170,170,169,174,174,154,154,123,31,134,133,170,197,197,197,255,308,153,169,169,69,100,197,197,169,169,169,185,185,138,138,100,100,160,170,169,169,197,185,197,197,197,122,223,122,122,197,404,404,335,404,371,169,169,106,137,122,169,216
MYD17A2H.A2014209.h12v02.006.2015289074530.PsnNet_500m,MYD17A2H,A2014209,Lat65.9255Lon-137.4220833Samp13Line13,2015289074530,PsnNet_500m,316,128,354,352,332,332,299,366,376,270,302,302,304,316,306,363,362,370,128,367,367,299,299,325,320,299,361,383,356,37,109,161,0,188,321,162,339,341,213,102,66,149,139,128,113,263,29,29,141,301,314,314,163,124,45,359,162,162,126,234,348,339,339,232,165,303,371,351,149,149,248,248,186,177,177,177,151,151,274,350,122,248,186,299,299,152,152,151,151,151,138,181,266,264,312,188,141,141,151,151,151,138,138,158,170,334,126,126,126,126,151,151,151,158,158,138,138,111,29,122,122,151,177,176,176,231,275,138,150,150,65,95,177,177,151,151,151,168,168,124,124,92,91,146,151,151,151,176,168,176,176,176,111,200,111,111,176,347,347,297,346,324,150,149,99,126,111,149,194
MYD17A2H.A2014209.h12v02.006.2015289074530.Psn_QC_500m,MYD17A2H,A2014209,Lat65.9255Lon-137.4220833Samp13Line13,2015289074530,Psn_QC_500m,2,2,99,2,2,2,2,99,99,2,2,2,2,2,2,99,99,99,2,99,99,2,2,2,2,2,99,99,99,99,2,10,75,2,2,2,99,99,18,18,10,10,10,2,2,2,10,10,18,2,2,2,10,10,2,99,2,2,10,2,2,2,2,2,2,99,99,99,10,10,2,2,2,2,2,2,2,2,10,99,10,2,2,2,2,2,2,2,2,2,2,2,2,2,2,10,10,18,2,2,2,2,2,2,2,18,2,2,2,2,2,2,2,2,2,2,2,10,10,10,10,2,2,2,2,10,10,2,2,2,10,10,2,2,2,2,2,2,2,2,2,2,2,2,2,2,2,2,2,2,2,2,2,18,2,2,2,10,10,10,10,10,2,2,18,2,2,2,2
MYD17A2H.A2014217.h12v02.006.2015289082905.Gpp_500m,MYD17A2H,A2014217,Lat65.9255Lon-137.4220833Samp13Line13,2015289082905,Gpp_500m,255,276,151,47,111,110,166,169,119,206,206,253,238,212,211,207,223,168,148,81,139,216,216,231,231,171,266,241,148,76,76,89,366,366,231,158,158,102,102,140,135,94,67,67,67,67,62,62,61,109,102,102,47,72,83,110,79,82,82,118,161,161,161,125,67,72,72,76,125,67,99,171,171,120,42,42,26,79,67,42,99,99,99,109,75,125,125,79,119,173,128,53,53,67,157,88,116,139,102,79,67,67,75,67,32,137,100,165,125,124,281,82,82,53,26,53,53,79,79,116,199,199,281,26,53,32,46,46,53,26,79,79,75,112,79,53,53,79,46,46,32,70,79,94,94,42,53,67,46,42,26,26,26,32,32,26,94,26,42,42,42,26,102,32,32,37,42,52,52
MYD17A2H.A2014217.h12v02.006.2015289082905.PsnNet_500m,MYD17A2H,A2014217,Lat65.9255Lon-137.4220833Samp13Line13,2015289082905,PsnNet_500m,222,235,135,42,99,99,144,148,104,183,183,217,206,184,184,183,194,151,128,71,124,187,187,201,201,150,227,208,132,69,69,79,272,272,201,141,141,94,94,124,120,85,60,60,60,59,57,57,57,98,93,93,42,66,75,99,70,73,73,104,142,142,142,112,59,66,66,69,112,59,90,150,150,109,37,37,22,71,59,37,90,90,90,95,69,112,112,71,109,153,116,49,49,59,141,79,104,124,93,71,60,61,69,61,31,123,90,144,112,110,241,73,73,49,22,49,49,71,71,104,176,175,240,22,49,30,41,41,50,21,71,71,69,100,71,49,49,71,42,42,30,63,71,88,88,37,49,61,41,37,21,21,21,30,30,20,88,22,37,37,37,21,91,30,30,33,37,49,49
MYD17A2H.A2014217.h12v02.006.2015289082905.Psn_QC_500m,MYD17A2H,A2014217,Lat65.9255Lon-137.4220833Samp13Line13,2015289082905,Psn_QC_500m,18,18,10,10,2,2,2,18,10,18,18,2,2,2,2,18,2,2,18,2,10,2,2,2,2,2,18,2,2,2,2,2,99,99,2,2,2,10,10,2,2,2,2,2,2,10,10,10,10,10,10,10,99,2,2,2,2,2,2,2,18,18,18,10,10,10,10,10,10,2,2,10,10,10,10,10,107,10,10,10,10,10,10,10,10,10,10,10,10,10,10,10,10,10,10,10,10,10,10,10,10,10,10,10,10,10,10,10,10,10,10,10,10,10,10,10,10,10,10,10,10,10,10,10,10,10,10,10,10,10,10,10,10,10,10,10,10,10,107,107,107,10,10,10,10,107,107,10,107,10,10,10,10,107,107,10,10,10,10,10,10,10,10,107,107,107,107,10,10
MYD17A2H.A2014225.h12v02.006.2015289091337.Gpp_500m,MYD17A2H,A2014225,Lat65.9255Lon-137.4220833Samp13Line13,2015289091337,Gpp_500m,292,308,281,291,291,301,302,274,378,378,365,339,258,323,323,312,311,311,302,302,388,349,322,276,251,241,330,330,302,302,307,307,280,280,287,251,287,326,320,361,322,334,274,274,334,294,294,251,276,287,287,298,274,291,263,329,287,276,287,340,294,246,287,326,294,307,295,304,262,214,214,246,298,304,332,272,272,373,247,247,247,246,246,262,326,326,283,288,283,283,283,276,218,214,262,245,256,314,283,276,219,209,287,244,351,351,161,245,294,293,272,287,283,209,202,186,254,193,276,251,293,293,304,293,292,209,192,186,262,262,204,255,304,276,276,276,251,250,209,283,283,283,191,308,308,314,314,287,250,250,292,283,209,201,228,228,287,276,244,250,250,329,303,218,218,218,250,271,275
MYD17A2H.A2014225.h12v02.006.2015289091337.PsnNet_500m,MYD17A2H,A2014225,Lat65.9255Lon-137.4220833Samp13Line13,2015289091337,PsnNet_500m,257,280,255,257,265,274,274,251,335,335,327,309,234,279,293,286,273,273,274,274,343,315,279,248,227,220,299,299,266,274,280,280,254,254,249,232,262,294,290,322,292,285,249,249,284,259,259,225,255,262,262,259,238,254,229,282,249,241,252,290,259,227,249,279,251,264,255,262,227,193,196,223,259,262,283,235,235,334,221,221,224,224,223,237,279,279,244,261,243,243,243,245,200,195,237,224,235,270,259,241,200,181,249,215,301,301,142,215,268,268,235,249,243,181,183,163,220,169,251,231,254,254,262,254,254,181,176,171,226,226,187,223,262,244,241,241,218,226,189,242,242,247,176,269,269,270,270,249,226,226,253,247,189,187,201,201,249,244,222,226,226,285,262,200,200,200,218,234,240
MYD17A2H.A2014225.h12v02.006.2015289091337.Psn_QC_500m,MYD17A2H,A2014225,Lat65.9255Lon-137.4220833Samp13Line13,2015289091337,Psn_QC_500m,10,2,2,10,2,2,2,10,18,18,18,10,2,10,2,2,10,10,2,2,18,18,2,10,2,2,2,2,10,2,2,2,2,2,2,2,2,2,2,2,2,2,2,2,2,10,10,10,18,10,10,2,2,10,2,2,2,2,2,2,2,10,2,2,2,2,2,2,2,10,2,2,2,2,2,2,2,10,10,10,2,2,2,2,2,2,2,18,2,2,2,10,2,2,10,2,18,2,18,2,2,2,2,2,2,2,2,2,18,18,2,2,2,2,2,2,2,2,18,10,2,2,2,2,2,2,2,2,2,2,10,2,2,2,2,2,2,2,2,2,2,2,2,2,2,2,2,2,2,2,2,2,2,2,2,2,2,2,2,2,2,2,2,2,2,2,2,2,2
MYD17A2H.A2014233.h12v02.006.2015290080844.Gpp_500m,MYD17A2H,A2014233,Lat65.9255Lon-137.4220833Samp13Line13,2015290080844,Gpp_500m,327,316,316,277,283,303,297,297,317,327,327,327,326,335,335,320,317,303,291,317,327,320,320,323,331,264,340,331,303,297,291,327,306,331,331,358,243,243,239,355,468,317,296,296,303,301,283,272,225,162,141,73,296,283,296,296,299,314,283,243,207,207,336,171,171,291,283,283,225,302,255,249,272,272,225,234,234,243,301,293,292,292,243,225,225,229,234,234,225,190,190,270,316,225,195,171,206,206,209,209,225,206,108,225,299,181,225,249,272,264,238,283,264,225,248,308,269,152,152,225,299,299,258,288,288,332,264,264,264,264,225,209,258,254,272,254,214,327,327,302,264,264,258,238,176,219,196,254,259,327,259,254,184,152,248,272,229,313,312,346,346,272,248,248,209,248,238,239,244
MYD17A2H.A2014233.h12v02.006.2015290080844.PsnNet_500m,MYD17A2H,A2014233,Lat65.9255Lon-137.4220833Samp13Line13,2015290080844,PsnNet_500m,294,287,287,254,258,275,269,269,286,294,294,294,296,304,304,289,286,275,267,286,294,292,292,292,299,242,307,299,275,269,266,294,280,299,299,322,224,224,219,319,353,286,269,269,275,275,257,250,206,152,132,69,269,258,269,269,270,286,261,225,189,189,281,158,158,266,258,257,206,275,232,227,250,250,206,215,215,225,275,267,267,267,225,206,206,210,215,215,206,175,175,245,287,206,181,158,189,189,192,192,206,189,101,206,270,168,206,227,250,242,219,257,242,206,229,279,247,142,142,206,273,273,239,264,264,300,242,242,242,242,206,195,237,232,250,232,198,295,295,277,240,240,238,219,163,205,181,232,239,295,239,235,174,144,229,250,210,284,283,313,313,253,229,229,194,229,220,219,224
MYD17A2H.A2014233.h12v02.006.2015290080844.Psn_QC_500m,MYD17A2H,A2014233,Lat65.9255Lon-137.4220833Samp13Line13,2015290080844,Psn_QC_500m,2,2,2,2,2,2,2,2,2,2,2,2,2,10,10,2,2,18,2,2,2,2,2,2,2,2,18,10,18,2,2,2,2,2,2,18,2,2,2,2,42,2,2,2,2,2,2,10,2,10,2,2,2,2,2,2,2,10,10,10,2,2,99,2,2,2,2,2,10,10,2,2,2,2,2,2,2,2,2,10,10,2,2,2,2,2,2,2,2,2,2,2,2,2,2,2,2,2,2,2,2,18,2,2,2,10,2,2,2,2,2,2,2,2,2,2,2,2,2,2,2,2,2,2,2,2,10,10,10,10,18,10,2,2,2,2,2,18,18,18,2,2,2,2,2,10,2,2,10,18,18,18,10,10,2,2,2,2,2,18,18,18,10,10,10,2,2,2,10
MYD17A2H.A2014241.h12v02.006.2015290084051.Gpp_500m,MYD17A2H,A2014241,Lat65.9255Lon-137.4220833Samp13Line13,2015290084051,Gpp_500m,126,121,117,117,115,115,99,99,108,108,113,106,106,117,123,115,115,113,99,99,99,94,105,105,134,125,128,128,118,115,101,101,101,99,99,103,99,95,99,115,124,143,101,99,89,89,94,94,114,114,112,100,131,113,94,89,87,103,103,95,95,112,125,147,147,96,84,76,94,94,103,103,114,114,112,95,103,107,103,99,103,99,99,107,100,95,100,100,112,112,114,112,125,125,103,71,112,94,94,100,100,94,94,103,132,125,71,100,125,125,92,100,89,103,103,89,89,64,92,114,114,114,108,103,103,89,87,87,89,94,100,100,111,111,95,95,92,100,100,94,85,85,87,111,103,92,100,111,119,119,104,104,87,87,85,93,92,107,114,119,114,107,107,100,107,93,79,93,100
MYD17A2H.A2014241.h12v02.006.2015290084051.PsnNet_500m,MYD17A2H,A2014241,Lat65.9255Lon-137.4220833Samp13Line13,2015290084051,PsnNet_500m,111,105,104,104,104,104,91,91,97,97,99,95,96,104,110,104,104,99,91,91,91,83,92,93,118,112,112,112,104,104,92,92,92,91,90,91,90,84,88,104,110,124,92,91,81,80,84,84,103,103,98,90,113,99,84,81,78,92,92,84,84,98,112,129,129,84,75,69,84,84,92,92,102,100,98,84,93,95,91,88,92,90,90,96,90,84,90,90,98,98,100,99,111,111,92,65,98,84,84,90,90,84,84,91,115,111,65,90,111,111,83,90,79,93,93,79,79,59,83,100,100,100,98,93,93,79,79,79,79,84,90,90,98,98,84,84,83,90,90,84,75,75,79,98,93,83,90,98,104,104,93,93,79,79,75,84,83,95,100,104,101,95,95,90,95,84,71,84,90
MYD17A2H.A2014241.h12v02.006.2015290084051.Psn_QC_500m,MYD17A2H,A2014241,Lat65.9255Lon-137.4220833Samp13Line13,2015290084051,Psn_QC_500m,2,2,2,2,2,2,2,2,2,2,2,2,2,2,2,2,2,2,2,2,2,2,2,2,10,10,2,2,2,2,2,2,2,2,2,2,2,10,10,2,2,10,2,2,2,2,2,2,2,2,2,2,10,2,2,2,2,2,2,2,2,2,10,10,10,2,2,2,2,2,2,2,2,2,2,2,2,2,2,2,2,2,2,2,2,2,2,2,2,2,2,2,2,2,2,2,2,2,2,2,2,2,2,2,2,2,2,2,2,2,2,2,2,2,2,2,2,18,2,2,2,2,2,2,2,2,2,2,2,2,2,2,2,2,2,2,2,2,2,2,2,2,2,2,2,2,2,2,2,2,2,2,2,2,2,2,2,2,2,2,2,2,2,2,2,2,2,2,2
MYD17A2H.A2014249.h12v02.006.2015290090944.Gpp_500m,MYD17A2H,A2014249,Lat65.9255Lon-137.4220833Samp13Line13,2015290090944,Gpp_500m,110,110,110,110,111,98,98,88,94,94,94,94,95,110,111,111,112,98,94,96,96,106,98,104,95,83,119,112,112,101,89,89,83,94,96,95,95,83,95,118,118,118,94,83,88,95,95,95,95,95,95,95,107,106,88,81,83,95,95,98,95,106,95,96,97,98,98,86,83,98,98,88,97,97,96,90,83,97,96,86,98,95,95,95,109,75,83,83,96,96,106,104,119,114,104,75,104,96,86,83,88,88,97,97,106,106,52,83,110,110,98,88,88,97,97,96,81,72,75,97,106,106,97,97,90,97,96,81,88,88,81,106,106,106,106,97,97,90,106,96,84,84,86,109,96,96,97,120,120,120,111,93,76,83,83,77,97,106,106,119,115,111,98,106,98,97,82,88,86
MYD17A2H.A2014249.h12v02.006.2015290090944.PsnNet_500m,MYD17A2H,A2014249,Lat65.9255Lon-137.4220833Samp13Line13,2015290090944,PsnNet_500m,97,97,97,97,97,88,88,75,82,82,82,82,82,96,97,97,98,88,82,86,86,90,86,90,82,74,105,98,98,88,80,81,74,82,84,82,82,74,82,100,100,100,82,72,76,82,82,82,82,82,82,81,95,90,76,70,74,82,82,86,82,91,82,83,86,86,86,75,74,86,86,77,85,85,83,81,73,85,84,75,86,82,82,82,95,69,74,73,83,83,91,90,103,98,90,69,90,83,75,74,77,77,86,86,93,93,47,74,95,95,86,77,77,86,86,84,70,62,69,86,91,91,85,86,81,86,84,70,77,77,71,91,91,91,91,85,85,81,91,84,74,74,75,96,83,83,85,105,105,105,97,81,69,73,73,69,85,93,93,102,99,97,87,91,86,86,70,79,75
MYD17A2H.A2014249.h12v02.006.2015290090944.Psn_QC_500m,MYD17A2H,A2014249,Lat65.9255Lon-137.4220833Samp13Line13,2015290090944,Psn_QC_500m,2,2,2,2,2,2,2,2,2,2,2,2,2,2,2,2,2,2,2,2,2,2,2,2,2,2,2,2,2,2,2,2,2,2,2,2,2,2,2,2,18,18,2,2,2,2,2,2,2,2,2,2,2,2,2,2,2,2,2,2,2,2,2,2,2,18,18,2,2,2,2,2,2,2,2,2,2,2,2,2,2,2,2,2,2,2,2,2,2,2,2,2,2,2,2,2,2,2,2,2,2,2,2,2,2,2,2,2,2,2,2,2,2,2,2,2,2,2,2,2,2,2,2,2,2,2,2,2,2,2,2,2,2,2,2,2,2,2,2,2,2,2,2,2,2,2,2,2,2,2,2,2,2,2,2,2,2,2,2,2,2,2,2,2,2,2,2,2,2
MYD17A2H.A2014257.h12v02.006.2015290093005.Gpp_500m,MYD17A2H,A2014257,Lat65.9255Lon-137.4220833Samp13Line13,2015290093005,Gpp_500m,111,104,104,105,104,104,85,75,82,82,90,80,85,104,104,105,105,98,82,86,86,86,92,100,85,81,105,105,104,103,98,74,74,74,92,100,81,74,66,105,103,86,86,74,74,81,85,86,100,100,89,89,98,98,86,65,74,100,85,86,86,86,100,81,100,85,74,66,85,85,74,74,92,100,66,66,74,74,85,81,81,74,74,85,86,74,66,66,81,81,86,100,94,120,85,85,106,74,66,66,86,81,81,92,100,100,74,74,100,100,81,74,74,75,99,86,75,48,48,92,92,103,100,74,75,81,86,75,81,81,108,81,100,100,81,81,81,75,100,85,84,75,75,108,108,81,92,116,112,108,92,86,75,75,75,75,81,92,108,110,109,108,108,98,84,86,75,75,75
MYD17A2H.A2014257.h12v02.006.2015290093005.PsnNet_500m,MYD17A2H,A2014257,Lat65.9255Lon-137.4220833Samp13Line13,2015290093005,PsnNet_500m,94,88,88,90,87,87,73,65,71,71,76,69,72,88,89,90,90,82,71,75,75,75,77,83,72,69,90,90,87,87,83,64,64,64,78,83,69,64,57,90,87,75,75,64,64,69,72,75,83,83,78,76,83,83,75,56,64,83,72,75,75,75,83,69,83,73,64,57,72,72,64,64,78,83,57,57,64,64,72,71,71,64,64,72,75,64,57,57,70,69,72,83,81,101,72,72,90,64,57,57,72,70,70,81,83,82,64,64,85,85,69,64,64,66,83,75,64,41,41,78,79,90,83,64,64,70,72,64,68,68,91,71,85,85,68,68,68,64,85,72,72,65,65,90,90,70,79,97,97,90,78,75,65,65,65,65,68,78,90,92,92,90,90,84,72,75,65,65,65
MYD17A2H.A2014257.h12v02.006.2015290093005.Psn_QC_500m,MYD17A2H,A2014257,Lat65.9255Lon-137.4220833Samp13Line13,2015290093005,Psn_QC_500m,2,2,2,2,2,2,2,2,2,2,2,2,2,2,2,2,2,2,2,2,2,2,2,2,2,2,2,2,2,2,2,2,2,2,2,2,2,2,2,2,2,2,2,2,2,2,2,2,2,2,10,2,2,2,2,2,2,2,2,2,2,2,2,2,2,2,2,2,2,2,10,10,2,2,2,2,2,2,2,2,2,2,2,2,2,2,2,2,2,2,2,2,2,2,2,2,2,2,2,2,2,2,2,10,2,10,2,2,2,2,2,2,2,2,2,2,2,2,2,2,2,10,2,2,2,2,2,2,2,2,10,2,2,2,2,2,2,2,2,2,2,2,2,2,2,2,2,2,2,2,2,2,2,2,2,2,2,2,2,2,2,2,2,2,2,2,2,2,2
MYD17A2H.A2014265.h12v02.006.2015291153803.Gpp_500m,MYD17A2H,A2014265,Lat65.9255Lon-137.4220833Samp13Line13,2015291153803,Gpp_500m,37,37,37,33,33,43,43,33,28,28,33,31,28,44,41,41,38,57,33,28,32,27,30,30,27,28,51,59,57,32,28,26,26,27,28,32,28,25,18,52,36,30,27,27,25,25,28,28,28,28,28,28,36,27,27,9,11,28,28,27,28,28,27,25,28,27,18,25,21,28,25,38,38,32,28,39,42,42,29,19,27,27,37,35,37,37,25,28,28,28,28,33,42,41,29,27,32,27,27,27,28,28,27,32,47,29,18,25,41,41,25,18,18,28,32,27,25,12,27,33,33,36,29,27,27,27,28,18,27,28,28,28,36,28,28,28,32,28,27,28,28,28,27,39,28,28,28,41,39,39,29,18,18,22,26,28,28,29,33,33,33,37,33,33,28,32,18,18,21
MYD17A2H.A2014265.h12v02.006.2015291153803.PsnNet_500m,MYD17A2H,A2014265,Lat65.9255Lon-137.4220833Samp13Line13,2015291153803,PsnNet_500m,30,30,29,28,28,34,34,28,23,23,28,25,25,35,33,33,32,43,28,23,26,23,26,26,20,25,39,45,43,27,23,19,20,23,25,25,25,19,16,42,30,26,23,23,19,19,25,25,25,25,25,24,29,23,23,9,9,25,25,20,25,24,20,19,24,23,15,19,19,25,19,31,31,27,24,31,32,32,25,17,20,20,30,30,30,30,20,24,24,24,24,29,33,33,25,20,27,23,23,20,24,24,20,25,39,25,16,19,32,32,20,16,16,24,27,20,20,11,20,29,29,30,25,20,20,20,24,16,20,24,24,24,30,24,24,24,27,24,20,23,24,24,20,31,24,24,24,32,32,32,25,16,16,19,20,24,24,25,29,29,29,30,28,28,24,27,16,16,19
MYD17A2H.A2014265.h12v02.006.2015291153803.Psn_QC_500m,MYD17A2H,A2014265,Lat65.9255Lon-137.4220833Samp13Line13,2015291153803,Psn_QC_500m,2,2,2,2,2,18,18,10,2,2,2,2,2,2,2,2,18,18,10,2,2,2,2,2,2,2,2,18,18,10,2,10,2,2,2,2,2,2,2,18,10,2,2,2,2,2,2,2,2,2,2,2,2,2,2,10,18,2,2,2,2,2,2,2,2,2,2,2,2,2,2,10,10,2,2,2,2,2,2,2,18,18,10,2,2,2,2,2,2,2,2,2,2,2,2,2,2,2,2,2,2,2,2,2,2,2,2,2,2,2,2,2,2,2,2,2,2,2,2,2,2,2,2,2,2,2,2,2,2,2,2,2,2,2,2,2,2,2,2,2,2,2,2,2,2,2,2,2,2,2,2,2,2,2,2,2,2,2,2,2,2,2,2,2,2,2,2,2,2
MYD17A2H.A2014273.h12v02.006.2015291204557.Gpp_500m,MYD17A2H,A2014273,Lat65.9255Lon-137.4220833Samp13Line13,2015291204557,Gpp_500m,11,10,11,10,10,11,8,5,6,6,6,6,0,11,11,11,12,10,6,6,6,5,6,4,6,5,11,11,9,9,6,4,4,5,5,5,5,5,6,25,4,4,6,6,4,5,5,6,6,6,5,5,0,5,6,5,2,4,5,18,5,7,7,7,0,5,5,2,4,4,5,6,6,4,0,0,0,0,2,12,12,5,5,7,0,0,0,0,0,0,4,5,5,0,0,0,0,0,0,0,0,0,7,2,0,0,0,0,0,0,0,0,4,7,7,7,7,0,0,0,0,0,0,5,7,7,7,24,24,23,0,0,0,0,7,0,29,25,4,5,4,6,6,0,4,4,5,10,25,0,7,7,5,7,18,4,5,7,7,7,4,4,5,18,18,4,5,5,5
MYD17A2H.A2014273.h12v02.006.2015291204557.PsnNet_500m,MYD17A2H,A2014273,Lat65.9255Lon-137.4220833Samp13Line13,2015291204557,PsnNet_500m,10,8,9,8,8,8,5,4,4,4,5,5,0,8,8,8,10,7,5,4,4,4,5,2,5,4,10,8,6,6,4,4,4,4,4,4,4,4,4,11,3,3,4,4,3,4,4,5,5,5,4,4,0,4,5,4,0,4,4,10,4,5,5,5,0,4,4,0,4,4,4,4,4,2,0,0,0,0,0,10,10,4,4,5,0,0,0,0,0,0,2,4,4,0,0,0,0,0,0,0,0,0,5,0,0,0,0,0,0,0,0,0,2,5,5,5,5,0,0,0,0,0,0,4,5,5,5,11,11,10,0,0,0,0,5,0,10,10,2,4,4,4,4,0,2,2,4,7,10,0,5,5,4,5,10,2,4,5,5,5,2,4,4,10,10,2,4,4,4
MYD17A2H.A2014273.h12v02.006.2015291204557.Psn_QC_500m,MYD17A2H,A2014273,Lat65.9255Lon-137.4220833Samp13Line13,2015291204557,Psn_QC_500m,10,10,10,10,10,10,10,10,10,10,10,10,75,10,10,10,10,10,10,10,10,10,10,10,10,10,10,10,10,10,10,10,10,10,10,10,10,10,10,75,75,75,10,10,10,10,10,10,10,10,10,10,75,10,10,10,75,75,10,75,10,10,10,10,75,10,10,75,75,75,10,10,10,10,75,75,75,75,75,75,75,10,10,10,75,75,75,75,75,75,10,10,10,75,75,75,75,75,75,75,75,75,10,75,75,75,75,75,75,75,75,75,10,10,10,10,10,75,75,75,75,75,75,10,10,10,10,75,75,75,75,75,75,75,10,75,75,75,10,10,10,10,10,75,10,10,10,75,75,75,10,10,10,10,75,10,10,10,10,10,10,75,75,75,75,75,10,10,10
MYD17A2H.A2014281.h12v02.006.2015291234407.Gpp_500m,MYD17A2H,A2014281,Lat65.9255Lon-137.4220833Samp13Line13,2015291234407,Gpp_500m,0,0,0,0,0,0,0,0,0,0,0,0,0,0,0,0,0,0,0,0,0,0,0,0,0,0,0,0,0,0,0,0,0,0,0,0,0,0,0,0,0,0,0,0,0,0,0,0,0,0,0,0,0,0,0,0,0,0,0,0,0,0,0,0,0,0,0,0,0,0,0,0,0,0,0,0,0,0,0,0,0,0,0,0,0,0,0,0,0,0,0,0,0,0,0,0,0,0,0,0,0,0,0,0,0,0,0,0,0,0,0,0,0,0,0,0,0,0,0,0,0,0,0,0,0,0,0,0,0,0,0,0,0,0,0,0,0,0,0,0,0,0,0,0,0,0,0,0,0,0,0,0,0,0,0,0,0,0,0,0,0,0,0,0,0,0,0,0,0
MYD17A2H.A2014281.h12v02.006.2015291234407.PsnNet_500m,MYD17A2H,A2014281,Lat65.9255Lon-137.4220833Samp13Line13,2015291234407,PsnNet_500m,0,0,0,0,0,0,0,0,0,0,0,0,0,0,0,0,0,0,0,0,0,0,0,0,0,0,0,0,0,0,0,0,0,0,0,0,0,0,0,0,0,0,0,0,0,0,0,0,0,0,0,0,0,0,0,0,0,0,0,0,0,0,0,0,0,0,0,0,0,0,0,0,0,0,0,0,0,0,0,0,0,0,0,0,0,0,0,0,0,0,0,0,0,0,0,0,0,0,0,0,0,0,0,0,0,0,0,0,0,0,0,0,0,0,0,0,0,0,0,0,0,0,0,0,0,0,0,0,0,0,0,0,0,0,0,0,0,0,0,0,0,0,0,0,0,0,0,0,0,0,0,0,0,0,0,0,0,0,0,0,0,0,0,0,0,0,0,0,0
MYD17A2H.A2014281.h12v02.006.2015291234407.Psn_QC_500m,MYD17A2H,A2014281,Lat65.9255Lon-137.4220833Samp13Line13,2015291234407,Psn_QC_500m,67,67,67,67,67,67,67,67,67,67,67,67,67,67,67,67,67,67,67,67,67,67,67,67,67,67,67,67,67,67,67,67,67,67,67,67,67,67,67,67,67,67,67,67,67,67,67,67,67,67,67,67,67,67,67,67,67,67,67,67,67,67,67,67,67,67,67,67,67,67,67,67,67,67,67,67,67,67,67,67,67,67,67,67,67,67,67,67,67,67,67,67,67,67,67,67,67,67,67,67,67,67,67,67,67,67,67,67,67,67,67,67,67,67,67,67,67,67,67,67,67,67,67,67,67,67,67,67,67,67,67,67,67,67,67,67,67,67,67,67,67,67,67,67,67,67,67,67,67,67,67,67,67,67,67,67,67,67,67,67,67,67,67,67,67,67,67,67,67
MYD17A2H.A2014289.h12v02.006.2015292022153.Gpp_500m,MYD17A2H,A2014289,Lat65.9255Lon-137.4220833Samp13Line13,2015292022153,Gpp_500m,0,0,0,0,0,0,0,0,0,0,0,0,0,0,0,0,0,0,0,0,0,0,0,0,0,0,0,0,0,0,0,0,0,0,0,0,0,0,0,0,0,0,0,0,0,0,0,0,0,0,0,0,0,0,0,0,0,0,0,0,0,0,0,0,0,0,0,0,0,0,0,0,0,0,0,0,0,0,0,0,0,0,0,0,0,0,0,0,0,0,0,0,0,0,0,0,0,0,0,0,0,0,0,0,0,0,0,0,0,0,0,0,0,0,0,0,0,0,0,0,0,0,0,0,0,0,0,0,0,0,0,0,0,0,0,0,0,0,0,0,0,0,0,0,0,0,0,0,0,0,0,0,0,0,0,0,0,0,0,0,0,0,0,0,0,0,0,0,0
MYD17A2H.A2014289.h12v02.006.2015292022153.PsnNet_500m,MYD17A2H,A2014289,Lat65.9255Lon-137.4220833Samp13Line13,2015292022153,PsnNet_500m,0,0,0,0,0,0,0,0,0,0,0,0,0,0,0,0,0,0,0,0,0,0,0,0,0,0,0,0,0,0,0,0,0,0,0,0,0,0,0,0,0,0,0,0,0,0,0,0,0,0,0,0,0,0,0,0,0,0,0,0,0,0,0,0,0,0,0,0,0,0,0,0,0,0,0,0,0,0,0,0,0,0,0,0,0,0,0,0,0,0,0,0,0,0,0,0,0,0,0,0,0,0,0,0,0,0,0,0,0,0,0,0,0,0,0,0,0,0,0,0,0,0,0,0,0,0,0,0,0,0,0,0,0,0,0,0,0,0,0,0,0,0,0,0,0,0,0,0,0,0,0,0,0,0,0,0,0,0,0,0,0,0,0,0,0,0,0,0,0
MYD17A2H.A2014289.h12v02.006.2015292022153.Psn_QC_500m,MYD17A2H,A2014289,Lat65.9255Lon-137.4220833Samp13Line13,2015292022153,Psn_QC_500m,67,67,67,67,67,67,67,67,67,67,67,67,67,67,67,67,67,67,67,67,67,67,67,67,67,67,67,67,67,67,67,67,67,67,67,67,67,67,67,67,67,67,67,67,67,67,67,67,67,67,67,67,67,67,67,67,67,67,67,67,67,67,67,67,67,67,67,67,67,67,67,67,67,67,67,67,67,67,67,67,67,67,67,67,67,67,67,67,67,67,67,67,67,67,67,67,67,67,67,67,67,67,67,67,67,67,67,67,67,67,67,67,67,67,67,67,67,67,67,67,67,67,67,67,67,67,67,67,67,67,67,67,67,67,67,67,67,67,67,67,67,67,67,67,67,67,67,67,67,67,67,67,67,67,67,67,67,67,67,67,67,67,67,67,67,67,67,67,67
MYD17A2H.A2014297.h12v02.006.2015292050308.Gpp_500m,MYD17A2H,A2014297,Lat65.9255Lon-137.4220833Samp13Line13,2015292050308,Gpp_500m,0,0,0,0,0,0,0,0,0,0,0,0,0,0,0,0,0,0,0,0,0,0,0,0,0,0,0,0,0,0,0,0,0,0,0,0,0,0,0,0,0,0,0,0,0,0,0,0,0,0,0,0,0,0,0,0,0,0,0,0,0,0,0,0,0,0,0,0,0,0,0,0,0,0,0,0,0,0,0,0,0,0,0,0,0,0,0,0,0,0,0,0,0,0,0,0,0,0,0,0,0,0,0,0,0,0,0,0,0,0,0,0,0,0,0,0,0,0,0,0,0,0,0,0,0,0,0,0,0,0,0,0,0,0,0,0,0,0,0,0,0,0,0,0,0,0,0,0,0,0,0,0,0,0,0,0,0,0,0,0,0,0,0,0,0,0,0,0,0
MYD17A2H.A2014297.h12v02.006.2015292050308.PsnNet_500m,MYD17A2H,A2014297,Lat65.9255Lon-137.4220833Samp13Line13,2015292050308,PsnNet_500m,0,0,0,0,0,0,0,0,0,0,0,0,0,0,0,0,0,0,0,0,0,0,0,0,0,0,0,0,0,0,0,0,0,0,0,0,0,0,0,0,0,0,0,0,0,0,0,0,0,0,0,0,0,0,0,0,0,0,0,0,0,0,0,0,0,0,0,0,0,0,0,0,0,0,0,0,0,0,0,0,0,0,0,0,0,0,0,0,0,0,0,0,0,0,0,0,0,0,0,0,0,0,0,0,0,0,0,0,0,0,0,0,0,0,0,0,0,0,0,0,0,0,0,0,0,0,0,0,0,0,0,0,0,0,0,0,0,0,0,0,0,0,0,0,0,0,0,0,0,0,0,0,0,0,0,0,0,0,0,0,0,0,0,0,0,0,0,0,0
MYD17A2H.A2014297.h12v02.006.2015292050308.Psn_QC_500m,MYD17A2H,A2014297,Lat65.9255Lon-137.4220833Samp13Line13,2015292050308,Psn_QC_500m,67,67,67,67,67,67,67,67,67,67,67,67,75,67,67,67,67,67,67,67,67,67,67,67,75,75,67,67,67,67,67,67,67,67,67,67,67,75,67,67,67,67,67,67,67,67,67,67,67,67,67,67,67,67,67,67,67,67,67,67,75,67,67,67,67,67,67,67,67,67,67,67,67,67,67,67,67,67,67,67,75,75,75,75,75,75,75,67,67,67,67,67,67,67,67,67,67,67,67,75,67,67,67,67,67,67,67,67,67,67,67,75,67,67,67,67,67,75,67,67,67,67,67,67,67,67,67,75,75,67,67,67,67,67,67,67,75,67,75,75,75,75,67,67,67,67,67,67,67,67,67,75,75,75,67,75,75,67,67,67,67,67,67,67,67,75,75,67,67
MYD17A2H.A2014305.h12v02.006.2015292081226.Gpp_500m,MYD17A2H,A2014305,Lat65.9255Lon-137.4220833Samp13Line13,2015292081226,Gpp_500m,0,0,0,0,0,0,0,0,0,0,0,0,0,0,0,0,0,0,0,0,0,0,0,0,0,0,0,0,0,0,0,0,0,0,0,0,0,0,0,0,0,0,0,0,0,0,0,0,0,0,0,0,0,0,0,0,0,0,0,0,0,0,0,0,0,0,0,0,0,0,0,0,0,0,0,0,0,0,0,0,0,0,0,0,0,0,0,0,0,0,0,0,0,0,0,0,0,0,0,0,0,0,0,0,0,0,0,0,0,0,0,0,0,0,0,0,0,0,0,0,0,0,0,0,0,0,0,0,0,0,0,0,0,0,0,0,0,0,0,0,0,0,0,0,0,0,0,0,0,0,0,0,0,0,0,0,0,0,0,0,0,0,0,0,0,0,0,0,0
MYD17A2H.A2014305.h12v02.006.2015292081226.PsnNet_500m,MYD17A2H,A2014305,Lat65.9255Lon-137.4220833Samp13Line13,2015292081226,PsnNet_500m,0,0,0,0,0,0,0,0,0,0,0,0,0,0,0,0,0,0,0,0,0,0,0,0,0,0,0,0,0,0,0,0,0,0,0,0,0,0,0,0,0,0,0,0,0,0,0,0,0,0,0,0,0,0,0,0,0,0,0,0,0,0,0,0,0,0,0,0,0,0,0,0,0,0,0,0,0,0,0,0,0,0,0,0,0,0,0,0,0,0,0,0,0,0,0,0,0,0,0,0,0,0,0,0,0,0,0,0,0,0,0,0,0,0,0,0,0,0,0,0,0,0,0,0,0,0,0,0,0,0,0,0,0,0,0,0,0,0,0,0,0,0,0,0,0,0,0,0,0,0,0,0,0,0,0,0,0,0,0,0,0,0,0,0,0,0,0,0,0
MYD17A2H.A2014305.h12v02.006.2015292081226.Psn_QC_500m,MYD17A2H,A2014305,Lat65.9255Lon-137.4220833Samp13Line13,2015292081226,Psn_QC_500m,67,67,67,67,67,67,75,75,75,67,67,67,67,67,67,67,67,67,67,75,67,67,67,67,67,67,67,67,67,67,67,75,75,67,67,67,67,67,75,67,67,67,75,75,67,67,67,67,75,67,67,75,67,67,75,75,75,67,67,67,75,75,75,75,75,75,75,75,75,75,75,75,75,75,75,75,75,75,75,75,75,75,75,75,75,75,75,75,75,75,67,67,67,67,67,67,67,67,67,75,75,67,67,67,67,75,67,67,67,67,67,67,67,67,67,67,67,75,67,67,67,67,75,67,67,67,67,75,75,75,75,75,75,67,75,75,75,75,67,75,75,75,67,67,67,67,67,67,67,67,67,75,75,67,67,75,67,67,67,67,67,67,67,67,67,75,75,75,75
MYD17A2H.A2014313.h12v02.006.2015292101739.Gpp_500m,MYD17A2H,A2014313,Lat65.9255Lon-137.4220833Samp13Line13,2015292101739,Gpp_500m,0,0,0,0,0,0,0,0,0,0,0,0,0,0,0,0,0,0,0,0,0,0,0,0,0,0,0,0,0,0,0,0,0,0,0,0,0,0,0,0,0,0,0,0,0,0,0,0,0,0,0,0,0,0,0,0,0,0,0,0,0,0,0,0,0,0,0,0,0,0,0,0,0,0,0,0,0,0,0,0,0,0,0,0,0,0,0,0,0,0,0,0,0,0,0,0,0,0,0,0,0,0,0,0,0,0,0,0,0,0,0,0,0,0,0,0,0,0,0,0,0,0,0,0,0,0,0,0,0,0,0,0,0,0,0,0,0,0,0,0,0,0,0,0,0,0,0,0,0,0,0,0,0,0,0,0,0,0,0,0,0,0,0,0,0,0,0,0,0
MYD17A2H.A2014313.h12v02.006.2015292101739.PsnNet_500m,MYD17A2H,A2014313,Lat65.9255Lon-137.4220833Samp13Line13,2015292101739,PsnNet_500m,0,0,0,0,0,0,0,0,0,0,0,0,0,0,0,0,0,0,0,0,0,0,0,0,0,0,-2,-2,0,0,0,0,0,0,0,0,0,0,0,0,0,0,0,0,0,0,0,0,0,0,0,0,0,0,0,0,0,0,0,0,0,0,0,0,0,0,0,0,0,0,0,0,0,0,0,0,0,0,0,0,0,0,0,0,0,0,0,0,0,0,0,0,0,0,0,0,0,0,0,0,0,0,0,0,0,0,0,0,0,0,0,0,0,0,0,0,0,0,0,0,0,0,0,0,0,0,0,0,0,0,0,0,0,0,0,0,0,0,0,0,0,0,0,0,0,0,0,0,0,0,0,0,0,0,0,0,0,0,0,0,0,0,0,0,0,0,0,0,0
MYD17A2H.A2014313.h12v02.006.2015292101739.Psn_QC_500m,MYD17A2H,A2014313,Lat65.9255Lon-137.4220833Samp13Line13,2015292101739,Psn_QC_500m,67,67,67,67,67,67,67,67,67,67,67,67,67,67,67,67,67,67,67,67,67,67,67,83,83,67,67,67,67,67,67,67,67,67,67,67,67,67,67,67,67,67,67,67,67,67,67,67,67,67,67,67,67,67,67,67,67,67,67,67,67,67,67,67,67,67,67,67,67,67,67,67,67,67,67,67,67,67,67,67,67,67,67,67,67,67,67,67,67,67,67,67,67,67,67,67,67,67,67,67,67,67,67,67,67,67,67,67,67,67,67,67,67,67,67,67,67,67,67,67,67,67,67,67,67,67,67,67,67,67,67,67,67,67,67,67,67,67,67,67,67,67,67,67,67,67,67,67,67,67,67,67,67,75,67,67,67,67,67,67,67,67,67,67,67,67,67,67,67
MYD17A2H.A2014321.h12v02.006.2015292110706.Gpp_500m,MYD17A2H,A2014321,Lat65.9255Lon-137.4220833Samp13Line13,2015292110706,Gpp_500m,0,0,0,0,0,0,0,0,0,0,0,0,0,0,0,0,0,0,0,0,0,0,0,0,0,0,0,0,0,0,0,0,0,0,0,0,0,0,0,0,0,0,0,0,0,0,0,0,0,0,0,0,0,0,0,0,0,0,0,0,0,0,0,0,0,0,0,0,0,0,0,0,0,0,0,0,0,0,0,0,0,0,0,0,0,0,0,0,0,0,0,0,0,0,0,0,0,0,0,0,0,0,0,0,0,0,0,0,0,0,0,0,0,0,0,0,0,0,0,0,0,0,0,0,0,0,0,0,0,0,0,0,0,0,0,0,0,0,0,0,0,0,0,0,0,0,0,0,0,0,0,0,0,0,0,0,0,0,0,0,0,0,0,0,0,0,0,0,0
MYD17A2H.A2014321.h12v02.006.2015292110706.PsnNet_500m,MYD17A2H,A2014321,Lat65.9255Lon-137.4220833Samp13Line13,2015292110706,PsnNet_500m,0,0,0,0,0,0,0,0,0,0,0,0,0,0,0,0,0,0,0,0,0,0,0,0,0,0,0,0,0,0,0,0,0,0,0,0,0,0,0,0,0,0,0,0,0,0,0,0,0,0,0,0,0,0,0,0,0,0,0,0,0,0,0,0,0,0,0,0,0,0,0,0,0,0,0,0,0,0,0,0,0,0,0,0,0,0,0,0,0,0,0,0,0,0,0,0,0,0,0,0,0,0,0,0,0,0,0,0,0,0,0,0,0,0,0,0,0,0,0,0,0,0,0,0,0,0,0,0,0,0,0,0,0,0,0,0,0,0,0,0,0,0,0,0,0,0,0,0,0,0,0,0,0,0,0,0,0,0,0,0,0,0,0,0,0,0,0,0,0
MYD17A2H.A2014321.h12v02.006.2015292110706.Psn_QC_500m,MYD17A2H,A2014321,Lat65.9255Lon-137.4220833Samp13Line13,2015292110706,Psn_QC_500m,67,67,67,67,67,67,67,67,67,67,67,67,67,67,67,67,67,67,67,67,67,67,67,67,67,67,67,67,67,67,67,67,67,67,67,67,67,67,67,67,67,67,67,67,67,67,67,67,67,67,67,67,67,67,67,67,67,67,67,67,67,67,67,67,67,67,67,67,67,67,67,67,67,67,67,67,67,67,67,67,67,67,67,67,67,67,67,67,67,67,67,67,67,67,67,67,67,67,67,67,67,67,67,67,67,67,67,67,67,67,67,67,67,67,67,67,67,67,67,67,67,67,67,67,67,67,67,67,67,67,67,67,67,67,67,67,67,67,67,67,67,67,67,67,67,67,67,67,67,67,67,67,67,67,67,67,67,67,67,67,67,67,67,67,67,67,67,67,67
MYD17A2H.A2014329.h12v02.006.2015292113340.Gpp_500m,MYD17A2H,A2014329,Lat65.9255Lon-137.4220833Samp13Line13,2015292113340,Gpp_500m,32767,32767,32767,32767,32767,32767,32767,32767,32767,32767,32767,32767,32767,32767,32767,32767,32767,32767,32767,32767,32767,32767,32767,32767,32767,32767,32767,32767,32767,32767,32767,32767,32767,32767,32767,32767,32767,32767,32767,32767,32767,32767,32767,32767,32767,32767,32767,32767,32767,32767,32767,32767,32767,32767,32767,32767,32767,32767,32767,32767,32767,32767,32767,32767,32767,32767,32767,32767,32767,32767,32767,32767,32767,32767,32767,32767,32767,32767,32767,32767,32767,32767,32767,32767,32767,32767,32767,32767,32767,32767,32767,32767,32767,32767,32767,32767,32767,32767,32767,32767,32767,32767,32767,32767,32767,32767,32767,32767,32767,32767,32767,32767,32767,32767,32767,32767,32767,32767,32767,32767,32767,32767,32767,32767,32767,32767,32767,32767,32767,32767,32767,32767,32767,32767,32767,32767,32767,32767,32767,32767,32767,32767,32767,32767,32767,32767,32767,32767,32767,32767,32767,32767,32767,32767,32767,32767,32767,32767,32767,32767,32767,32767,32767,32767,32767,32767,32767,32767,32767
MYD17A2H.A2014329.h12v02.006.2015292113340.PsnNet_500m,MYD17A2H,A2014329,Lat65.9255Lon-137.4220833Samp13Line13,2015292113340,PsnNet_500m,32767,32767,32767,32767,32767,32767,32767,32767,32767,32767,32767,32767,32767,32767,32767,32767,32767,32767,32767,32767,32767,32767,32767,32767,32767,32767,32767,32767,32767,32767,32767,32767,32767,32767,32767,32767,32767,32767,32767,32767,32767,32767,32767,32767,32767,32767,32767,32767,32767,32767,32767,32767,32767,32767,32767,32767,32767,32767,32767,32767,32767,32767,32767,32767,32767,32767,32767,32767,32767,32767,32767,32767,32767,32767,32767,32767,32767,32767,32767,32767,32767,32767,32767,32767,32767,32767,32767,32767,32767,32767,32767,32767,32767,32767,32767,32767,32767,32767,32767,32767,32767,32767,32767,32767,32767,32767,32767,32767,32767,32767,32767,32767,32767,32767,32767,32767,32767,32767,32767,32767,32767,32767,32767,32767,32767,32767,32767,32767,32767,32767,32767,32767,32767,32767,32767,32767,32767,32767,32767,32767,32767,32767,32767,32767,32767,32767,32767,32767,32767,32767,32767,32767,32767,32767,32767,32767,32767,32767,32767,32767,32767,32767,32767,32767,32767,32767,32767,32767,32767
MYD17A2H.A2014329.h12v02.006.2015292113340.Psn_QC_500m,MYD17A2H,A2014329,Lat65.9255Lon-137.4220833Samp13Line13,2015292113340,Psn_QC_500m,255,255,255,255,255,255,255,255,255,255,255,255,255,255,255,255,255,255,255,255,255,255,255,255,255,255,255,255,255,255,255,255,255,255,255,255,255,255,255,255,255,255,255,255,255,255,255,255,255,255,255,255,255,255,255,255,255,255,255,255,255,255,255,255,255,255,255,255,255,255,255,255,255,255,255,255,255,255,255,255,255,255,255,255,255,255,255,255,255,255,255,255,255,255,255,255,255,255,255,255,255,255,255,255,255,255,255,255,255,255,255,255,255,255,255,255,255,255,255,255,255,255,255,255,255,255,255,255,255,255,255,255,255,255,255,255,255,255,255,255,255,255,255,255,255,255,255,255,255,255,255,255,255,255,255,255,255,255,255,255,255,255,255,255,255,255,255,255,255
MYD17A2H.A2014337.h12v02.006.2015292115345.Gpp_500m,MYD17A2H,A2014337,Lat65.9255Lon-137.4220833Samp13Line13,2015292115345,Gpp_500m,32767,32767,32767,32767,32767,32767,32767,32767,32767,32767,32767,32767,32767,32767,32767,32767,32767,32767,32767,32767,32767,32767,32767,32767,32767,32767,32767,32767,32767,32767,32767,32767,32767,32767,32767,32767,32767,32767,32767,32767,32767,32767,32767,32767,32767,32767,32767,32767,32767,32767,32767,32767,32767,32767,32767,32767,32767,32767,32767,32767,32767,32767,32767,32767,32767,32767,32767,32767,32767,32767,32767,32767,32767,32767,32767,32767,32767,32767,32767,32767,32767,32767,32767,32767,32767,32767,32767,32767,32767,32767,32767,32767,32767,32767,32767,32767,32767,32767,32767,32767,32767,32767,32767,32767,32767,32767,32767,32767,32767,32767,32767,32767,32767,32767,32767,32767,32767,32767,32767,32767,32767,32767,32767,32767,32767,32767,32767,32767,32767,32767,32767,32767,32767,32767,32767,32767,32767,32767,32767,32767,32767,32767,32767,32767,32767,32767,32767,32767,32767,32767,32767,32767,32767,32767,32767,32767,32767,32767,32767,32767,32767,32767,32767,32767,32767,32767,32767,32767,32767
MYD17A2H.A2014337.h12v02.006.2015292115345.PsnNet_500m,MYD17A2H,A2014337,Lat65.9255Lon-137.4220833Samp13Line13,2015292115345,PsnNet_500m,32767,32767,32767,32767,32767,32767,32767,32767,32767,32767,32767,32767,32767,32767,32767,32767,32767,32767,32767,32767,32767,32767,32767,32767,32767,32767,32767,32767,32767,32767,32767,32767,32767,32767,32767,32767,32767,32767,32767,32767,32767,32767,32767,32767,32767,32767,32767,32767,32767,32767,32767,32767,32767,32767,32767,32767,32767,32767,32767,32767,32767,32767,32767,32767,32767,32767,32767,32767,32767,32767,32767,32767,32767,32767,32767,32767,32767,32767,32767,32767,32767,32767,32767,32767,32767,32767,32767,32767,32767,32767,32767,32767,32767,32767,32767,32767,32767,32767,32767,32767,32767,32767,32767,32767,32767,32767,32767,32767,32767,32767,32767,32767,32767,32767,32767,32767,32767,32767,32767,32767,32767,32767,32767,32767,32767,32767,32767,32767,32767,32767,32767,32767,32767,32767,32767,32767,32767,32767,32767,32767,32767,32767,32767,32767,32767,32767,32767,32767,32767,32767,32767,32767,32767,32767,32767,32767,32767,32767,32767,32767,32767,32767,32767,32767,32767,32767,32767,32767,32767
MYD17A2H.A2014337.h12v02.006.2015292115345.Psn_QC_500m,MYD17A2H,A2014337,Lat65.9255Lon-137.4220833Samp13Line13,2015292115345,Psn_QC_500m,255,255,255,255,255,255,255,255,255,255,255,255,255,255,255,255,255,255,255,255,255,255,255,255,255,255,255,255,255,255,255,255,255,255,255,255,255,255,255,255,255,255,255,255,255,255,255,255,255,255,255,255,255,255,255,255,255,255,255,255,255,255,255,255,255,255,255,255,255,255,255,255,255,255,255,255,255,255,255,255,255,255,255,255,255,255,255,255,255,255,255,255,255,255,255,255,255,255,255,255,255,255,255,255,255,255,255,255,255,255,255,255,255,255,255,255,255,255,255,255,255,255,255,255,255,255,255,255,255,255,255,255,255,255,255,255,255,255,255,255,255,255,255,255,255,255,255,255,255,255,255,255,255,255,255,255,255,255,255,255,255,255,255,255,255,255,255,255,255
MYD17A2H.A2014345.h12v02.006.2015294032401.Gpp_500m,MYD17A2H,A2014345,Lat65.9255Lon-137.4220833Samp13Line13,2015294032401,Gpp_500m,32767,32767,32767,32767,32767,32767,32767,32767,32767,32767,32767,32767,32767,32767,32767,32767,32767,32767,32767,32767,32767,32767,32767,32767,32767,32767,32767,32767,32767,32767,32767,32767,32767,32767,32767,32767,32767,32767,32767,32767,32767,32767,32767,32767,32767,32767,32767,32767,32767,32767,32767,32767,32767,32767,32767,32767,32767,32767,32767,32767,32767,32767,32767,32767,32767,32767,32767,32767,32767,32767,32767,32767,32767,32767,32767,32767,32767,32767,32767,32767,32767,32767,32767,32767,32767,32767,32767,32767,32767,32767,32767,32767,32767,32767,32767,32767,32767,32767,32767,32767,32767,32767,32767,32767,32767,32767,32767,32767,32767,32767,32767,32767,32767,32767,32767,32767,32767,32767,32767,32767,32767,32767,32767,32767,32767,32767,32767,32767,32767,32767,32767,32767,32767,32767,32767,32767,32767,32767,32767,32767,32767,32767,32767,32767,32767,32767,32767,32767,32767,32767,32767,32767,32767,32767,32767,32767,32767,32767,32767,32767,32767,32767,32767,32767,32767,32767,32767,32767,32767
MYD17A2H.A2014345.h12v02.006.2015294032401.PsnNet_500m,MYD17A2H,A2014345,Lat65.9255Lon-137.4220833Samp13Line13,2015294032401,PsnNet_500m,32767,32767,32767,32767,32767,32767,32767,32767,32767,32767,32767,32767,32767,32767,32767,32767,32767,32767,32767,32767,32767,32767,32767,32767,32767,32767,32767,32767,32767,32767,32767,32767,32767,32767,32767,32767,32767,32767,32767,32767,32767,32767,32767,32767,32767,32767,32767,32767,32767,32767,32767,32767,32767,32767,32767,32767,32767,32767,32767,32767,32767,32767,32767,32767,32767,32767,32767,32767,32767,32767,32767,32767,32767,32767,32767,32767,32767,32767,32767,32767,32767,32767,32767,32767,32767,32767,32767,32767,32767,32767,32767,32767,32767,32767,32767,32767,32767,32767,32767,32767,32767,32767,32767,32767,32767,32767,32767,32767,32767,32767,32767,32767,32767,32767,32767,32767,32767,32767,32767,32767,32767,32767,32767,32767,32767,32767,32767,32767,32767,32767,32767,32767,32767,32767,32767,32767,32767,32767,32767,32767,32767,32767,32767,32767,32767,32767,32767,32767,32767,32767,32767,32767,32767,32767,32767,32767,32767,32767,32767,32767,32767,32767,32767,32767,32767,32767,32767,32767,32767
MYD17A2H.A2014345.h12v02.006.2015294032401.Psn_QC_500m,MYD17A2H,A2014345,Lat65.9255Lon-137.4220833Samp13Line13,2015294032401,Psn_QC_500m,255,255,255,255,255,255,255,255,255,255,255,255,255,255,255,255,255,255,255,255,255,255,255,255,255,255,255,255,255,255,255,255,255,255,255,255,255,255,255,255,255,255,255,255,255,255,255,255,255,255,255,255,255,255,255,255,255,255,255,255,255,255,255,255,255,255,255,255,255,255,255,255,255,255,255,255,255,255,255,255,255,255,255,255,255,255,255,255,255,255,255,255,255,255,255,255,255,255,255,255,255,255,255,255,255,255,255,255,255,255,255,255,255,255,255,255,255,255,255,255,255,255,255,255,255,255,255,255,255,255,255,255,255,255,255,255,255,255,255,255,255,255,255,255,255,255,255,255,255,255,255,255,255,255,255,255,255,255,255,255,255,255,255,255,255,255,255,255,255
MYD17A2H.A2014353.h12v02.006.2015294034829.Gpp_500m,MYD17A2H,A2014353,Lat65.9255Lon-137.4220833Samp13Line13,2015294034829,Gpp_500m,32767,32767,32767,32767,32767,32767,32767,32767,32767,32767,32767,32767,32767,32767,32767,32767,32767,32767,32767,32767,32767,32767,32767,32767,32767,32767,32767,32767,32767,32767,32767,32767,32767,32767,32767,32767,32767,32767,32767,32767,32767,32767,32767,32767,32767,32767,32767,32767,32767,32767,32767,32767,32767,32767,32767,32767,32767,32767,32767,32767,32767,32767,32767,32767,32767,32767,32767,32767,32767,32767,32767,32767,32767,32767,32767,32767,32767,32767,32767,32767,32767,32767,32767,32767,32767,32767,32767,32767,32767,32767,32767,32767,32767,32767,32767,32767,32767,32767,32767,32767,32767,32767,32767,32767,32767,32767,32767,32767,32767,32767,32767,32767,32767,32767,32767,32767,32767,32767,32767,32767,32767,32767,32767,32767,32767,32767,32767,32767,32767,32767,32767,32767,32767,32767,32767,32767,32767,32767,32767,32767,32767,32767,32767,32767,32767,32767,32767,32767,32767,32767,32767,32767,32767,32767,32767,32767,32767,32767,32767,32767,32767,32767,32767,32767,32767,32767,32767,32767,32767
MYD17A2H.A2014353.h12v02.006.2015294034829.PsnNet_500m,MYD17A2H,A2014353,Lat65.9255Lon-137.4220833Samp13Line13,2015294034829,PsnNet_500m,32767,32767,32767,32767,32767,32767,32767,32767,32767,32767,32767,32767,32767,32767,32767,32767,32767,32767,32767,32767,32767,32767,32767,32767,32767,32767,32767,32767,32767,32767,32767,32767,32767,32767,32767,32767,32767,32767,32767,32767,32767,32767,32767,32767,32767,32767,32767,32767,32767,32767,32767,32767,32767,32767,32767,32767,32767,32767,32767,32767,32767,32767,32767,32767,32767,32767,32767,32767,32767,32767,32767,32767,32767,32767,32767,32767,32767,32767,32767,32767,32767,32767,32767,32767,32767,32767,32767,32767,32767,32767,32767,32767,32767,32767,32767,32767,32767,32767,32767,32767,32767,32767,32767,32767,32767,32767,32767,32767,32767,32767,32767,32767,32767,32767,32767,32767,32767,32767,32767,32767,32767,32767,32767,32767,32767,32767,32767,32767,32767,32767,32767,32767,32767,32767,32767,32767,32767,32767,32767,32767,32767,32767,32767,32767,32767,32767,32767,32767,32767,32767,32767,32767,32767,32767,32767,32767,32767,32767,32767,32767,32767,32767,32767,32767,32767,32767,32767,32767,32767
MYD17A2H.A2014353.h12v02.006.2015294034829.Psn_QC_500m,MYD17A2H,A2014353,Lat65.9255Lon-137.4220833Samp13Line13,2015294034829,Psn_QC_500m,255,255,255,255,255,255,255,255,255,255,255,255,255,255,255,255,255,255,255,255,255,255,255,255,255,255,255,255,255,255,255,255,255,255,255,255,255,255,255,255,255,255,255,255,255,255,255,255,255,255,255,255,255,255,255,255,255,255,255,255,255,255,255,255,255,255,255,255,255,255,255,255,255,255,255,255,255,255,255,255,255,255,255,255,255,255,255,255,255,255,255,255,255,255,255,255,255,255,255,255,255,255,255,255,255,255,255,255,255,255,255,255,255,255,255,255,255,255,255,255,255,255,255,255,255,255,255,255,255,255,255,255,255,255,255,255,255,255,255,255,255,255,255,255,255,255,255,255,255,255,255,255,255,255,255,255,255,255,255,255,255,255,255,255,255,255,255,255,255
MYD17A2H.A2014361.h12v02.006.2015295051840.Gpp_500m,MYD17A2H,A2014361,Lat65.9255Lon-137.4220833Samp13Line13,2015295051840,Gpp_500m,32767,32767,32767,32767,32767,32767,32767,32767,32767,32767,32767,32767,32767,32767,32767,32767,32767,32767,32767,32767,32767,32767,32767,32767,32767,32767,32767,32767,32767,32767,32767,32767,32767,32767,32767,32767,32767,32767,32767,32767,32767,32767,32767,32767,32767,32767,32767,32767,32767,32767,32767,32767,32767,32767,32767,32767,32767,32767,32767,32767,32767,32767,32767,32767,32767,32767,32767,32767,32767,32767,32767,32767,32767,32767,32767,32767,32767,32767,32767,32767,32767,32767,32767,32767,32767,32767,32767,32767,32767,32767,32767,32767,32767,32767,32767,32767,32767,32767,32767,32767,32767,32767,32767,32767,32767,32767,32767,32767,32767,32767,32767,32767,32767,32767,32767,32767,32767,32767,32767,32767,32767,32767,32767,32767,32767,32767,32767,32767,32767,32767,32767,32767,32767,32767,32767,32767,32767,32767,32767,32767,32767,32767,32767,32767,32767,32767,32767,32767,32767,32767,32767,32767,32767,32767,32767,32767,32767,32767,32767,32767,32767,32767,32767,32767,32767,32767,32767,32767,32767
MYD17A2H.A2014361.h12v02.006.2015295051840.PsnNet_500m,MYD17A2H,A2014361,Lat65.9255Lon-137.4220833Samp13Line13,2015295051840,PsnNet_500m,32767,32767,32767,32767,32767,32767,32767,32767,32767,32767,32767,32767,32767,32767,32767,32767,32767,32767,32767,32767,32767,32767,32767,32767,32767,32767,32767,32767,32767,32767,32767,32767,32767,32767,32767,32767,32767,32767,32767,32767,32767,32767,32767,32767,32767,32767,32767,32767,32767,32767,32767,32767,32767,32767,32767,32767,32767,32767,32767,32767,32767,32767,32767,32767,32767,32767,32767,32767,32767,32767,32767,32767,32767,32767,32767,32767,32767,32767,32767,32767,32767,32767,32767,32767,32767,32767,32767,32767,32767,32767,32767,32767,32767,32767,32767,32767,32767,32767,32767,32767,32767,32767,32767,32767,32767,32767,32767,32767,32767,32767,32767,32767,32767,32767,32767,32767,32767,32767,32767,32767,32767,32767,32767,32767,32767,32767,32767,32767,32767,32767,32767,32767,32767,32767,32767,32767,32767,32767,32767,32767,32767,32767,32767,32767,32767,32767,32767,32767,32767,32767,32767,32767,32767,32767,32767,32767,32767,32767,32767,32767,32767,32767,32767,32767,32767,32767,32767,32767,32767
MYD17A2H.A2014361.h12v02.006.2015295051840.Psn_QC_500m,MYD17A2H,A2014361,Lat65.9255Lon-137.4220833Samp13Line13,2015295051840,Psn_QC_500m,255,255,255,255,255,255,255,255,255,255,255,255,255,255,255,255,255,255,255,255,255,255,255,255,255,255,255,255,255,255,255,255,255,255,255,255,255,255,255,255,255,255,255,255,255,255,255,255,255,255,255,255,255,255,255,255,255,255,255,255,255,255,255,255,255,255,255,255,255,255,255,255,255,255,255,255,255,255,255,255,255,255,255,255,255,255,255,255,255,255,255,255,255,255,255,255,255,255,255,255,255,255,255,255,255,255,255,255,255,255,255,255,255,255,255,255,255,255,255,255,255,255,255,255,255,255,255,255,255,255,255,255,255,255,255,255,255,255,255,255,255,255,255,255,255,255,255,255,255,255,255,255,255,255,255,255,255,255,255,255,255,255,255,255,255,255,255,255,255
MYD17A2H.A2015001.h12v02.006.2015295094321.Gpp_500m,MYD17A2H,A2015001,Lat65.9255Lon-137.4220833Samp13Line13,2015295094321,Gpp_500m,32767,32767,32767,32767,32767,32767,32767,32767,32767,32767,32767,32767,32767,32767,32767,32767,32767,32767,32767,32767,32767,32767,32767,32767,32767,32767,32767,32767,32767,32767,32767,32767,32767,32767,32767,32767,32767,32767,32767,32767,32767,32767,32767,32767,32767,32767,32767,32767,32767,32767,32767,32767,32767,32767,32767,32767,32767,32767,32767,32767,32767,32767,32767,32767,32767,32767,32767,32767,32767,32767,32767,32767,32767,32767,32767,32767,32767,32767,32767,32767,32767,32767,32767,32767,32767,32767,32767,32767,32767,32767,32767,32767,32767,32767,32767,32767,32767,32767,32767,32767,32767,32767,32767,32767,32767,32767,32767,32767,32767,32767,32767,32767,32767,32767,32767,32767,32767,32767,32767,32767,32767,32767,32767,32767,32767,32767,32767,32767,32767,32767,32767,32767,32767,32767,32767,32767,32767,32767,32767,32767,32767,32767,32767,32767,32767,32767,32767,32767,32767,32767,32767,32767,32767,32767,32767,32767,32767,32767,32767,32767,32767,32767,32767,32767,32767,32767,32767,32767,32767
MYD17A2H.A2015001.h12v02.006.2015295094321.PsnNet_500m,MYD17A2H,A2015001,Lat65.9255Lon-137.4220833Samp13Line13,2015295094321,PsnNet_500m,32767,32767,32767,32767,32767,32767,32767,32767,32767,32767,32767,32767,32767,32767,32767,32767,32767,32767,32767,32767,32767,32767,32767,32767,32767,32767,32767,32767,32767,32767,32767,32767,32767,32767,32767,32767,32767,32767,32767,32767,32767,32767,32767,32767,32767,32767,32767,32767,32767,32767,32767,32767,32767,32767,32767,32767,32767,32767,32767,32767,32767,32767,32767,32767,32767,32767,32767,32767,32767,32767,32767,32767,32767,32767,32767,32767,32767,32767,32767,32767,32767,32767,32767,32767,32767,32767,32767,32767,32767,32767,32767,32767,32767,32767,32767,32767,32767,32767,32767,32767,32767,32767,32767,32767,32767,32767,32767,32767,32767,32767,32767,32767,32767,32767,32767,32767,32767,32767,32767,32767,32767,32767,32767,32767,32767,32767,32767,32767,32767,32767,32767,32767,32767,32767,32767,32767,32767,32767,32767,32767,32767,32767,32767,32767,32767,32767,32767,32767,32767,32767,32767,32767,32767,32767,32767,32767,32767,32767,32767,32767,32767,32767,32767,32767,32767,32767,32767,32767,32767
MYD17A2H.A2015001.h12v02.006.2015295094321.Psn_QC_500m,MYD17A2H,A2015001,Lat65.9255Lon-137.4220833Samp13Line13,2015295094321,Psn_QC_500m,255,255,255,255,255,255,255,255,255,255,255,255,255,255,255,255,255,255,255,255,255,255,255,255,255,255,255,255,255,255,255,255,255,255,255,255,255,255,255,255,255,255,255,255,255,255,255,255,255,255,255,255,255,255,255,255,255,255,255,255,255,255,255,255,255,255,255,255,255,255,255,255,255,255,255,255,255,255,255,255,255,255,255,255,255,255,255,255,255,255,255,255,255,255,255,255,255,255,255,255,255,255,255,255,255,255,255,255,255,255,255,255,255,255,255,255,255,255,255,255,255,255,255,255,255,255,255,255,255,255,255,255,255,255,255,255,255,255,255,255,255,255,255,255,255,255,255,255,255,255,255,255,255,255,255,255,255,255,255,255,255,255,255,255,255,255,255,255,255
MYD17A2H.A2015009.h12v02.006.2015295135111.Gpp_500m,MYD17A2H,A2015009,Lat65.9255Lon-137.4220833Samp13Line13,2015295135111,Gpp_500m,32767,32767,32767,32767,32767,32767,32767,32767,32767,32767,32767,32767,32767,32767,32767,32767,32767,32767,32767,32767,32767,32767,32767,32767,32767,32767,32767,32767,32767,32767,32767,32767,32767,32767,32767,32767,32767,32767,32767,32767,32767,32767,32767,32767,32767,32767,32767,32767,32767,32767,32767,32767,32767,32767,32767,32767,32767,32767,32767,32767,32767,32767,32767,32767,32767,32767,32767,32767,32767,32767,32767,32767,32767,32767,32767,32767,32767,32767,32767,32767,32767,32767,32767,32767,32767,32767,32767,32767,32767,32767,32767,32767,32767,32767,32767,32767,32767,32767,32767,32767,32767,32767,32767,32767,32767,32767,32767,32767,32767,32767,32767,32767,32767,32767,32767,32767,32767,32767,32767,32767,32767,32767,32767,32767,32767,32767,32767,32767,32767,32767,32767,32767,32767,32767,32767,32767,32767,32767,32767,32767,32767,32767,32767,32767,32767,32767,32767,32767,32767,32767,32767,32767,32767,32767,32767,32767,32767,32767,32767,32767,32767,32767,32767,32767,32767,32767,32767,32767,32767
MYD17A2H.A2015009.h12v02.006.2015295135111.PsnNet_500m,MYD17A2H,A2015009,Lat65.9255Lon-137.4220833Samp13Line13,2015295135111,PsnNet_500m,32767,32767,32767,32767,32767,32767,32767,32767,32767,32767,32767,32767,32767,32767,32767,32767,32767,32767,32767,32767,32767,32767,32767,32767,32767,32767,32767,32767,32767,32767,32767,32767,32767,32767,32767,32767,32767,32767,32767,32767,32767,32767,32767,32767,32767,32767,32767,32767,32767,32767,32767,32767,32767,32767,32767,32767,32767,32767,32767,32767,32767,32767,32767,32767,32767,32767,32767,32767,32767,32767,32767,32767,32767,32767,32767,32767,32767,32767,32767,32767,32767,32767,32767,32767,32767,32767,32767,32767,32767,32767,32767,32767,32767,32767,32767,32767,32767,32767,32767,32767,32767,32767,32767,32767,32767,32767,32767,32767,32767,32767,32767,32767,32767,32767,32767,32767,32767,32767,32767,32767,32767,32767,32767,32767,32767,32767,32767,32767,32767,32767,32767,32767,32767,32767,32767,32767,32767,32767,32767,32767,32767,32767,32767,32767,32767,32767,32767,32767,32767,32767,32767,32767,32767,32767,32767,32767,32767,32767,32767,32767,32767,32767,32767,32767,32767,32767,32767,32767,32767
MYD17A2H.A2015009.h12v02.006.2015295135111.Psn_QC_500m,MYD17A2H,A2015009,Lat65.9255Lon-137.4220833Samp13Line13,2015295135111,Psn_QC_500m,255,255,255,255,255,255,255,255,255,255,255,255,255,255,255,255,255,255,255,255,255,255,255,255,255,255,255,255,255,255,255,255,255,255,255,255,255,255,255,255,255,255,255,255,255,255,255,255,255,255,255,255,255,255,255,255,255,255,255,255,255,255,255,255,255,255,255,255,255,255,255,255,255,255,255,255,255,255,255,255,255,255,255,255,255,255,255,255,255,255,255,255,255,255,255,255,255,255,255,255,255,255,255,255,255,255,255,255,255,255,255,255,255,255,255,255,255,255,255,255,255,255,255,255,255,255,255,255,255,255,255,255,255,255,255,255,255,255,255,255,255,255,255,255,255,255,255,255,255,255,255,255,255,255,255,255,255,255,255,255,255,255,255,255,255,255,255,255,255
MYD17A2H.A2015017.h12v02.006.2015295143508.Gpp_500m,MYD17A2H,A2015017,Lat65.9255Lon-137.4220833Samp13Line13,2015295143508,Gpp_500m,0,0,0,0,0,0,0,0,0,0,0,0,0,0,0,0,0,0,0,0,0,0,0,0,0,0,0,0,0,0,0,0,0,0,0,0,0,0,0,0,0,0,0,0,0,0,0,0,0,0,0,0,0,0,0,0,0,0,0,0,0,0,0,0,0,0,0,0,0,0,0,0,0,0,0,0,0,0,0,0,0,0,0,0,0,0,0,0,0,0,0,0,0,0,0,0,0,0,0,0,0,0,0,0,0,0,0,0,0,0,0,0,0,0,0,0,0,0,0,0,0,0,0,0,0,0,0,0,0,0,0,0,0,0,0,0,0,0,0,0,0,0,0,0,0,0,0,0,0,0,0,0,0,0,0,0,0,0,0,0,0,0,0,0,0,0,0,0,0
MYD17A2H.A2015017.h12v02.006.2015295143508.PsnNet_500m,MYD17A2H,A2015017,Lat65.9255Lon-137.4220833Samp13Line13,2015295143508,PsnNet_500m,0,0,0,0,0,0,0,0,0,0,0,0,0,0,0,0,0,0,0,0,0,0,0,0,0,0,0,0,0,0,0,0,0,0,0,0,0,0,0,0,0,0,0,0,0,0,0,0,0,0,0,0,0,0,0,0,0,0,0,0,0,0,0,0,0,0,0,0,0,0,0,0,0,0,0,0,0,0,0,0,0,0,0,0,0,0,0,0,0,0,0,0,0,0,0,0,0,0,0,0,0,0,0,0,0,0,0,0,0,0,0,0,0,0,0,0,0,0,0,0,0,0,0,0,0,0,0,0,0,0,0,0,0,0,0,0,0,0,0,0,0,0,0,0,0,0,0,0,0,0,0,0,0,0,0,0,0,0,0,0,0,0,0,0,0,0,0,0,0
MYD17A2H.A2015017.h12v02.006.2015295143508.Psn_QC_500m,MYD17A2H,A2015017,Lat65.9255Lon-137.4220833Samp13Line13,2015295143508,Psn_QC_500m,75,75,75,75,75,75,75,75,75,75,75,75,75,75,75,75,75,75,75,75,75,75,75,75,75,75,75,75,75,75,75,75,67,67,67,83,83,83,67,75,67,75,67,67,67,83,83,83,83,67,67,83,67,67,67,83,83,67,75,75,67,67,83,83,83,83,67,67,67,75,75,75,75,83,83,83,75,75,75,75,75,75,67,67,67,83,83,75,83,67,67,75,67,67,67,67,83,83,83,83,67,67,67,67,67,67,67,83,67,83,83,67,67,67,67,67,67,67,75,75,67,67,67,67,67,67,83,67,67,67,75,67,67,67,67,67,67,83,67,67,67,75,75,67,67,67,67,67,83,67,83,83,83,75,75,83,67,67,67,67,75,67,83,67,75,75,75,75,75
MYD17A2H.A2015025.h12v02.006.2015295152008.Gpp_500m,MYD17A2H,A2015025,Lat65.9255Lon-137.4220833Samp13Line13,2015295152008,Gpp_500m,0,0,0,0,0,0,0,0,0,0,0,0,0,0,0,0,0,0,0,0,0,0,0,0,0,0,0,0,0,0,0,0,0,0,0,0,0,0,0,0,0,0,0,0,0,0,0,0,0,0,0,0,0,0,0,0,0,0,0,0,0,0,0,0,0,0,0,0,0,0,0,0,0,0,0,0,0,0,0,0,0,0,0,0,0,0,0,0,0,0,0,0,0,0,0,0,0,0,0,0,0,0,0,0,0,0,0,0,0,0,0,0,0,0,0,0,0,0,0,0,0,0,0,0,0,0,0,0,0,0,0,0,0,0,0,0,0,0,0,0,0,0,0,0,0,0,0,0,0,0,0,0,0,0,0,0,0,0,0,0,0,0,0,0,0,0,0,0,0
MYD17A2H.A2015025.h12v02.006.2015295152008.PsnNet_500m,MYD17A2H,A2015025,Lat65.9255Lon-137.4220833Samp13Line13,2015295152008,PsnNet_500m,0,0,0,0,0,0,0,0,0,0,0,0,0,0,0,0,0,0,0,0,0,0,0,0,0,0,0,0,0,0,0,0,0,0,0,0,0,0,0,0,0,0,0,0,0,0,0,0,0,0,0,0,0,0,0,0,0,0,0,0,0,0,0,0,0,0,0,0,0,0,0,0,0,0,0,0,0,0,0,0,0,0,0,0,0,0,0,0,0,0,0,0,0,0,0,0,0,0,0,0,0,0,0,0,0,0,0,0,0,0,0,0,0,0,0,0,0,0,0,0,0,0,0,0,0,0,0,0,0,0,0,0,0,0,0,0,0,0,0,0,0,0,0,0,0,0,0,0,0,0,0,0,0,0,0,0,0,0,0,0,0,0,0,0,0,0,0,0,0
MYD17A2H.A2015025.h12v02.006.2015295152008.Psn_QC_500m,MYD17A2H,A2015025,Lat65.9255Lon-137.4220833Samp13Line13,2015295152008,Psn_QC_500m,67,67,67,67,67,67,67,67,67,67,67,67,67,67,67,67,67,67,67,67,67,67,67,67,67,67,67,67,67,67,67,67,67,67,67,67,67,67,67,67,67,67,67,67,67,67,67,67,67,67,67,67,67,67,67,67,67,67,67,67,67,67,67,67,67,67,67,67,67,67,67,67,67,67,67,67,67,67,67,67,67,67,67,67,67,67,67,67,67,67,67,67,67,67,67,67,67,67,67,67,67,67,67,67,67,67,67,67,67,67,67,67,67,67,67,67,67,67,67,67,67,67,67,67,67,67,67,67,67,67,67,67,67,67,67,67,67,67,67,67,67,67,67,67,67,67,67,67,67,67,67,67,67,67,75,75,67,67,67,67,67,67,67,67,67,67,67,67,67
MYD17A2H.A2015033.h12v02.006.2015296081809.Gpp_500m,MYD17A2H,A2015033,Lat65.9255Lon-137.4220833Samp13Line13,2015296081809,Gpp_500m,0,0,0,0,0,0,0,0,0,0,0,0,0,0,0,0,0,0,0,0,0,0,0,0,0,0,0,0,0,0,0,0,0,0,0,0,0,0,0,0,0,0,0,0,0,0,0,0,0,0,0,0,0,0,0,0,0,0,0,0,0,0,0,0,0,0,0,0,0,0,0,0,0,0,0,0,0,0,0,0,0,0,0,0,0,0,0,0,0,0,0,0,0,0,0,0,0,0,0,0,0,0,0,0,0,0,0,0,0,0,0,0,0,0,0,0,0,0,0,0,0,0,0,0,0,0,0,0,0,0,0,0,0,0,0,0,0,0,0,0,0,0,0,0,0,0,0,0,0,0,0,0,0,0,0,0,0,0,0,0,0,0,0,0,0,0,0,0,0
MYD17A2H.A2015033.h12v02.006.2015296081809.PsnNet_500m,MYD17A2H,A2015033,Lat65.9255Lon-137.4220833Samp13Line13,2015296081809,PsnNet_500m,0,0,0,0,0,0,0,0,0,0,0,0,0,0,0,0,0,0,0,0,0,0,0,0,0,0,0,0,0,0,0,0,0,0,0,0,0,0,0,0,0,0,0,0,0,0,0,0,0,0,0,0,0,0,0,0,0,0,0,0,0,0,0,0,0,0,0,0,0,0,0,0,0,0,0,0,0,0,0,0,0,0,0,0,0,0,0,0,0,0,0,0,0,0,0,0,0,0,0,0,0,0,0,0,0,0,0,0,0,0,0,0,0,0,0,0,0,0,0,0,0,0,0,0,0,0,0,0,0,0,0,0,0,0,0,0,0,0,0,0,0,0,0,0,0,0,0,0,0,0,0,0,0,0,0,0,0,0,0,0,0,0,0,0,0,0,0,0,0
MYD17A2H.A2015033.h12v02.006.2015296081809.Psn_QC_500m,MYD17A2H,A2015033,Lat65.9255Lon-137.4220833Samp13Line13,2015296081809,Psn_QC_500m,67,67,67,67,67,67,67,75,75,67,75,67,67,67,67,67,67,67,67,75,67,67,67,67,67,67,67,67,67,67,67,67,75,67,67,67,67,75,67,67,67,67,75,75,75,67,67,67,67,67,67,75,67,67,75,75,67,67,67,67,67,67,67,67,67,67,75,75,75,75,75,75,75,67,75,75,75,75,67,67,67,75,75,75,75,75,75,75,67,67,67,75,67,67,67,67,67,67,67,75,75,67,67,67,67,67,67,67,67,67,67,75,75,67,67,67,75,75,67,67,67,67,67,67,67,75,75,75,75,75,75,67,67,67,75,75,67,67,67,67,67,67,75,67,67,67,67,67,67,67,67,67,67,67,67,75,75,67,67,67,67,67,67,67,67,67,75,75,67
MYD17A2H.A2015041.h12v02.006.2015297052728.Gpp_500m,MYD17A2H,A2015041,Lat65.9255Lon-137.4220833Samp13Line13,2015297052728,Gpp_500m,0,0,0,0,0,0,0,0,0,0,0,0,0,0,0,0,0,0,0,0,0,0,0,0,0,0,0,0,0,0,0,0,0,0,0,0,0,0,0,0,0,0,0,0,0,0,0,0,0,0,0,0,0,0,0,0,0,0,0,0,0,0,0,0,0,0,0,0,0,0,0,0,0,0,0,0,0,0,0,0,0,0,0,0,0,0,0,0,0,0,0,0,0,0,0,0,0,0,0,0,0,0,0,0,0,0,0,0,0,0,0,0,0,0,0,0,0,0,0,0,0,0,0,0,0,0,0,0,0,0,0,0,0,0,0,0,0,0,0,0,0,0,0,0,0,0,0,0,0,0,0,0,0,0,0,0,0,0,0,0,0,0,0,0,0,0,0,0,0
MYD17A2H.A2015041.h12v02.006.2015297052728.PsnNet_500m,MYD17A2H,A2015041,Lat65.9255Lon-137.4220833Samp13Line13,2015297052728,PsnNet_500m,0,0,0,0,0,0,0,0,0,0,0,0,0,0,0,0,0,0,0,0,0,0,0,0,0,0,0,0,0,0,0,0,0,0,0,0,0,0,0,0,0,0,0,0,0,0,0,0,0,0,0,0,0,0,0,0,0,0,0,0,0,0,0,0,0,0,0,0,0,0,0,0,0,0,0,0,0,0,0,0,0,0,0,0,0,0,0,0,0,0,0,0,0,0,0,0,0,0,0,0,0,0,0,0,0,0,0,0,0,0,0,0,0,0,0,0,0,0,0,0,0,0,0,0,0,0,0,0,0,0,0,0,0,0,0,0,0,0,0,0,0,0,0,0,0,0,0,0,0,0,0,0,0,0,0,0,0,0,0,0,0,0,0,0,0,0,0,0,0
MYD17A2H.A2015041.h12v02.006.2015297052728.Psn_QC_500m,MYD17A2H,A2015041,Lat65.9255Lon-137.4220833Samp13Line13,2015297052728,Psn_QC_500m,67,67,67,67,67,67,67,67,67,67,67,67,67,67,67,67,67,67,75,75,67,67,67,67,67,67,67,75,75,75,75,67,67,67,67,67,67,67,67,67,75,67,67,67,67,67,67,67,67,67,75,75,67,67,67,67,75,75,75,75,67,75,67,67,67,67,67,75,75,75,75,75,75,67,67,67,67,67,75,75,75,75,75,75,67,75,75,75,67,67,67,75,75,67,67,67,75,67,67,75,67,67,67,67,67,67,67,75,67,67,67,67,67,67,67,67,67,67,67,67,67,67,67,67,67,67,67,67,67,67,67,67,67,67,67,67,67,67,67,67,67,67,67,67,67,67,67,67,67,67,67,67,75,75,75,75,67,67,67,67,67,67,67,75,75,75,75,67,67
MYD17A2H.A2015049.h12v02.006.2015297061331.Gpp_500m,MYD17A2H,A2015049,Lat65.9255Lon-137.4220833Samp13Line13,2015297061331,Gpp_500m,0,0,0,0,0,0,0,0,0,0,0,0,0,0,0,0,0,0,0,0,0,0,0,0,0,0,0,0,0,0,0,0,0,0,0,0,0,0,0,0,0,0,0,0,0,0,0,0,0,0,0,0,0,0,0,0,0,0,0,0,0,0,0,0,0,0,0,0,0,0,0,0,0,0,0,0,0,0,0,0,0,0,0,0,0,0,0,0,0,0,0,0,0,0,0,0,0,0,0,0,0,0,0,0,0,0,0,0,0,0,0,0,0,0,0,0,0,0,0,0,0,0,0,0,0,0,0,0,0,0,0,0,0,0,0,0,0,0,0,0,0,0,0,0,0,0,0,0,0,0,0,0,0,0,0,0,0,0,0,0,0,0,0,0,0,0,0,0,0
MYD17A2H.A2015049.h12v02.006.2015297061331.PsnNet_500m,MYD17A2H,A2015049,Lat65.9255Lon-137.4220833Samp13Line13,2015297061331,PsnNet_500m,0,0,0,0,0,0,0,0,0,0,0,0,0,0,0,0,0,0,0,0,0,0,0,0,0,0,0,0,0,0,0,0,0,0,0,0,0,0,0,0,0,0,0,0,0,0,0,0,0,0,0,0,0,0,0,0,0,0,0,0,0,0,0,0,0,0,0,0,0,0,0,0,0,0,0,0,0,0,0,0,0,0,0,0,0,0,0,0,0,0,0,0,0,0,0,0,0,0,0,0,0,0,0,0,0,0,0,0,0,0,0,0,0,0,0,0,0,0,0,0,0,0,0,0,0,0,0,0,0,0,0,0,0,0,0,0,0,0,0,0,0,0,0,0,0,0,0,0,0,0,0,0,0,0,0,0,0,0,0,0,0,0,0,0,0,0,0,0,0
MYD17A2H.A2015049.h12v02.006.2015297061331.Psn_QC_500m,MYD17A2H,A2015049,Lat65.9255Lon-137.4220833Samp13Line13,2015297061331,Psn_QC_500m,67,67,67,67,67,67,67,67,67,67,67,67,67,67,67,67,67,67,67,67,67,67,67,67,67,67,67,67,67,67,67,67,75,75,75,67,67,67,67,67,67,67,67,67,67,67,67,67,67,67,67,67,67,67,67,67,67,67,67,67,67,67,67,67,67,67,67,67,67,67,67,67,67,67,67,67,67,67,67,67,67,67,67,67,75,67,67,67,67,67,67,67,67,67,67,67,67,67,67,67,67,67,67,67,67,67,67,67,67,67,67,67,67,67,67,67,67,67,67,67,67,67,67,67,67,67,67,67,67,67,67,67,67,67,67,67,67,67,67,67,67,67,75,67,67,67,67,67,67,67,67,67,67,67,67,67,67,67,67,67,67,67,67,67,67,67,67,67,67
MYD17A2H.A2015057.h12v02.006.2015297064117.Gpp_500m,MYD17A2H,A2015057,Lat65.9255Lon-137.4220833Samp13Line13,2015297064117,Gpp_500m,0,0,0,0,0,0,0,0,0,0,0,0,0,0,0,0,0,0,0,0,0,0,0,0,0,0,0,0,0,0,0,0,0,0,0,0,0,0,0,0,0,0,0,0,0,0,0,0,0,0,0,0,0,0,0,0,0,0,0,0,0,0,0,0,0,0,0,0,0,0,0,0,0,0,0,0,0,0,0,0,0,0,0,0,0,0,0,0,0,0,0,0,0,0,0,0,0,0,0,0,0,0,0,0,0,0,0,0,0,0,0,0,0,0,0,0,0,0,0,0,0,0,0,0,0,0,0,0,0,0,0,0,0,0,0,0,0,0,0,0,0,0,0,0,0,0,0,0,0,0,0,0,0,0,0,0,0,0,0,0,0,0,0,0,0,0,0,0,0
MYD17A2H.A2015057.h12v02.006.2015297064117.PsnNet_500m,MYD17A2H,A2015057,Lat65.9255Lon-137.4220833Samp13Line13,2015297064117,PsnNet_500m,0,0,0,0,0,0,0,0,0,0,0,0,0,0,0,0,0,0,0,0,0,0,0,0,0,0,0,0,0,0,0,0,0,0,0,0,0,0,0,0,0,0,0,0,0,0,0,0,0,0,0,0,0,0,0,0,0,0,0,0,0,0,0,0,0,0,0,0,0,0,0,0,0,0,0,0,0,0,0,0,0,0,0,0,0,0,0,0,0,0,0,0,0,0,0,0,0,0,0,0,0,0,0,0,0,0,0,0,0,0,0,0,0,0,0,0,0,0,0,0,0,0,0,0,0,0,0,0,0,0,0,0,0,0,0,0,0,0,0,0,0,0,0,0,0,0,0,0,0,0,0,0,0,0,0,0,0,0,0,0,0,0,0,0,0,0,0,0,0
MYD17A2H.A2015057.h12v02.006.2015297064117.Psn_QC_500m,MYD17A2H,A2015057,Lat65.9255Lon-137.4220833Samp13Line13,2015297064117,Psn_QC_500m,75,67,75,75,75,75,75,75,75,75,75,83,83,75,75,67,75,75,75,75,75,75,75,75,75,75,75,75,75,75,75,75,67,67,75,75,75,67,75,75,67,67,75,75,75,75,75,75,75,67,75,75,67,75,75,75,75,75,75,75,75,75,75,75,75,75,75,75,75,67,75,75,75,75,75,75,75,75,83,75,75,75,75,67,75,75,75,75,75,75,75,75,75,75,75,75,75,75,75,75,75,75,75,67,75,75,75,75,75,75,75,75,75,75,75,75,75,75,75,67,75,75,75,75,75,75,75,75,75,75,67,75,75,67,75,75,75,75,75,75,75,75,75,75,75,75,75,75,75,75,75,75,75,83,75,75,75,75,75,75,75,75,83,83,67,75,75,75,75
MYD17A2H.A2015065.h12v02.006.2015297070327.Gpp_500m,MYD17A2H,A2015065,Lat65.9255Lon-137.4220833Samp13Line13,2015297070327,Gpp_500m,0,0,0,0,0,0,0,0,0,0,0,0,0,0,0,0,0,0,0,0,0,0,0,0,0,0,0,0,0,0,0,0,0,0,0,0,0,0,0,0,0,0,0,0,0,0,0,0,0,0,0,0,0,0,0,0,0,0,0,0,0,0,0,0,0,0,0,0,0,0,0,0,0,0,0,0,0,0,0,0,0,0,0,0,0,0,0,0,0,0,0,0,0,0,0,0,0,0,0,0,0,0,0,0,0,0,0,0,0,0,0,0,0,0,0,0,0,0,0,0,0,0,0,0,0,0,0,0,0,0,0,0,0,0,0,0,0,0,0,0,0,0,0,0,0,0,0,0,0,0,0,0,0,0,0,0,0,0,0,0,0,0,0,0,0,0,0,0,0
MYD17A2H.A2015065.h12v02.006.2015297070327.PsnNet_500m,MYD17A2H,A2015065,Lat65.9255Lon-137.4220833Samp13Line13,2015297070327,PsnNet_500m,0,0,0,0,0,0,0,0,0,0,0,0,0,0,0,0,0,0,0,0,0,0,0,0,0,0,0,0,0,0,0,0,0,0,0,0,0,0,0,0,0,0,0,0,0,0,0,0,0,0,0,0,0,0,0,0,0,0,0,0,0,0,0,0,0,0,0,0,0,0,0,0,0,0,0,0,0,0,0,0,0,0,0,0,0,0,0,0,0,0,0,0,0,0,0,0,0,0,0,0,0,0,0,0,0,0,0,0,0,0,0,0,0,0,0,0,0,0,0,0,0,0,0,0,0,0,0,0,0,0,0,0,0,0,0,0,0,0,0,0,0,0,0,0,0,0,0,0,0,0,0,0,0,0,0,0,0,0,0,0,0,0,0,0,0,0,0,0,0
MYD17A2H.A2015065.h12v02.006.2015297070327.Psn_QC_500m,MYD17A2H,A2015065,Lat65.9255Lon-137.4220833Samp13Line13,2015297070327,Psn_QC_500m,67,67,67,67,67,83,2,2,2,2,2,75,2,67,83,2,2,2,2,2,75,75,2,2,2,83,2,2,2,2,2,2,2,2,83,83,2,2,2,2,2,2,2,2,2,2,2,2,2,75,2,2,83,83,2,2,2,2,2,2,2,2,75,2,2,83,2,2,2,2,75,2,2,67,2,2,2,2,2,2,2,2,2,2,2,2,2,2,67,75,2,67,67,67,67,67,67,67,67,2,2,2,75,75,67,67,67,67,67,67,67,2,2,75,2,2,2,67,67,67,67,67,2,2,2,2,2,2,2,2,2,67,67,67,67,67,2,75,75,75,75,2,2,67,67,67,75,75,75,75,75,2,2,67,2,2,67,75,75,75,75,75,67,67,67,2,2,2,67
MYD17A2H.A2015073.h12v02.006.2015297072241.Gpp_500m,MYD17A2H,A2015073,Lat65.9255Lon-137.4220833Samp13Line13,2015297072241,Gpp_500m,0,0,0,0,0,0,0,0,0,0,0,0,0,0,0,0,0,0,0,0,0,0,0,0,0,0,0,0,0,0,0,0,0,0,0,0,0,0,0,0,0,0,0,0,0,0,0,0,0,0,0,0,0,0,0,0,0,0,0,0,0,0,0,0,0,0,0,0,0,0,0,0,0,0,0,0,0,0,0,0,0,0,0,0,0,0,0,0,0,0,0,0,0,0,0,0,0,0,0,0,0,0,0,0,0,0,0,0,0,0,0,0,0,0,0,0,0,0,0,0,0,0,0,0,0,0,0,0,0,0,0,0,0,0,0,0,0,0,0,0,0,0,0,0,0,0,0,0,0,0,0,0,0,0,0,0,0,0,0,0,0,0,0,0,0,0,0,0,0
MYD17A2H.A2015073.h12v02.006.2015297072241.PsnNet_500m,MYD17A2H,A2015073,Lat65.9255Lon-137.4220833Samp13Line13,2015297072241,PsnNet_500m,0,0,0,0,0,0,0,0,0,0,0,0,0,0,0,0,0,0,0,0,0,0,0,0,0,0,0,0,0,0,0,0,0,0,0,0,0,0,0,0,0,0,0,0,0,0,0,0,0,0,0,0,0,0,0,0,0,0,0,0,0,0,0,0,0,0,0,0,0,0,0,0,0,0,0,0,0,0,0,0,0,0,0,0,0,0,0,0,0,0,0,0,0,0,0,0,0,0,0,0,0,0,0,0,0,0,0,0,0,0,0,0,0,0,0,0,0,0,0,0,0,0,0,0,0,0,0,0,0,0,0,0,0,0,0,0,0,0,0,0,0,0,0,0,0,0,0,0,0,0,0,0,0,0,0,0,0,0,0,0,0,0,0,0,0,0,0,0,0
MYD17A2H.A2015073.h12v02.006.2015297072241.Psn_QC_500m,MYD17A2H,A2015073,Lat65.9255Lon-137.4220833Samp13Line13,2015297072241,Psn_QC_500m,99,99,99,99,107,107,2,10,10,2,10,99,107,107,99,10,10,10,2,2,10,10,2,2,2,10,2,2,10,2,10,10,10,10,2,107,2,10,10,2,2,10,2,2,10,2,107,10,10,2,2,2,107,107,10,10,2,2,2,10,2,2,2,2,2,2,2,2,2,2,2,2,99,107,2,2,10,10,99,2,2,2,2,2,2,2,2,2,10,107,10,99,99,99,99,99,99,2,2,2,10,2,107,107,99,99,99,99,99,2,10,10,2,10,99,99,107,99,107,99,99,99,2,2,99,2,2,2,2,107,99,99,99,99,99,99,2,99,2,99,99,99,107,99,107,107,99,99,99,99,99,2,2,10,2,10,107,99,99,99,99,99,99,99,99,99,2,10,10
MYD17A2H.A2015081.h12v02.006.2015299025412.Gpp_500m,MYD17A2H,A2015081,Lat65.9255Lon-137.4220833Samp13Line13,2015299025412,Gpp_500m,0,0,0,0,0,0,0,0,0,0,0,0,0,0,0,0,0,0,0,0,0,0,0,0,0,0,1,1,1,1,0,0,0,0,0,0,0,0,0,1,1,1,0,0,0,0,0,0,0,0,0,0,0,0,0,0,0,0,0,0,0,0,0,0,0,0,0,0,0,0,0,0,0,0,0,0,0,0,0,0,0,0,0,0,0,0,0,0,0,0,0,0,0,0,0,0,0,0,0,0,0,0,0,0,0,0,0,0,0,0,0,0,0,0,0,0,0,0,0,0,0,0,0,0,0,0,0,0,0,0,0,0,0,0,0,0,0,0,0,0,0,0,0,0,0,0,0,0,0,0,0,0,0,0,0,0,0,0,0,0,0,0,0,0,0,0,0,0,0
MYD17A2H.A2015081.h12v02.006.2015299025412.PsnNet_500m,MYD17A2H,A2015081,Lat65.9255Lon-137.4220833Samp13Line13,2015299025412,PsnNet_500m,0,0,0,0,0,0,0,0,0,0,0,0,0,0,0,0,0,0,0,0,0,0,0,0,0,0,0,0,0,0,0,0,0,0,0,0,0,0,0,0,0,0,0,0,0,0,0,0,0,0,0,0,0,0,0,0,0,0,0,0,0,0,0,0,0,0,0,0,0,0,0,0,0,0,0,0,0,0,0,0,0,0,0,0,0,0,0,0,0,0,0,0,0,0,0,0,0,0,0,0,0,0,0,0,0,0,0,0,0,0,0,0,0,0,0,0,0,0,0,0,0,0,0,0,0,0,0,0,0,0,0,0,0,0,0,0,0,0,0,0,0,0,0,0,0,0,0,0,0,0,0,0,0,0,0,0,0,0,0,0,0,0,0,0,0,0,0,0,0
MYD17A2H.A2015081.h12v02.006.2015299025412.Psn_QC_500m,MYD17A2H,A2015081,Lat65.9255Lon-137.4220833Samp13Line13,2015299025412,Psn_QC_500m,107,107,107,2,107,99,10,2,2,2,10,18,18,107,107,2,2,2,2,2,2,2,2,99,2,2,2,2,2,2,2,2,2,2,18,2,2,2,2,2,2,2,2,2,2,2,2,2,2,99,2,2,99,99,18,2,2,2,99,99,2,18,2,2,2,18,2,2,2,18,18,2,18,2,2,2,2,2,99,18,18,2,2,18,99,2,2,2,99,10,10,99,99,99,18,18,2,2,2,2,2,2,2,99,99,107,107,99,2,10,10,2,2,10,10,18,10,99,99,99,10,10,10,2,18,18,2,2,2,18,2,2,10,99,10,10,18,10,99,99,107,18,10,99,99,99,10,99,99,99,99,99,10,107,2,2,99,10,99,99,99,99,99,10,107,107,10,2,2
MYD17A2H.A2015089.h12v02.006.2015299044602.Gpp_500m,MYD17A2H,A2015089,Lat65.9255Lon-137.4220833Samp13Line13,2015299044602,Gpp_500m,0,0,0,0,0,0,0,0,0,0,0,0,0,0,0,0,0,0,0,0,0,0,0,0,0,0,0,0,0,0,0,0,0,0,0,0,0,0,0,0,0,0,0,0,0,0,0,0,0,0,0,0,0,0,0,0,0,0,0,0,0,0,0,0,0,0,0,0,0,0,0,0,0,0,0,0,0,0,0,0,0,0,0,0,0,0,0,0,0,0,0,0,0,0,0,0,0,0,0,0,0,0,0,0,0,0,0,0,0,0,0,0,0,0,0,0,0,0,0,0,0,0,0,0,0,0,0,0,0,0,0,0,0,0,0,0,0,0,0,0,0,0,0,0,0,0,0,0,0,0,0,0,0,0,0,0,0,0,0,0,0,0,0,0,0,0,0,0,0
MYD17A2H.A2015089.h12v02.006.2015299044602.PsnNet_500m,MYD17A2H,A2015089,Lat65.9255Lon-137.4220833Samp13Line13,2015299044602,PsnNet_500m,0,0,0,0,0,0,0,0,0,0,0,0,0,0,0,0,0,0,0,0,0,0,0,0,0,0,0,0,0,0,0,0,0,0,0,0,0,0,0,0,0,0,0,0,0,0,0,0,0,0,0,0,0,0,0,0,0,0,0,0,0,0,0,0,0,0,0,0,0,0,0,0,0,0,0,0,0,0,0,0,0,0,0,0,0,0,0,0,0,0,0,0,0,0,0,0,0,0,0,0,0,0,0,0,0,0,0,0,0,0,0,0,0,0,0,0,0,0,0,0,0,0,0,0,0,0,0,0,0,0,0,0,0,0,0,0,0,0,0,0,0,0,0,0,0,0,0,0,0,0,0,0,0,0,0,0,0,0,0,0,0,0,0,0,0,0,0,0,0
MYD17A2H.A2015089.h12v02.006.2015299044602.Psn_QC_500m,MYD17A2H,A2015089,Lat65.9255Lon-137.4220833Samp13Line13,2015299044602,Psn_QC_500m,107,99,99,99,99,107,10,2,10,10,99,107,107,99,99,10,10,10,10,2,10,107,10,107,107,107,2,10,2,10,10,10,2,107,107,107,10,10,10,2,107,2,2,2,2,10,10,10,10,10,10,10,107,107,2,10,10,10,10,10,10,99,107,107,107,107,10,10,10,10,107,10,107,107,107,10,10,10,107,107,107,107,107,107,107,107,2,107,107,107,107,107,99,99,99,99,99,107,2,107,2,2,2,107,99,107,107,107,107,107,107,2,107,107,107,107,107,99,107,107,107,107,107,107,107,107,107,107,107,107,107,107,107,107,107,107,107,107,10,107,107,10,10,107,107,107,107,107,107,10,107,107,10,10,10,10,107,107,107,107,107,107,107,107,10,107,10,10,10
MYD17A2H.A2015097.h12v02.006.2015299062437.Gpp_500m,MYD17A2H,A2015097,Lat65.9255Lon-137.4220833Samp13Line13,2015299062437,Gpp_500m,1,1,1,1,1,1,2,2,2,2,1,1,1,1,2,1,2,2,2,2,2,1,1,1,1,1,6,6,3,2,1,2,2,1,1,1,1,1,1,2,2,1,2,2,1,1,1,1,1,1,1,1,1,1,1,1,1,1,1,1,1,1,1,1,1,1,1,1,1,1,1,1,1,1,1,1,1,1,1,1,1,1,1,0,0,0,0,1,1,1,1,1,0,0,0,0,0,0,1,1,1,1,1,1,0,0,0,0,1,1,1,1,1,1,1,1,1,0,0,1,1,1,1,1,1,1,1,1,1,1,1,1,1,1,1,1,1,1,1,1,1,1,1,1,1,1,1,1,1,1,1,1,1,1,1,1,1,1,1,1,1,1,1,1,0,0,1,1,1
MYD17A2H.A2015097.h12v02.006.2015299062437.PsnNet_500m,MYD17A2H,A2015097,Lat65.9255Lon-137.4220833Samp13Line13,2015299062437,PsnNet_500m,1,1,1,1,1,1,2,2,2,2,1,1,1,1,1,1,2,2,2,2,2,1,1,1,1,1,4,4,3,2,1,2,2,1,1,1,1,1,1,2,2,1,2,2,1,1,1,1,1,1,1,1,1,1,1,1,1,1,1,1,1,1,1,1,1,0,0,0,1,1,0,0,0,0,1,1,1,1,0,0,0,0,0,0,0,0,0,0,0,0,1,0,0,0,0,0,0,0,0,0,0,1,1,0,0,0,0,0,0,0,0,0,0,1,1,1,1,0,0,0,0,0,0,0,0,0,0,1,1,1,0,0,0,0,0,0,1,1,1,1,1,1,1,0,0,0,1,1,1,1,0,0,1,0,1,1,0,0,1,1,1,0,0,0,0,0,1,1,1
MYD17A2H.A2015097.h12v02.006.2015299062437.Psn_QC_500m,MYD17A2H,A2015097,Lat65.9255Lon-137.4220833Samp13Line13,2015299062437,Psn_QC_500m,99,99,99,99,99,99,2,10,2,2,99,99,107,99,99,10,10,10,10,10,2,99,107,107,107,107,10,10,10,10,10,2,2,2,107,107,107,2,2,2,2,10,2,2,99,107,107,107,107,107,99,99,107,107,99,99,107,107,99,99,99,99,99,99,99,107,107,99,99,99,99,99,99,99,99,2,2,10,99,99,99,99,99,99,99,99,99,107,107,107,107,99,99,99,99,99,99,99,107,107,107,99,99,99,99,99,99,99,99,107,107,99,99,99,99,99,99,99,99,99,99,99,99,99,99,99,99,99,99,99,99,99,99,99,99,99,99,99,99,99,99,99,107,99,99,99,99,99,99,99,99,99,99,107,99,2,99,107,99,99,99,99,99,107,99,99,99,99,2
MYD17A2H.A2015105.h12v02.006.2015299080824.Gpp_500m,MYD17A2H,A2015105,Lat65.9255Lon-137.4220833Samp13Line13,2015299080824,Gpp_500m,4,7,7,4,4,3,6,11,11,11,6,6,3,7,6,6,6,11,11,11,6,6,6,3,3,3,11,11,11,11,11,14,11,11,3,6,6,6,6,11,11,11,6,6,6,3,6,6,6,6,6,6,6,6,2,3,4,6,3,3,3,3,3,3,2,2,2,3,3,3,3,2,2,2,2,2,3,3,6,6,2,2,2,1,1,2,6,6,6,6,3,2,1,1,0,0,1,6,3,2,6,6,2,3,6,0,0,0,1,6,6,3,3,3,3,3,3,0,0,6,6,6,6,6,3,3,2,2,3,3,1,2,3,3,2,2,2,2,2,2,2,2,2,6,3,6,6,3,3,3,3,2,2,2,2,2,3,3,3,3,3,2,2,2,2,1,2,6,3
MYD17A2H.A2015105.h12v02.006.2015299080824.PsnNet_500m,MYD17A2H,A2015105,Lat65.9255Lon-137.4220833Samp13Line13,2015299080824,PsnNet_500m,3,5,5,3,3,3,5,10,11,10,5,5,3,5,5,5,5,11,11,11,5,5,5,3,3,3,11,11,11,11,10,11,10,10,3,6,6,6,6,11,11,11,5,5,5,3,6,6,6,6,6,6,5,5,2,2,3,6,3,3,3,3,3,3,2,2,2,3,3,3,3,2,2,2,2,2,3,3,6,6,2,2,2,1,1,2,6,6,6,6,3,2,1,1,0,0,1,6,3,2,6,6,2,3,6,0,0,0,1,6,6,3,3,3,3,3,3,0,0,6,6,6,6,6,3,3,2,2,3,3,1,2,3,3,2,2,2,2,2,2,2,2,2,6,3,6,6,3,3,3,3,2,2,2,2,2,3,3,3,3,3,2,2,2,2,1,2,6,3
MYD17A2H.A2015105.h12v02.006.2015299080824.Psn_QC_500m,MYD17A2H,A2015105,Lat65.9255Lon-137.4220833Samp13Line13,2015299080824,Psn_QC_500m,99,2,99,107,99,107,10,2,2,2,2,2,99,2,2,2,2,2,2,2,2,2,2,99,99,99,2,2,2,2,2,2,2,2,99,2,2,2,2,2,2,2,2,2,2,99,2,2,2,2,2,2,2,2,107,107,107,2,99,99,99,99,99,99,99,107,107,99,99,99,99,99,99,99,99,99,99,99,2,2,99,99,99,99,99,99,2,2,10,10,99,99,99,99,99,99,99,2,99,99,2,2,99,99,2,99,99,99,99,2,2,99,99,99,99,99,99,99,99,2,2,2,10,10,99,99,99,99,99,99,99,99,99,99,99,99,99,99,99,99,99,99,99,2,99,10,10,99,99,99,99,99,99,99,99,99,99,99,99,99,99,99,99,99,99,99,99,2,99
MYD17A2H.A2015113.h12v02.006.2015299095342.Gpp_500m,MYD17A2H,A2015113,Lat65.9255Lon-137.4220833Samp13Line13,2015299095342,Gpp_500m,4,7,7,7,6,4,11,11,11,11,4,4,4,6,11,12,11,11,11,11,10,7,7,4,4,4,15,12,12,12,12,11,11,7,4,4,4,7,7,12,11,7,7,7,4,4,4,4,4,4,4,4,4,4,4,7,7,7,4,4,4,4,4,1,1,4,4,4,4,1,1,1,1,1,4,7,7,4,4,4,4,1,1,0,0,0,1,1,1,1,1,1,0,0,0,0,0,0,1,1,1,5,4,4,0,0,0,0,0,1,1,1,1,1,4,4,1,0,0,1,1,1,1,1,1,1,1,0,1,1,1,1,1,1,0,1,1,1,4,4,0,0,1,1,0,0,1,1,1,4,0,0,0,0,0,0,0,0,1,1,4,0,0,0,0,0,0,0,0
MYD17A2H.A2015113.h12v02.006.2015299095342.PsnNet_500m,MYD17A2H,A2015113,Lat65.9255Lon-137.4220833Samp13Line13,2015299095342,PsnNet_500m,4,5,5,5,4,4,11,11,11,11,4,4,1,4,11,12,11,11,11,11,7,6,6,1,1,1,13,12,11,12,12,11,11,6,1,1,1,6,6,12,11,5,6,6,4,1,1,1,1,1,1,1,1,1,1,6,6,6,1,1,1,1,1,1,1,1,4,1,1,1,1,1,1,1,4,6,6,2,1,1,1,1,1,0,0,0,1,1,1,1,1,1,0,0,0,0,0,0,1,1,1,4,2,2,0,0,0,0,0,1,1,1,1,1,4,2,1,0,0,1,1,1,1,1,1,1,1,0,1,1,1,1,1,1,0,1,1,1,2,2,0,0,1,1,0,0,1,1,1,2,0,0,0,0,0,0,0,0,1,1,2,0,0,0,0,0,0,0,0
MYD17A2H.A2015113.h12v02.006.2015299095342.Psn_QC_500m,MYD17A2H,A2015113,Lat65.9255Lon-137.4220833Samp13Line13,2015299095342,Psn_QC_500m,99,2,2,2,99,99,2,2,2,2,99,99,99,99,2,2,2,2,2,2,2,2,2,99,99,99,2,2,2,2,2,2,2,2,99,99,99,2,2,2,2,2,2,2,2,99,99,99,99,99,99,99,99,99,99,2,2,2,99,99,99,99,99,99,99,99,2,99,99,99,99,99,99,99,2,2,2,99,99,99,99,99,99,99,99,99,99,99,99,99,99,99,99,99,99,99,99,99,99,99,99,2,99,99,99,107,107,99,99,99,99,99,99,99,99,99,99,107,99,99,99,99,99,99,99,99,99,99,99,99,99,99,99,99,99,99,99,99,99,99,99,99,99,99,99,99,99,99,99,99,99,99,99,99,99,99,99,99,99,99,99,99,99,99,99,99,99,99,99
MYD17A2H.A2015121.h12v02.006.2015299111339.Gpp_500m,MYD17A2H,A2015121,Lat65.9255Lon-137.4220833Samp13Line13,2015299111339,Gpp_500m,23,10,23,18,18,10,10,22,22,16,10,10,10,23,23,23,23,22,22,22,22,22,10,10,13,13,28,26,22,18,18,22,18,16,13,2,10,10,10,26,22,22,22,10,10,10,2,10,10,10,10,10,4,2,10,10,10,10,2,10,10,10,4,10,10,1,10,10,10,2,2,10,2,2,1,10,10,10,2,2,2,1,2,1,1,1,2,7,7,1,10,1,1,1,1,1,1,2,2,2,2,10,10,2,1,1,1,1,1,2,10,2,4,8,4,4,7,1,1,2,2,10,4,4,8,8,4,8,2,2,2,2,2,4,2,8,4,4,2,2,4,8,8,2,2,4,8,8,4,10,10,1,8,2,8,10,10,2,10,10,10,10,10,10,2,12,7,7,10
MYD17A2H.A2015121.h12v02.006.2015299111339.PsnNet_500m,MYD17A2H,A2015121,Lat65.9255Lon-137.4220833Samp13Line13,2015299111339,PsnNet_500m,20,10,20,18,17,10,10,20,20,15,10,10,10,20,20,20,20,20,20,20,20,20,10,10,12,12,26,25,20,17,17,20,17,15,12,2,10,10,10,25,20,20,20,10,10,10,2,10,10,10,10,10,4,2,10,10,10,10,2,10,10,10,4,10,10,1,10,10,10,2,2,10,2,2,1,10,10,10,2,2,2,1,2,1,1,1,2,5,5,1,9,1,1,1,1,1,1,2,2,2,2,9,9,2,1,1,1,1,1,2,10,2,4,7,4,4,5,1,1,2,2,10,4,4,7,7,4,7,2,2,2,2,2,4,2,7,4,4,2,2,4,7,7,2,2,4,7,7,4,9,9,1,7,2,7,9,9,2,9,9,9,9,9,9,2,12,5,5,9
MYD17A2H.A2015121.h12v02.006.2015299111339.Psn_QC_500m,MYD17A2H,A2015121,Lat65.9255Lon-137.4220833Samp13Line13,2015299111339,Psn_QC_500m,2,10,2,2,2,10,2,2,2,2,2,2,18,2,2,2,2,2,2,2,2,2,2,2,10,10,2,2,2,2,2,2,2,2,10,99,2,2,10,2,2,2,2,2,2,2,99,10,2,2,10,2,99,99,2,2,2,2,99,2,2,2,75,2,2,107,2,2,2,99,99,2,99,99,107,2,2,2,99,99,99,107,99,107,107,107,99,99,99,107,2,107,107,107,107,107,107,99,99,99,99,2,2,99,107,107,107,107,107,99,2,99,107,99,99,99,99,107,107,99,99,2,107,107,99,99,107,99,107,107,107,99,107,107,107,99,107,107,99,107,107,99,99,99,107,107,99,99,107,2,2,107,99,99,99,2,2,107,99,2,2,2,2,2,99,10,99,99,2
MYD17A2H.A2015129.h12v02.006.2015299202250.Gpp_500m,MYD17A2H,A2015129,Lat65.9255Lon-137.4220833Samp13Line13,2015299202250,Gpp_500m,201,274,274,213,229,162,184,127,124,145,145,178,179,235,194,218,229,184,152,172,172,172,168,166,160,160,235,236,212,172,163,134,134,134,146,160,160,134,134,206,191,134,168,155,155,146,156,160,160,160,146,146,178,168,168,127,146,146,160,160,117,117,172,161,161,163,127,123,174,184,184,189,206,123,127,105,123,123,174,174,117,189,178,137,123,123,67,83,127,127,115,189,166,166,105,105,95,83,67,78,127,95,133,139,172,172,56,105,112,115,101,67,71,128,128,128,123,33,33,101,83,71,100,100,128,139,78,78,72,72,71,137,71,71,100,100,72,78,78,72,72,78,128,95,133,146,146,184,184,156,156,83,67,99,99,83,128,146,184,183,150,150,88,128,128,61,61,67,123
MYD17A2H.A2015129.h12v02.006.2015299202250.PsnNet_500m,MYD17A2H,A2015129,Lat65.9255Lon-137.4220833Samp13Line13,2015299202250,PsnNet_500m,185,251,251,196,211,148,171,118,113,134,134,165,165,217,181,201,211,171,139,159,159,159,154,154,148,150,216,216,198,160,150,125,125,125,133,148,148,124,124,189,176,125,153,145,145,133,144,148,148,148,134,134,163,154,154,118,133,133,148,148,107,107,160,150,149,150,118,113,160,167,167,175,191,114,118,98,113,113,160,160,108,175,164,129,114,114,64,78,118,118,109,175,154,154,98,98,89,78,64,71,118,89,124,129,160,160,51,98,104,109,94,64,68,117,117,117,114,31,31,93,78,67,94,94,117,129,71,71,68,68,67,129,69,69,94,94,68,71,71,68,68,71,118,87,124,133,133,170,170,145,145,78,63,94,95,78,118,133,168,168,139,139,82,118,118,57,57,63,113
MYD17A2H.A2015129.h12v02.006.2015299202250.Psn_QC_500m,MYD17A2H,A2015129,Lat65.9255Lon-137.4220833Samp13Line13,2015299202250,Psn_QC_500m,2,10,10,18,18,2,18,2,2,2,2,2,2,18,2,10,18,18,2,18,2,2,2,2,2,2,10,18,10,2,2,2,2,2,2,2,2,2,2,2,10,2,18,18,18,2,18,2,2,2,2,2,2,18,18,18,2,2,2,2,2,2,2,2,2,2,18,2,2,2,2,2,2,2,18,2,2,2,2,2,2,2,2,2,2,2,2,10,2,2,2,2,2,2,2,2,2,10,18,2,2,2,2,2,2,2,2,18,10,18,18,2,2,18,2,2,2,10,2,18,10,18,18,18,18,18,2,2,18,2,10,18,10,10,18,18,18,18,18,2,2,2,2,10,10,18,18,18,18,18,18,10,2,2,2,10,2,18,18,18,10,10,10,2,2,10,2,2,2
MYD17A2H.A2015137.h12v02.006.2015299204208.Gpp_500m,MYD17A2H,A2015137,Lat65.9255Lon-137.4220833Samp13Line13,2015299204208,Gpp_500m,528,528,508,434,462,471,471,461,492,499,499,499,460,528,547,462,462,462,442,461,509,462,462,499,499,404,565,565,453,453,453,442,453,453,452,414,396,386,386,527,527,453,453,433,433,396,404,441,460,460,499,499,453,453,414,424,376,452,452,432,432,525,525,452,452,442,388,376,432,432,468,518,574,574,555,555,431,432,452,452,452,499,441,564,564,545,460,498,516,460,460,460,460,536,357,338,386,404,396,404,404,396,404,422,441,291,301,441,526,452,414,413,387,404,508,469,431,242,291,468,414,431,431,404,422,460,431,396,396,431,441,396,460,460,413,404,442,516,422,414,396,387,387,430,441,452,516,535,535,508,443,443,396,396,387,395,431,535,535,497,469,517,431,414,443,387,386,386,393
MYD17A2H.A2015137.h12v02.006.2015299204208.PsnNet_500m,MYD17A2H,A2015137,Lat65.9255Lon-137.4220833Samp13Line13,2015299204208,PsnNet_500m,471,474,455,390,415,424,424,415,441,449,449,449,414,470,490,415,415,415,399,415,454,415,415,448,448,364,504,501,406,406,408,400,406,406,406,373,358,350,350,474,474,406,406,390,390,358,364,399,414,414,443,443,408,408,374,385,341,406,406,390,390,472,472,406,406,400,349,341,390,390,422,462,508,509,492,492,391,391,406,406,406,448,398,502,502,489,414,444,462,414,414,414,414,479,326,310,349,364,356,364,364,358,367,383,398,266,275,398,473,406,373,373,349,364,457,424,390,223,266,424,373,390,390,364,383,414,390,358,358,393,398,358,414,414,373,364,398,462,383,373,358,349,349,390,398,407,461,479,479,452,398,398,355,355,350,357,390,481,481,448,424,462,390,374,398,350,350,350,357
MYD17A2H.A2015137.h12v02.006.2015299204208.Psn_QC_500m,MYD17A2H,A2015137,Lat65.9255Lon-137.4220833Samp13Line13,2015299204208,Psn_QC_500m,2,2,2,2,2,2,2,2,2,2,2,2,2,2,2,2,2,2,2,2,2,2,2,2,2,2,2,2,2,2,2,2,2,2,2,2,2,2,2,2,2,2,2,2,2,2,2,2,2,2,2,2,2,2,2,2,2,2,2,2,2,2,2,2,2,2,2,2,2,2,2,2,2,2,2,2,2,2,2,2,2,2,2,2,2,2,2,2,2,2,2,2,2,2,2,2,2,2,2,2,2,2,2,2,2,2,2,2,2,2,2,2,2,2,2,2,2,2,2,2,2,2,2,2,2,2,2,2,2,2,2,2,2,2,2,2,2,2,2,2,2,2,2,2,2,2,2,2,2,2,2,2,2,2,2,2,2,2,2,2,2,2,2,2,2,2,2,2,2
MYD17A2H.A2015145.h12v02.006.2015299210106.Gpp_500m,MYD17A2H,A2015145,Lat65.9255Lon-137.4220833Samp13Line13,2015299210106,Gpp_500m,379,378,400,380,401,409,409,428,463,434,485,485,444,413,428,429,386,386,394,387,451,428,373,373,338,308,443,463,428,380,422,444,444,428,429,373,429,373,373,463,463,380,394,394,435,459,520,380,367,396,408,408,422,422,400,477,386,408,408,386,387,373,450,372,415,387,428,429,396,408,429,436,387,415,415,372,444,409,416,416,380,423,449,345,471,395,395,415,429,428,445,423,373,373,317,339,429,428,389,389,396,378,323,297,395,353,219,415,451,429,395,372,316,338,338,360,316,275,366,366,395,416,396,396,353,338,338,339,415,415,323,401,423,436,436,389,373,344,340,340,325,325,282,378,389,389,402,444,415,415,381,359,325,296,297,353,366,422,410,415,415,422,422,340,340,332,353,373,324
MYD17A2H.A2015145.h12v02.006.2015299210106.PsnNet_500m,MYD17A2H,A2015145,Lat65.9255Lon-137.4220833Samp13Line13,2015299210106,PsnNet_500m,344,344,364,344,364,368,368,387,415,391,437,437,402,374,387,387,352,352,356,350,406,387,341,341,308,282,401,416,387,343,379,399,399,388,388,337,388,341,337,416,415,343,356,356,393,411,461,345,335,357,371,371,383,383,364,426,353,372,373,353,353,337,406,342,380,353,388,388,359,373,389,394,349,376,376,339,401,371,380,380,345,383,406,317,425,360,360,376,388,387,401,388,337,337,288,309,389,389,353,353,359,346,296,272,357,322,203,376,408,388,359,340,289,309,309,326,290,252,334,334,358,376,359,359,322,308,308,309,379,379,296,365,382,395,395,352,341,315,309,309,296,296,260,346,353,352,365,400,377,377,346,329,296,270,271,325,334,384,370,377,377,384,384,310,310,303,325,341,298
MYD17A2H.A2015145.h12v02.006.2015299210106.Psn_QC_500m,MYD17A2H,A2015145,Lat65.9255Lon-137.4220833Samp13Line13,2015299210106,Psn_QC_500m,2,2,2,2,2,2,2,2,2,2,2,2,2,2,2,2,2,2,2,2,2,2,2,2,2,2,2,2,2,2,2,2,2,2,2,2,2,2,2,2,2,2,2,2,2,2,2,2,2,2,2,2,2,2,2,2,2,2,2,2,2,2,2,18,2,2,2,2,2,10,2,2,2,2,2,2,2,2,10,10,2,2,2,2,2,2,2,2,2,2,2,10,2,2,2,2,2,2,2,2,2,2,2,2,2,2,2,2,2,2,2,2,2,2,2,2,2,2,2,2,2,2,2,2,2,2,2,2,2,2,2,2,2,2,2,2,2,2,2,2,2,2,2,2,2,2,2,2,2,2,2,2,2,2,2,2,2,2,2,2,2,2,2,2,2,2,2,2,2
MYD17A2H.A2015153.h12v02.006.2015299211942.Gpp_500m,MYD17A2H,A2015153,Lat65.9255Lon-137.4220833Samp13Line13,2015299211942,Gpp_500m,274,299,289,279,279,273,263,263,263,269,133,202,201,302,289,288,288,260,260,273,214,93,74,201,231,228,288,288,260,260,263,263,240,240,241,228,231,217,232,293,385,263,263,263,240,260,260,228,177,256,198,218,235,235,240,240,247,316,247,301,260,256,221,211,247,235,236,247,266,266,277,339,339,363,326,247,247,247,228,241,316,202,344,345,386,188,178,178,261,261,247,241,241,320,188,218,206,178,178,228,257,290,291,271,356,173,23,133,149,139,266,266,197,261,203,261,261,79,122,277,277,290,241,207,247,247,261,242,232,292,296,296,257,173,173,253,242,242,267,267,312,312,242,241,203,167,261,317,307,158,158,258,258,99,306,144,261,317,342,312,80,66,108,243,292,267,238,218,242
MYD17A2H.A2015153.h12v02.006.2015299211942.PsnNet_500m,MYD17A2H,A2015153,Lat65.9255Lon-137.4220833Samp13Line13,2015299211942,PsnNet_500m,248,268,261,253,253,248,241,241,241,244,123,183,183,272,261,261,261,236,236,249,196,87,67,183,211,206,261,261,236,236,241,241,220,220,221,206,211,199,211,262,341,241,241,241,220,239,239,206,162,232,181,200,214,215,220,220,222,281,226,274,239,232,204,191,224,213,214,225,240,240,252,307,307,324,290,224,224,224,206,221,279,186,308,308,339,173,162,162,239,239,224,218,218,289,174,198,188,164,164,206,233,264,264,247,316,159,22,122,136,127,241,241,181,239,188,240,240,73,115,251,251,263,221,188,224,224,240,220,211,263,267,267,233,159,159,228,221,220,242,242,280,280,220,221,186,151,239,282,276,146,146,233,233,91,275,132,239,286,303,280,73,59,102,223,265,244,217,200,222
MYD17A2H.A2015153.h12v02.006.2015299211942.Psn_QC_500m,MYD17A2H,A2015153,Lat65.9255Lon-137.4220833Samp13Line13,2015299211942,Psn_QC_500m,18,2,2,2,2,2,2,2,2,2,10,2,2,2,2,2,2,2,2,2,67,10,10,2,2,2,2,2,2,2,2,2,2,2,2,2,2,2,2,2,18,2,2,2,2,2,2,2,2,2,2,10,2,2,2,2,2,10,10,10,10,2,2,2,2,2,2,10,67,67,2,18,18,2,2,2,2,2,2,2,67,2,18,18,2,2,2,2,2,2,2,2,2,18,10,2,2,2,2,2,2,10,10,2,2,10,2,67,10,10,2,2,2,2,10,2,2,2,10,2,2,2,2,2,2,2,2,2,2,2,2,2,2,2,2,2,2,2,2,2,2,2,2,2,2,2,2,2,2,2,2,2,2,10,2,2,2,2,2,2,2,10,10,2,2,2,10,2,2
MYD17A2H.A2015161.h12v02.006.2015301114751.Gpp_500m,MYD17A2H,A2015161,Lat65.9255Lon-137.4220833Samp13Line13,2015301114751,Gpp_500m,356,356,319,318,239,330,306,306,416,416,374,429,422,392,392,336,323,239,412,453,453,412,436,422,422,300,202,361,306,306,502,502,424,472,440,440,280,280,98,436,436,466,416,440,460,390,390,325,226,122,72,301,380,293,368,375,355,354,243,105,250,238,301,354,373,227,387,306,243,153,79,250,366,366,403,366,366,323,293,238,238,117,232,232,342,377,336,336,293,323,323,243,256,349,349,243,323,323,256,256,256,300,341,183,256,313,250,336,336,354,250,250,300,300,237,195,195,301,250,256,220,323,237,288,288,262,226,226,323,347,312,226,256,300,300,323,276,276,288,353,370,340,299,226,342,323,329,300,300,195,335,370,352,346,359,171,313,323,250,250,148,105,105,97,97,117,142,141,129
MYD17A2H.A2015161.h12v02.006.2015301114751.PsnNet_500m,MYD17A2H,A2015161,Lat65.9255Lon-137.4220833Samp13Line13,2015301114751,PsnNet_500m,318,318,286,286,217,298,276,275,368,368,338,379,373,346,346,300,292,217,360,396,396,368,384,373,373,266,187,324,275,275,431,432,378,409,390,390,256,256,92,382,382,405,370,392,401,349,349,294,206,113,70,274,337,266,328,334,321,321,223,98,228,218,274,318,335,210,341,279,226,141,74,228,327,327,358,328,328,289,266,221,221,109,212,212,309,338,302,302,264,290,290,226,235,314,314,222,292,291,234,234,234,270,305,169,235,279,228,302,302,314,229,229,273,273,217,181,181,270,228,234,201,290,217,262,262,239,207,207,290,310,281,207,234,271,270,290,250,250,262,313,328,304,273,207,309,289,298,273,273,178,302,328,313,310,318,157,282,290,230,230,135,98,98,92,92,109,129,129,119
MYD17A2H.A2015161.h12v02.006.2015301114751.Psn_QC_500m,MYD17A2H,A2015161,Lat65.9255Lon-137.4220833Samp13Line13,2015301114751,Psn_QC_500m,2,2,2,2,2,2,2,2,2,2,2,2,2,2,2,2,2,2,2,2,2,2,2,2,2,2,2,2,2,2,2,2,2,2,2,2,2,2,10,2,2,2,2,2,2,2,2,2,2,10,10,2,2,2,2,2,2,2,18,18,2,10,2,2,2,2,2,2,2,18,10,2,2,2,2,2,2,2,10,10,10,10,2,2,2,2,2,2,2,2,2,10,10,2,2,2,2,2,2,2,2,2,67,2,10,2,2,2,2,67,2,2,2,2,67,10,10,2,2,67,67,67,2,18,18,10,10,10,67,67,67,67,10,18,18,67,10,10,10,67,67,67,67,10,18,67,18,10,10,10,67,67,67,67,67,10,18,18,10,10,10,10,10,10,10,10,10,10,10
MYD17A2H.A2015169.h12v02.006.2015301131220.Gpp_500m,MYD17A2H,A2015169,Lat65.9255Lon-137.4220833Samp13Line13,2015301131220,Gpp_500m,646,760,760,635,635,779,760,607,683,635,644,607,510,655,683,769,635,616,589,635,635,635,589,585,519,519,760,693,665,616,597,597,551,607,603,567,538,548,566,644,693,597,597,474,551,548,576,576,567,604,595,595,568,568,513,616,611,567,576,596,596,622,566,649,595,551,578,519,596,596,679,611,670,611,688,604,604,85,510,519,603,651,566,622,604,604,604,604,527,536,659,567,604,651,461,576,576,575,556,565,565,631,536,716,716,358,358,509,621,584,575,556,528,528,508,508,556,376,367,367,556,547,547,565,565,498,498,565,565,556,461,527,565,565,528,678,726,603,556,508,556,508,488,528,761,632,716,771,688,630,630,526,517,470,526,517,498,593,772,631,611,602,556,593,535,497,374,602,602
MYD17A2H.A2015169.h12v02.006.2015301131220.PsnNet_500m,MYD17A2H,A2015169,Lat65.9255Lon-137.4220833Samp13Line13,2015301131220,PsnNet_500m,570,648,648,560,560,658,651,536,596,558,565,538,455,571,596,657,560,546,519,558,558,558,522,520,464,464,651,602,580,546,530,530,494,538,534,503,478,489,499,565,602,530,530,424,493,489,506,506,504,534,524,524,507,507,458,543,540,503,509,525,525,550,504,570,528,493,511,464,525,525,590,540,585,540,597,534,534,78,455,464,534,570,504,550,534,534,534,534,473,483,578,504,534,573,414,506,506,508,497,503,503,554,477,620,622,325,325,455,549,518,508,493,473,468,455,455,493,339,335,335,497,489,489,503,503,448,444,503,503,493,419,473,503,503,473,593,627,533,493,455,493,454,437,469,645,558,616,653,600,559,558,471,463,422,471,462,448,527,653,553,538,532,493,526,476,449,340,533,533
MYD17A2H.A2015169.h12v02.006.2015301131220.Psn_QC_500m,MYD17A2H,A2015169,Lat65.9255Lon-137.4220833Samp13Line13,2015301131220,Psn_QC_500m,2,18,18,2,2,18,18,2,2,2,2,2,2,2,2,18,2,2,2,2,2,2,2,2,2,2,18,2,2,2,2,2,2,2,2,2,2,2,2,2,2,2,2,2,2,2,10,10,2,2,2,2,2,2,2,2,10,2,2,2,2,2,2,2,2,2,2,2,2,2,2,2,2,2,2,2,2,18,2,2,2,2,2,2,2,2,2,2,2,2,18,2,2,10,10,18,18,2,2,18,2,18,10,18,2,2,2,2,2,2,2,2,2,10,10,10,2,2,2,2,2,2,2,2,2,2,2,2,2,2,2,2,2,2,2,18,18,2,2,2,2,2,2,2,2,2,18,18,2,2,2,2,2,2,2,2,2,2,18,2,2,2,2,2,2,2,2,2,2
MYD17A2H.A2015177.h12v02.006.2015303020831.Gpp_500m,MYD17A2H,A2015177,Lat65.9255Lon-137.4220833Samp13Line13,2015303020831,Gpp_500m,498,498,498,527,504,503,476,504,513,513,469,491,424,512,527,527,503,549,453,484,483,491,453,453,409,393,543,543,544,453,469,513,483,475,475,430,401,416,409,513,513,453,439,439,504,504,393,401,401,430,482,430,462,409,409,453,438,424,452,452,468,490,430,490,490,409,483,393,393,445,527,482,521,497,497,490,454,424,401,401,445,490,490,452,453,483,476,462,311,453,118,467,520,528,401,401,393,476,401,45,94,45,45,424,409,334,334,445,476,259,118,118,118,511,386,462,410,326,334,409,409,253,45,45,142,386,386,469,462,453,416,416,311,476,482,482,410,431,424,424,461,446,400,170,462,462,431,394,371,246,386,371,371,400,452,399,453,431,357,223,178,371,430,469,469,469,446,446,452
MYD17A2H.A2015177.h12v02.006.2015303020831.PsnNet_500m,MYD17A2H,A2015177,Lat65.9255Lon-137.4220833Samp13Line13,2015303020831,PsnNet_500m,429,429,429,449,436,436,411,433,438,438,402,422,371,440,449,449,436,465,394,418,417,422,394,393,356,344,461,460,460,394,407,439,414,409,409,373,351,363,355,439,438,395,379,380,433,432,344,351,351,373,412,373,397,356,356,394,382,370,393,393,401,422,373,421,421,356,417,344,344,386,448,412,443,427,427,421,392,369,351,351,386,422,422,393,392,417,407,396,275,388,108,406,446,450,351,351,344,412,351,42,91,42,42,367,358,294,294,386,412,229,108,108,108,427,339,390,355,290,293,355,355,223,42,42,131,339,339,400,391,390,363,363,275,400,405,405,359,372,367,367,393,383,350,155,393,393,371,345,327,221,343,327,328,350,385,350,387,371,316,200,161,327,374,403,408,408,388,384,392
MYD17A2H.A2015177.h12v02.006.2015303020831.Psn_QC_500m,MYD17A2H,A2015177,Lat65.9255Lon-137.4220833Samp13Line13,2015303020831,Psn_QC_500m,2,2,2,2,2,2,2,2,2,2,2,2,2,2,2,2,2,2,2,2,2,2,2,2,2,2,2,2,2,2,2,2,2,2,2,2,2,2,2,2,2,2,2,2,2,2,2,2,2,2,2,2,2,2,2,2,2,2,2,2,2,2,2,2,2,2,2,2,2,2,2,2,2,2,2,2,2,2,2,2,2,2,2,2,2,2,2,2,2,67,10,2,2,2,2,2,2,2,2,10,10,10,10,67,2,2,2,2,2,2,10,10,10,67,67,67,67,2,2,2,2,2,10,10,10,67,67,67,67,67,2,2,2,67,67,67,67,67,67,67,67,67,67,67,67,67,67,67,67,67,2,2,2,2,67,2,67,67,67,67,67,67,67,2,2,2,2,67,2
MYD17A2H.A2015185.h12v02.006.2015303040433.Gpp_500m,MYD17A2H,A2015185,Lat65.9255Lon-137.4220833Samp13Line13,2015303040433,Gpp_500m,562,553,553,520,538,504,504,554,554,546,529,529,545,529,546,538,538,512,495,528,554,529,529,460,443,443,596,596,563,503,503,636,629,629,637,443,443,443,544,529,612,564,564,495,495,434,569,535,535,619,595,595,564,564,579,579,561,578,587,612,510,510,510,510,519,579,579,535,569,644,644,552,552,518,551,459,519,526,518,595,637,636,559,611,419,518,518,519,519,503,575,595,595,559,527,377,568,492,442,451,510,560,510,484,612,493,451,527,527,559,484,584,519,519,501,484,501,459,503,503,568,601,534,677,526,501,476,492,492,476,527,559,594,492,544,510,476,475,501,501,492,458,450,575,644,459,519,526,526,501,519,492,441,450,450,491,451,526,568,568,568,519,475,509,466,466,509,508,450
MYD17A2H.A2015185.h12v02.006.2015303040433.PsnNet_500m,MYD17A2H,A2015185,Lat65.9255Lon-137.4220833Samp13Line13,2015303040433,PsnNet_500m,500,491,491,465,477,450,450,490,490,486,473,473,486,472,487,477,478,458,445,472,490,473,473,416,398,398,524,524,499,450,450,557,549,549,555,398,398,398,485,472,540,499,499,441,441,394,506,480,480,545,522,522,499,499,514,514,498,511,517,537,456,456,456,456,461,514,514,480,503,563,563,490,490,461,490,416,461,469,465,525,555,555,498,540,376,465,465,461,461,451,512,525,525,498,471,341,505,443,399,406,461,497,456,436,540,443,406,470,470,501,436,517,465,464,451,436,451,416,451,451,505,535,480,584,473,451,429,443,443,429,469,497,524,443,484,456,429,429,451,451,443,413,405,509,559,415,464,468,468,451,463,443,398,405,405,444,405,468,504,504,505,463,429,455,420,420,454,454,405
MYD17A2H.A2015185.h12v02.006.2015303040433.Psn_QC_500m,MYD17A2H,A2015185,Lat65.9255Lon-137.4220833Samp13Line13,2015303040433,Psn_QC_500m,2,2,2,2,2,2,2,2,2,2,2,2,2,2,2,2,2,2,2,2,2,2,2,2,2,2,2,2,2,2,2,2,18,18,18,2,2,2,2,2,2,2,2,2,2,2,2,2,2,2,2,2,2,2,2,2,2,2,2,2,2,2,2,2,2,2,2,2,2,2,2,2,2,2,2,2,2,2,2,2,2,2,2,2,2,2,2,2,2,2,2,2,2,2,2,2,2,2,2,2,2,2,2,2,2,2,10,2,2,2,2,2,2,2,2,2,2,2,2,2,2,2,2,2,2,2,2,2,2,2,2,2,2,2,2,2,2,2,2,2,2,2,2,2,2,2,2,2,2,2,2,2,2,2,2,2,2,2,2,2,2,2,2,2,2,2,2,2,2
MYD17A2H.A2015193.h12v02.006.2015303105917.Gpp_500m,MYD17A2H,A2015193,Lat65.9255Lon-137.4220833Samp13Line13,2015303105917,Gpp_500m,453,523,509,91,91,181,222,223,196,196,377,469,473,489,43,119,119,167,209,140,140,342,342,429,430,430,203,167,167,155,155,236,236,370,372,402,430,430,424,293,293,258,265,265,342,351,388,409,451,430,474,444,244,495,482,391,387,388,444,486,473,480,479,486,423,448,391,409,409,459,507,507,500,451,486,522,450,458,338,444,507,501,507,474,479,492,500,500,458,450,450,480,473,473,451,459,458,472,472,479,480,354,353,367,529,474,409,473,500,500,416,424,430,430,338,338,424,388,424,424,537,514,387,387,416,318,325,325,425,425,444,445,466,564,458,416,394,394,409,439,447,431,390,472,472,430,445,481,481,467,439,410,333,333,383,396,450,465,502,502,502,447,431,418,418,390,390,404,426
MYD17A2H.A2015193.h12v02.006.2015303105917.PsnNet_500m,MYD17A2H,A2015193,Lat65.9255Lon-137.4220833Samp13Line13,2015303105917,PsnNet_500m,397,449,441,85,85,164,203,203,179,179,336,414,418,423,38,111,111,154,192,131,132,308,308,376,377,380,185,154,154,142,142,217,217,330,333,357,380,380,370,262,262,236,242,242,308,318,341,363,395,376,411,388,220,431,419,349,344,344,389,422,411,415,415,422,374,397,344,363,363,399,442,442,431,396,422,449,397,399,304,389,441,433,442,411,419,427,434,434,399,397,397,419,411,411,396,401,402,414,414,419,419,313,313,327,453,414,363,412,434,434,365,371,377,378,303,303,375,344,374,374,453,448,344,343,366,286,293,293,375,375,389,389,407,477,399,370,352,352,363,387,390,379,345,414,414,382,392,423,423,408,387,363,294,294,340,350,399,408,436,435,435,393,379,368,368,346,346,357,376
MYD17A2H.A2015193.h12v02.006.2015303105917.Psn_QC_500m,MYD17A2H,A2015193,Lat65.9255Lon-137.4220833Samp13Line13,2015303105917,Psn_QC_500m,2,2,2,10,10,10,10,10,10,10,10,2,2,2,10,10,10,10,10,10,10,10,10,2,2,2,10,10,10,10,10,10,10,2,2,2,2,2,2,10,10,10,18,18,2,10,2,2,2,2,2,2,18,2,2,2,2,2,2,2,2,2,2,2,2,2,2,2,2,2,2,2,2,2,2,2,2,2,2,10,2,2,2,2,2,2,2,2,2,2,2,2,2,2,2,2,2,2,2,2,2,2,2,2,2,2,2,2,2,2,2,2,2,2,2,2,2,2,2,2,10,2,2,2,2,2,2,2,2,2,2,2,2,10,2,2,2,2,2,2,2,2,2,2,2,2,2,2,2,2,2,2,2,2,2,2,10,2,2,2,2,2,2,2,2,2,2,2,2
MYD17A2H.A2015201.h12v02.006.2015304054857.Gpp_500m,MYD17A2H,A2015201,Lat65.9255Lon-137.4220833Samp13Line13,2015304054857,Gpp_500m,451,418,182,97,386,372,371,371,371,371,418,379,377,404,124,378,364,520,423,423,431,430,418,364,163,352,424,424,397,386,386,404,404,386,344,344,344,352,352,424,398,398,398,391,379,377,338,338,364,313,307,345,352,352,346,365,364,274,274,280,274,273,267,183,209,260,260,261,183,280,280,286,151,151,222,222,423,436,171,171,286,364,364,190,190,190,183,417,338,338,292,470,364,437,358,423,423,118,136,344,344,299,444,430,222,222,364,437,489,490,436,170,170,222,358,345,345,410,417,443,443,424,352,249,398,398,358,385,425,424,463,463,424,352,249,338,338,411,391,325,293,293,371,372,345,338,338,338,404,338,391,311,311,371,384,430,222,404,404,398,411,444,444,392,371,196,46,379,150
MYD17A2H.A2015201.h12v02.006.2015304054857.PsnNet_500m,MYD17A2H,A2015201,Lat65.9255Lon-137.4220833Samp13Line13,2015304054857,PsnNet_500m,398,368,166,90,340,333,330,330,329,329,368,335,337,355,115,336,324,448,372,372,376,376,368,326,151,314,372,372,352,340,340,353,353,340,309,310,306,314,314,372,352,352,352,345,334,334,302,303,326,283,278,306,314,314,306,322,323,247,247,255,247,247,245,167,188,234,234,236,167,255,255,262,137,140,204,204,374,388,153,153,261,325,326,173,173,173,167,371,303,303,264,413,323,388,322,378,378,107,124,306,306,269,390,379,200,200,327,382,428,428,386,154,154,198,320,307,307,364,370,389,389,375,314,226,354,354,319,341,375,375,407,407,371,314,226,303,303,361,347,293,268,268,334,332,309,303,303,303,358,303,351,282,282,329,343,379,201,355,355,352,366,390,390,347,329,181,43,337,137
MYD17A2H.A2015201.h12v02.006.2015304054857.Psn_QC_500m,MYD17A2H,A2015201,Lat65.9255Lon-137.4220833Samp13Line13,2015304054857,Psn_QC_500m,10,2,10,10,18,2,2,2,10,10,2,18,18,2,10,2,2,10,2,2,2,2,2,18,67,2,2,2,2,2,2,2,2,2,2,2,2,2,2,2,2,2,2,2,2,2,2,2,18,2,10,2,2,2,2,2,2,2,2,18,2,2,10,10,2,2,2,2,2,2,2,18,2,10,10,10,2,2,2,2,2,2,2,10,10,10,10,2,2,2,2,2,2,10,10,10,10,2,2,2,2,2,2,2,2,2,10,2,2,2,2,10,10,2,2,2,2,2,2,2,2,2,2,2,2,2,2,2,2,2,2,2,2,2,2,2,2,2,2,2,2,2,2,2,2,2,2,2,2,2,18,2,2,2,2,2,10,2,2,2,18,18,18,2,2,10,75,2,2
MYD17A2H.A2015209.h12v02.006.2015304070644.Gpp_500m,MYD17A2H,A2015209,Lat65.9255Lon-137.4220833Samp13Line13,2015304070644,Gpp_500m,364,294,364,341,369,369,324,230,135,128,128,219,221,369,324,324,324,324,229,282,376,376,278,278,267,324,341,329,306,306,282,371,370,278,267,267,244,337,314,371,363,248,229,248,248,295,294,319,150,151,302,203,364,214,214,248,250,168,285,150,151,151,187,71,296,150,29,64,86,86,267,47,128,279,279,296,296,303,76,313,164,47,239,302,303,203,291,291,303,303,303,164,313,324,325,196,203,214,64,64,176,47,261,285,228,228,296,296,213,123,123,99,99,165,17,34,59,239,239,243,203,203,197,197,34,34,76,29,59,128,285,285,296,296,203,47,53,29,111,94,325,320,123,176,192,192,111,123,123,372,372,76,192,179,226,233,169,99,232,251,227,221,226,273,273,291,273,273,239
MYD17A2H.A2015209.h12v02.006.2015304070644.PsnNet_500m,MYD17A2H,A2015209,Lat65.9255Lon-137.4220833Samp13Line13,2015304070644,PsnNet_500m,319,258,316,298,319,319,285,208,120,116,116,194,195,321,284,284,285,285,206,254,326,326,245,247,237,285,298,290,268,268,254,320,320,245,237,237,215,294,276,319,316,222,211,221,221,264,264,282,136,136,266,184,317,190,190,221,222,151,249,136,136,136,169,64,264,138,28,59,81,81,237,40,114,247,247,264,264,267,71,277,147,40,213,270,270,186,260,260,267,267,267,147,277,288,288,181,186,195,59,59,158,46,233,255,206,206,260,261,195,113,113,93,94,148,17,33,53,214,214,220,184,184,181,181,33,33,71,28,53,119,253,253,263,263,184,46,49,28,104,86,289,282,112,158,174,174,100,112,112,324,325,71,174,166,204,210,152,94,209,222,204,200,204,243,243,257,241,241,215
MYD17A2H.A2015209.h12v02.006.2015304070644.Psn_QC_500m,MYD17A2H,A2015209,Lat65.9255Lon-137.4220833Samp13Line13,2015304070644,Psn_QC_500m,2,2,18,10,10,10,2,10,10,10,10,2,2,18,2,2,2,2,10,2,2,2,10,10,2,2,2,2,2,2,10,2,2,10,2,2,2,2,2,2,2,10,10,2,2,2,2,2,2,2,18,2,2,2,2,2,2,2,2,2,2,2,10,18,2,2,75,10,2,2,2,18,18,2,2,2,2,2,10,2,10,2,2,2,2,10,2,2,2,2,2,10,2,2,2,10,10,10,10,10,107,107,2,2,10,10,10,10,10,10,10,10,10,10,107,107,10,2,2,10,10,10,10,10,107,107,10,107,10,10,10,10,2,2,10,107,107,10,10,10,2,2,10,10,10,10,10,10,10,2,2,10,10,10,10,2,10,10,10,2,2,10,2,10,10,2,2,2,10
MYD17A2H.A2015217.h12v02.006.2015304075534.Gpp_500m,MYD17A2H,A2015217,Lat65.9255Lon-137.4220833Samp13Line13,2015304075534,Gpp_500m,397,397,397,397,397,403,367,445,372,397,397,366,332,397,397,397,385,355,378,378,385,397,361,366,337,319,397,397,378,354,354,392,354,361,319,342,342,337,324,385,385,385,373,354,348,348,337,337,324,371,359,348,367,343,343,348,348,337,353,359,353,384,342,342,353,348,332,332,332,365,394,377,394,394,389,353,353,331,319,324,371,390,390,376,376,371,384,352,389,343,343,359,377,377,348,331,331,401,319,377,377,331,343,348,436,413,277,370,377,377,343,343,331,343,343,323,401,284,284,377,352,359,359,359,343,343,331,323,353,331,343,343,365,365,377,352,318,353,365,365,353,318,313,370,370,349,359,383,401,401,401,365,331,313,331,313,323,377,424,424,377,353,353,359,359,343,348,336,336
MYD17A2H.A2015217.h12v02.006.2015304075534.PsnNet_500m,MYD17A2H,A2015217,Lat65.9255Lon-137.4220833Samp13Line13,2015304075534,PsnNet_500m,345,345,345,345,345,346,319,377,323,345,345,319,291,345,345,345,332,311,329,329,331,345,315,320,297,280,340,340,329,311,311,335,311,315,280,300,300,297,284,334,332,331,323,311,305,307,297,297,286,323,313,308,322,302,302,305,307,297,311,313,308,332,300,300,310,305,291,289,289,318,343,327,343,343,335,308,308,289,283,284,323,335,335,330,330,323,332,310,340,301,301,313,330,330,307,289,289,349,280,333,333,291,301,307,372,355,247,323,329,329,301,301,290,301,301,285,346,249,249,326,311,316,316,313,301,301,291,285,311,291,300,300,319,319,329,311,280,311,318,318,311,280,275,323,323,307,313,332,346,348,348,318,290,275,290,275,285,329,364,364,328,311,311,312,312,302,306,296,296
MYD17A2H.A2015217.h12v02.006.2015304075534.Psn_QC_500m,MYD17A2H,A2015217,Lat65.9255Lon-137.4220833Samp13Line13,2015304075534,Psn_QC_500m,2,2,2,2,2,2,2,2,2,2,2,2,2,2,2,2,2,2,2,2,2,2,2,2,2,2,2,2,2,2,2,2,2,2,2,2,2,2,2,2,2,2,2,2,2,2,2,2,2,2,2,2,2,2,2,2,2,2,2,2,2,2,2,2,2,2,2,2,2,2,2,2,2,2,2,2,2,2,10,2,2,2,2,2,2,2,2,2,2,2,2,2,2,2,2,2,2,2,2,18,18,2,2,2,2,2,2,2,2,2,2,2,2,2,2,2,10,2,2,2,2,2,2,2,2,2,2,2,18,2,2,2,2,2,2,2,2,2,18,18,18,2,2,2,2,2,2,2,2,18,18,18,2,2,2,2,2,2,2,2,2,2,2,18,18,2,2,2,2
MYD17A2H.A2015225.h12v02.006.2015307090144.Gpp_500m,MYD17A2H,A2015225,Lat65.9255Lon-137.4220833Samp13Line13,2015307090144,Gpp_500m,278,271,286,285,280,280,277,277,308,313,313,280,288,295,294,294,294,281,271,294,331,332,280,278,263,241,309,303,303,271,280,313,313,303,301,263,241,241,241,303,299,285,308,326,299,263,263,262,241,286,261,261,285,303,313,280,236,263,273,273,269,262,262,276,276,291,257,263,263,282,282,269,268,262,310,310,276,267,255,263,360,250,250,236,286,262,240,240,257,257,262,241,241,255,236,236,262,262,213,244,244,179,179,63,156,236,176,295,295,213,248,248,161,64,63,107,124,197,249,249,244,244,248,161,166,166,88,130,161,115,276,276,267,267,194,193,185,152,152,193,197,197,161,187,187,221,236,276,276,170,152,109,106,161,161,187,255,254,331,303,303,118,115,115,170,170,187,186,146
MYD17A2H.A2015225.h12v02.006.2015307090144.PsnNet_500m,MYD17A2H,A2015225,Lat65.9255Lon-137.4220833Samp13Line13,2015307090144,PsnNet_500m,251,247,258,258,256,256,253,253,277,282,282,254,260,268,267,266,266,255,246,265,296,296,254,250,241,219,278,271,271,246,253,282,282,273,270,241,219,218,218,274,271,257,277,293,271,241,241,241,218,260,236,235,257,274,282,254,215,241,249,249,245,240,240,250,250,264,234,241,241,249,249,233,244,240,278,277,250,242,231,241,304,219,219,205,260,240,218,218,235,235,240,211,211,221,205,214,240,240,195,224,224,164,164,60,140,205,163,268,268,195,228,226,150,60,60,99,115,181,228,228,224,224,226,150,153,154,81,115,144,104,250,250,242,242,176,176,168,136,136,173,177,177,144,175,175,196,214,249,249,154,136,104,96,149,149,175,231,231,298,275,275,110,104,104,150,149,175,175,129
MYD17A2H.A2015225.h12v02.006.2015307090144.Psn_QC_500m,MYD17A2H,A2015225,Lat65.9255Lon-137.4220833Samp13Line13,2015307090144,Psn_QC_500m,2,2,2,2,2,2,2,2,2,2,2,2,18,2,2,2,2,2,2,2,2,2,2,2,2,2,2,2,2,2,2,2,2,10,10,2,2,2,2,2,2,2,2,2,10,2,2,2,2,2,2,2,2,2,2,10,2,2,2,2,2,2,2,10,10,2,2,2,2,10,10,2,2,2,2,2,2,2,2,2,10,2,2,2,2,2,2,2,2,2,2,2,2,2,2,2,2,2,2,2,2,2,2,10,2,2,2,2,2,2,2,2,2,10,10,2,10,2,2,2,2,2,2,2,10,10,10,10,10,10,2,2,2,2,2,2,10,10,10,10,10,10,2,2,2,10,2,10,10,10,10,10,10,2,2,2,2,2,18,18,18,10,10,10,2,2,2,2,2
MYD17A2H.A2015233.h12v02.006.2015308004744.Gpp_500m,MYD17A2H,A2015233,Lat65.9255Lon-137.4220833Samp13Line13,2015308004744,Gpp_500m,132,132,105,139,139,105,105,105,105,111,105,105,107,136,139,139,139,105,105,105,105,105,105,107,107,108,139,128,128,120,105,105,105,105,107,151,108,104,104,111,120,105,105,105,105,107,155,104,104,104,108,68,109,105,105,105,146,146,108,108,108,108,104,104,65,105,105,155,155,108,108,108,108,108,104,104,185,185,107,108,108,108,108,108,104,104,104,203,104,104,69,108,108,108,68,68,68,104,108,108,108,69,69,84,108,108,68,144,143,155,182,131,131,89,89,122,180,68,68,89,108,221,203,203,104,104,186,69,69,108,172,173,223,199,199,108,186,186,186,129,171,171,171,199,108,108,135,212,183,183,164,191,206,104,104,72,108,214,221,221,204,210,189,189,90,78,70,70,86
MYD17A2H.A2015233.h12v02.006.2015308004744.PsnNet_500m,MYD17A2H,A2015233,Lat65.9255Lon-137.4220833Samp13Line13,2015308004744,PsnNet_500m,118,118,97,124,124,97,97,97,97,101,97,97,96,123,124,124,124,97,97,97,97,97,97,96,96,96,124,114,114,106,97,97,97,97,96,133,96,93,93,101,106,97,97,97,97,96,136,93,93,93,96,64,97,97,97,97,131,131,96,96,96,96,93,93,59,97,97,140,140,96,96,96,96,96,93,93,163,163,96,96,96,96,96,96,93,93,93,177,93,93,64,96,96,96,64,64,64,93,96,96,96,64,64,77,96,96,64,130,130,140,160,119,119,82,82,113,158,64,64,82,96,190,175,175,94,94,164,64,64,96,152,153,190,173,174,96,164,164,164,114,151,151,151,173,96,96,122,184,160,160,148,168,179,94,94,67,96,186,190,190,178,182,167,167,83,72,64,64,78
MYD17A2H.A2015233.h12v02.006.2015308004744.Psn_QC_500m,MYD17A2H,A2015233,Lat65.9255Lon-137.4220833Samp13Line13,2015308004744,Psn_QC_500m,2,2,2,2,2,2,2,2,2,2,2,2,2,2,2,2,2,2,2,2,2,2,2,2,2,2,2,2,2,2,2,2,2,2,2,2,2,2,2,2,2,2,2,2,2,2,2,2,2,2,2,2,2,2,2,2,2,2,2,2,2,2,2,2,2,2,10,2,2,2,2,2,2,2,2,2,10,10,18,18,2,2,2,2,2,2,2,10,2,2,2,2,2,2,2,2,2,2,2,2,2,2,2,18,2,2,2,10,10,10,10,10,10,10,10,10,10,2,2,10,10,2,2,2,18,18,10,2,2,2,2,2,2,2,2,2,2,10,10,2,10,10,10,2,2,2,10,2,10,10,18,2,2,2,2,10,2,2,2,2,18,18,2,2,10,2,2,2,10
MYD17A2H.A2015241.h12v02.006.2015308021209.Gpp_500m,MYD17A2H,A2015241,Lat65.9255Lon-137.4220833Samp13Line13,2015308021209,Gpp_500m,49,49,34,28,28,28,34,51,70,70,70,89,80,34,48,49,49,48,51,71,71,86,89,90,80,47,53,53,41,49,83,70,77,66,28,26,46,50,60,51,21,65,48,76,80,80,76,50,48,48,20,33,45,52,65,76,74,48,31,46,45,26,26,26,26,48,26,54,34,34,31,60,35,35,28,26,26,26,34,36,35,66,20,20,20,26,26,28,26,12,20,28,35,17,9,26,20,22,20,12,12,12,12,26,19,26,12,26,26,26,12,12,32,26,95,28,34,22,22,15,26,26,12,12,22,22,28,28,26,26,26,12,20,12,19,54,54,48,25,19,19,28,26,26,26,20,67,67,50,50,26,28,28,28,19,26,20,28,28,26,25,19,17,20,19,19,23,12,23
MYD17A2H.A2015241.h12v02.006.2015308021209.PsnNet_500m,MYD17A2H,A2015241,Lat65.9255Lon-137.4220833Samp13Line13,2015308021209,PsnNet_500m,45,45,31,26,26,26,31,46,63,63,62,78,69,31,43,46,46,45,46,65,65,76,78,79,72,42,48,48,39,45,75,63,68,60,26,21,41,46,52,46,20,59,45,68,71,69,67,46,46,46,19,32,41,47,58,67,65,46,28,40,40,21,25,25,25,42,22,50,33,33,28,54,33,33,26,25,25,25,32,33,33,59,19,19,19,25,25,26,25,9,19,27,33,15,8,25,19,20,19,9,9,9,9,22,17,25,12,21,21,25,9,9,27,25,74,25,33,20,20,13,25,25,9,9,20,20,25,27,23,23,25,9,19,12,17,49,49,43,21,19,19,25,23,25,25,19,59,59,46,46,23,25,27,26,16,23,19,25,25,23,21,19,14,19,16,16,20,12,20
MYD17A2H.A2015241.h12v02.006.2015308021209.Psn_QC_500m,MYD17A2H,A2015241,Lat65.9255Lon-137.4220833Samp13Line13,2015308021209,Psn_QC_500m,10,10,10,10,10,10,10,10,18,18,18,2,2,10,10,10,10,10,10,18,18,18,2,2,18,18,10,10,10,10,2,2,2,2,10,10,18,18,2,10,10,18,2,2,2,18,2,2,2,2,10,18,18,2,2,18,18,18,2,2,2,10,10,10,10,2,10,18,18,18,2,18,10,10,10,10,10,10,18,18,18,18,10,10,10,10,10,10,10,2,10,18,18,115,107,10,10,10,10,2,2,2,2,2,107,10,10,10,10,10,2,2,99,10,99,2,2,10,10,18,10,10,2,2,2,2,2,10,10,10,10,18,10,10,2,18,18,18,10,10,10,10,10,10,10,10,18,18,18,18,10,10,10,10,10,10,10,10,10,10,10,10,10,10,10,10,10,10,10
MYD17A2H.A2015249.h12v02.006.2015308024949.Gpp_500m,MYD17A2H,A2015249,Lat65.9255Lon-137.4220833Samp13Line13,2015308024949,Gpp_500m,148,130,94,94,115,92,92,92,92,92,92,103,102,148,130,140,115,115,90,91,132,109,123,93,92,92,121,121,115,105,98,92,132,132,130,102,102,92,90,121,107,105,91,107,107,138,138,107,90,90,90,90,105,114,116,116,118,102,102,92,90,90,146,132,90,124,128,104,93,93,92,125,148,148,136,90,131,94,111,111,111,132,125,146,111,125,125,129,107,106,89,92,98,100,110,110,155,155,137,92,92,92,92,92,118,123,118,157,157,92,92,89,89,106,106,89,89,97,97,97,92,137,103,103,92,94,110,110,89,91,90,89,92,97,97,92,92,119,119,89,106,103,103,92,129,129,125,125,129,111,137,96,96,89,112,72,119,111,131,136,154,154,181,147,137,139,123,123,103
MYD17A2H.A2015249.h12v02.006.2015308024949.PsnNet_500m,MYD17A2H,A2015249,Lat65.9255Lon-137.4220833Samp13Line13,2015308024949,PsnNet_500m,129,115,85,85,102,83,83,83,83,83,83,92,92,129,115,125,102,102,82,81,120,98,110,85,82,82,107,107,102,94,89,83,120,120,115,92,92,82,80,107,97,94,81,97,97,120,120,96,80,80,80,80,94,101,106,106,105,92,92,82,80,80,127,116,80,112,115,93,85,85,82,110,128,128,120,80,116,85,100,100,100,117,110,127,100,110,110,114,96,96,80,82,89,89,98,97,137,137,120,82,82,82,82,82,105,110,105,137,137,82,82,80,80,96,96,80,79,86,87,86,82,121,95,95,82,85,98,98,79,83,80,80,82,87,87,82,82,106,106,79,96,94,94,82,116,115,113,113,115,99,122,87,87,78,102,66,107,100,120,120,137,137,153,132,122,122,111,111,93
MYD17A2H.A2015249.h12v02.006.2015308024949.Psn_QC_500m,MYD17A2H,A2015249,Lat65.9255Lon-137.4220833Samp13Line13,2015308024949,Psn_QC_500m,2,2,10,10,2,2,2,2,2,2,2,10,10,2,2,18,2,2,2,2,10,10,10,10,2,2,2,2,2,2,10,2,10,10,2,2,2,2,2,2,10,2,2,18,18,2,2,2,2,2,2,2,2,18,18,18,2,2,2,2,2,2,2,2,2,2,2,2,2,2,2,2,2,2,2,2,2,2,2,2,2,2,2,2,2,2,2,2,2,2,2,2,2,2,2,2,2,2,2,2,2,2,2,2,2,18,2,18,18,2,2,2,2,18,18,2,2,2,2,18,2,10,10,2,2,18,10,10,2,2,2,2,2,10,10,2,2,10,10,2,10,2,2,2,2,2,2,2,10,2,10,10,10,2,10,10,2,10,2,2,2,2,10,10,10,2,2,2,18
MYD17A2H.A2015257.h12v02.006.2015308032216.Gpp_500m,MYD17A2H,A2015257,Lat65.9255Lon-137.4220833Samp13Line13,2015308032216,Gpp_500m,6,6,6,6,6,6,0,0,0,0,0,0,0,6,3,3,3,1,0,0,0,0,0,0,0,0,6,6,1,0,1,1,6,1,6,10,10,6,10,1,1,1,1,6,6,6,6,6,12,11,11,1,1,1,6,0,0,1,11,6,3,3,6,6,1,0,0,6,6,6,6,6,1,6,1,0,0,6,1,6,6,1,0,0,0,0,0,0,6,6,6,3,3,1,0,0,0,6,6,6,6,6,6,6,0,0,1,1,6,6,6,0,0,6,6,6,6,3,3,3,6,6,0,0,0,6,6,11,9,12,6,6,6,1,0,0,11,11,11,12,11,11,11,1,0,0,1,6,9,9,11,6,6,11,9,12,1,0,6,6,6,12,9,8,12,9,12,11,11
MYD17A2H.A2015257.h12v02.006.2015308032216.PsnNet_500m,MYD17A2H,A2015257,Lat65.9255Lon-137.4220833Samp13Line13,2015308032216,PsnNet_500m,6,6,6,6,6,6,0,0,0,0,0,0,0,6,1,1,1,1,0,0,0,0,0,0,0,0,6,6,1,0,1,1,6,1,6,9,9,6,9,1,1,1,1,6,6,6,6,6,10,9,9,1,1,1,6,0,0,1,9,6,1,1,6,6,1,0,0,6,6,6,6,6,1,6,1,0,0,6,1,6,6,1,0,0,0,0,0,0,6,6,6,1,1,1,0,0,0,6,6,6,6,6,6,6,0,0,1,1,6,6,6,0,0,6,6,6,6,1,1,1,6,6,0,0,0,6,6,9,9,10,6,6,6,1,0,0,9,9,9,10,9,9,9,1,0,0,1,6,9,9,9,6,6,9,9,10,1,0,6,5,5,10,9,7,10,9,10,9,9
MYD17A2H.A2015257.h12v02.006.2015308032216.Psn_QC_500m,MYD17A2H,A2015257,Lat65.9255Lon-137.4220833Samp13Line13,2015308032216,Psn_QC_500m,10,10,10,10,10,10,107,107,107,107,107,107,107,10,107,107,107,107,107,107,107,107,107,107,107,107,10,10,107,107,107,107,10,107,10,10,10,10,10,107,107,107,107,10,10,10,10,10,10,10,10,107,107,107,10,107,107,107,10,10,107,107,10,10,107,107,107,10,10,10,10,10,107,10,107,107,107,10,107,10,10,107,107,107,107,107,107,107,10,10,10,107,107,107,107,107,107,10,10,10,10,10,10,10,107,107,107,107,10,10,10,107,107,10,10,10,10,107,107,107,10,10,107,107,107,10,10,10,10,10,10,10,10,107,107,107,10,10,10,10,10,10,10,107,107,107,107,10,10,10,10,10,10,10,10,10,107,107,10,10,10,10,10,10,10,10,10,10,10
MYD17A2H.A2015265.h12v02.006.2015308035356.Gpp_500m,MYD17A2H,A2015265,Lat65.9255Lon-137.4220833Samp13Line13,2015308035356,Gpp_500m,5,7,8,7,7,5,7,7,7,7,5,5,3,7,9,9,7,4,7,7,7,7,3,3,3,2,9,9,9,7,7,7,5,7,3,3,3,2,2,8,7,5,3,7,3,3,3,3,3,3,2,2,2,2,2,2,2,3,3,2,2,2,2,2,3,3,2,2,2,2,2,2,1,2,2,2,2,3,2,2,2,2,2,2,2,2,2,2,2,2,2,2,1,1,3,0,2,2,2,2,2,2,2,3,0,0,0,2,2,2,3,2,3,2,2,2,2,0,0,2,2,2,2,2,3,3,2,2,2,2,2,2,1,2,2,2,2,2,2,2,3,2,2,2,2,3,2,2,2,1,2,2,2,2,2,2,3,3,2,2,2,2,2,2,2,2,2,2,2
MYD17A2H.A2015265.h12v02.006.2015308035356.PsnNet_500m,MYD17A2H,A2015265,Lat65.9255Lon-137.4220833Samp13Line13,2015308035356,PsnNet_500m,3,4,5,3,3,3,3,3,3,3,3,3,2,4,5,5,4,3,3,3,3,4,2,2,2,2,5,5,5,4,3,3,3,3,2,2,2,2,2,5,4,3,2,3,2,2,2,2,2,2,2,2,1,1,2,2,2,2,2,2,2,2,2,2,2,2,2,2,1,2,2,2,1,2,2,2,2,2,2,2,2,2,2,1,1,1,2,2,2,2,2,1,0,0,2,0,1,2,2,2,2,2,2,3,0,0,0,1,1,1,2,2,2,2,2,2,2,0,0,2,2,1,2,2,2,2,1,2,2,2,2,2,1,2,2,2,2,1,2,2,2,2,2,1,1,2,1,1,1,0,1,1,1,2,2,2,2,2,1,1,1,1,1,1,2,2,2,2,2
MYD17A2H.A2015265.h12v02.006.2015308035356.Psn_QC_500m,MYD17A2H,A2015265,Lat65.9255Lon-137.4220833Samp13Line13,2015308035356,Psn_QC_500m,10,2,10,10,10,10,10,10,10,10,10,10,2,2,10,10,10,2,10,10,10,10,10,2,2,2,10,10,10,10,10,10,10,10,2,2,2,2,2,10,2,2,2,10,2,2,2,2,2,2,2,2,2,10,2,10,10,2,2,10,10,2,2,2,10,2,2,10,10,2,10,2,99,2,2,10,2,2,2,2,2,2,2,2,2,2,10,2,10,10,2,2,99,99,2,99,10,2,2,10,10,10,10,2,99,99,99,10,10,10,2,2,2,2,2,2,2,99,99,2,2,2,2,2,2,2,2,2,2,2,2,2,99,2,2,2,2,2,2,2,2,10,10,2,99,2,10,10,10,99,10,2,2,2,2,2,2,2,10,10,10,10,10,10,2,10,10,10,10
MYD17A2H.A2015273.h12v02.006.2015308042429.Gpp_500m,MYD17A2H,A2015273,Lat65.9255Lon-137.4220833Samp13Line13,2015308042429,Gpp_500m,4,6,6,6,4,4,4,3,4,4,4,4,4,4,6,4,6,4,4,4,4,4,4,4,4,4,6,4,4,5,4,4,3,4,4,4,4,4,4,6,6,4,3,3,4,4,4,4,4,4,4,4,2,3,3,3,4,4,4,4,4,4,4,4,4,3,4,3,3,3,4,4,4,4,4,4,4,4,0,4,4,2,2,2,2,2,2,4,4,4,0,2,2,0,4,0,0,0,2,2,4,3,4,4,0,0,0,0,0,2,4,2,3,4,4,4,4,0,0,0,2,2,4,4,4,4,4,4,4,4,2,4,0,4,4,3,4,4,4,4,4,4,4,0,4,4,2,2,2,2,0,4,2,5,2,2,4,2,2,3,2,0,4,0,2,2,4,3,4
MYD17A2H.A2015273.h12v02.006.2015308042429.PsnNet_500m,MYD17A2H,A2015273,Lat65.9255Lon-137.4220833Samp13Line13,2015308042429,PsnNet_500m,3,3,5,5,3,3,3,3,3,3,3,3,3,3,3,3,3,3,3,3,3,3,3,3,3,3,3,3,3,3,3,3,3,3,3,3,3,3,3,4,3,3,3,3,3,3,3,3,3,3,3,3,1,3,3,2,3,3,3,3,3,3,3,3,3,3,3,2,2,2,3,3,3,3,3,3,3,3,0,3,3,1,1,1,1,1,1,3,3,3,0,0,1,0,3,0,0,0,1,1,3,2,3,3,0,0,0,0,0,1,3,1,3,3,3,3,3,0,0,0,1,1,3,3,3,3,3,3,3,3,1,3,0,3,3,2,3,3,3,3,3,3,3,0,3,3,0,0,0,2,0,3,2,3,2,0,3,2,2,1,2,0,3,0,2,2,3,2,3
MYD17A2H.A2015273.h12v02.006.2015308042429.Psn_QC_500m,MYD17A2H,A2015273,Lat65.9255Lon-137.4220833Samp13Line13,2015308042429,Psn_QC_500m,2,2,2,2,2,2,2,2,2,2,2,2,2,2,2,2,2,2,2,2,2,2,2,2,2,2,2,2,2,2,2,2,2,2,2,2,2,2,2,2,2,2,2,2,2,2,2,2,2,2,2,2,2,2,2,2,2,2,2,2,2,2,2,2,2,2,2,2,2,2,2,2,2,2,2,2,2,2,75,2,2,2,2,2,2,2,2,2,2,2,75,75,2,75,2,75,75,75,2,2,2,2,2,2,75,75,75,75,75,2,2,2,2,2,2,2,2,75,75,75,2,2,2,2,2,2,2,2,2,2,2,2,75,2,2,2,2,2,2,2,2,2,2,75,2,2,75,75,75,75,75,2,2,2,2,2,2,2,2,75,2,75,2,75,2,2,67,67,75
MYD17A2H.A2015281.h12v02.006.2015308045225.Gpp_500m,MYD17A2H,A2015281,Lat65.9255Lon-137.4220833Samp13Line13,2015308045225,Gpp_500m,4,3,3,1,1,3,3,4,4,4,4,2,1,3,3,3,3,3,4,4,3,3,2,2,2,5,4,4,4,4,1,4,4,4,5,2,1,5,5,1,1,1,1,1,1,1,1,1,1,1,2,1,1,1,4,4,1,1,1,1,5,2,5,1,1,4,5,1,3,1,1,2,1,1,1,1,1,1,5,5,5,5,1,0,0,0,0,0,1,1,5,5,5,0,0,0,0,0,0,0,1,1,1,5,0,0,0,0,0,0,0,1,5,0,1,1,0,0,0,0,0,0,1,1,5,5,1,1,1,1,0,0,0,0,1,5,5,1,1,1,5,5,1,1,1,1,5,5,2,0,0,1,1,0,1,5,1,0,1,1,0,0,1,1,1,0,5,5,5
MYD17A2H.A2015281.h12v02.006.2015308045225.PsnNet_500m,MYD17A2H,A2015281,Lat65.9255Lon-137.4220833Samp13Line13,2015308045225,PsnNet_500m,-21,-7,-7,-4,-4,-7,-16,-27,-27,-27,-30,-7,0,-7,-7,-13,-16,-16,-27,-24,-11,-11,-7,-7,-7,-15,-30,-30,-30,-30,-6,-30,-30,-27,-27,-7,0,-29,-29,-6,-6,-6,-1,-1,0,0,0,0,0,0,-7,0,0,0,-30,-30,0,0,0,0,-29,-7,-29,0,0,-30,-30,0,-9,0,0,-7,0,0,0,0,0,0,-29,-29,-29,-29,0,0,0,0,0,0,0,0,-29,-29,-29,0,0,0,0,0,0,0,0,0,0,-29,0,0,0,0,0,0,0,0,-29,0,0,0,0,0,0,0,0,0,0,0,-29,-29,0,0,0,0,0,0,0,0,0,-29,-29,0,0,0,-29,-29,0,0,0,0,-23,-23,-6,0,0,0,0,0,0,-29,0,0,0,0,0,0,0,0,0,0,-29,-29,-29
MYD17A2H.A2015281.h12v02.006.2015308045225.Psn_QC_500m,MYD17A2H,A2015281,Lat65.9255Lon-137.4220833Samp13Line13,2015308045225,Psn_QC_500m,83,75,75,67,75,75,83,67,67,67,83,83,83,75,75,67,75,75,67,67,67,67,83,83,83,83,67,67,67,67,67,83,83,83,83,83,67,67,67,67,67,67,67,67,67,67,67,67,67,67,75,67,67,67,83,83,67,67,67,67,75,75,83,67,67,83,83,67,75,67,67,75,75,83,83,83,83,83,83,75,75,75,75,67,67,83,83,67,67,67,83,75,67,75,67,67,67,67,67,67,67,67,67,83,67,67,67,75,67,67,67,67,67,67,67,83,67,75,75,67,67,67,67,67,67,67,67,67,67,67,67,67,67,67,67,67,67,67,67,67,67,67,67,67,67,67,75,75,75,67,67,67,67,67,67,83,67,67,75,75,67,67,67,67,67,67,83,83,83
MYD17A2H.A2015289.h12v02.006.2015310010925.Gpp_500m,MYD17A2H,A2015289,Lat65.9255Lon-137.4220833Samp13Line13,2015310010925,Gpp_500m,0,0,0,0,0,0,0,0,0,0,0,0,0,0,0,0,0,0,0,0,0,0,0,0,0,0,0,0,0,0,0,0,0,0,0,0,0,0,0,0,0,0,0,0,0,0,0,0,0,0,0,0,0,0,0,0,0,0,0,0,0,0,0,0,0,0,0,0,0,0,0,0,0,0,0,0,0,0,0,0,0,0,0,0,0,0,0,0,0,0,0,0,0,0,0,0,0,0,0,0,0,0,0,0,0,0,0,0,0,0,0,0,0,0,0,0,0,0,0,0,0,0,0,0,0,0,0,0,0,0,0,0,0,0,0,0,0,0,0,0,0,0,0,0,0,0,0,0,0,0,0,0,0,0,0,0,0,0,0,0,0,0,0,0,0,0,0,0,0
MYD17A2H.A2015289.h12v02.006.2015310010925.PsnNet_500m,MYD17A2H,A2015289,Lat65.9255Lon-137.4220833Samp13Line13,2015310010925,PsnNet_500m,0,0,0,0,0,0,0,0,0,0,0,0,0,0,0,0,0,0,0,0,0,0,0,0,0,0,0,0,0,0,0,0,0,0,0,0,0,0,0,0,0,0,0,0,0,0,0,0,0,0,0,0,0,0,0,0,0,0,0,0,0,0,0,0,0,0,0,0,0,0,0,0,0,0,0,0,0,0,0,0,0,0,0,0,0,0,0,0,0,0,0,0,0,0,0,0,0,0,0,0,0,0,0,0,0,0,0,0,0,0,0,0,0,0,0,0,0,0,0,0,0,0,0,0,0,0,0,0,0,0,0,0,0,0,0,0,0,0,0,0,0,0,0,0,0,0,0,0,0,0,0,0,0,0,0,0,0,0,0,0,0,0,0,0,0,0,0,0,0
MYD17A2H.A2015289.h12v02.006.2015310010925.Psn_QC_500m,MYD17A2H,A2015289,Lat65.9255Lon-137.4220833Samp13Line13,2015310010925,Psn_QC_500m,67,67,67,67,67,67,67,67,67,67,67,67,67,75,67,67,67,67,67,67,67,67,67,67,75,75,67,67,67,67,67,67,67,67,67,75,75,75,75,67,67,67,67,67,67,67,67,67,67,75,75,75,67,67,67,67,67,67,67,67,75,75,75,75,75,67,67,67,67,67,67,75,75,75,75,75,75,75,67,67,67,67,75,75,75,75,75,75,75,75,75,67,67,75,75,75,75,75,75,75,75,75,75,75,75,75,75,75,75,75,75,75,75,75,75,75,75,75,75,75,75,75,75,75,75,75,75,75,75,75,75,75,75,75,75,75,75,75,75,75,75,75,75,75,75,75,75,75,75,75,75,75,75,75,75,75,75,75,75,75,75,75,75,75,75,75,75,75,75
MYD17A2H.A2015297.h12v02.006.2015310141642.Gpp_500m,MYD17A2H,A2015297,Lat65.9255Lon-137.4220833Samp13Line13,2015310141642,Gpp_500m,0,0,0,0,0,0,0,0,0,0,0,0,0,0,0,0,0,0,0,0,0,0,0,0,0,0,0,0,0,0,0,0,0,0,0,0,0,0,0,0,0,0,0,0,0,0,0,0,0,0,0,0,0,0,0,0,0,0,0,0,0,0,0,0,0,0,0,0,0,0,0,0,0,0,0,0,0,0,0,0,0,0,0,0,0,0,0,0,0,0,0,0,0,0,0,0,0,0,0,0,0,0,0,0,0,0,0,0,0,0,0,0,0,0,0,0,0,0,0,0,0,0,0,0,0,0,0,0,0,0,0,0,0,0,0,0,0,0,0,0,0,0,0,0,0,0,0,0,0,0,0,0,0,0,0,0,0,0,0,0,0,0,0,0,0,0,0,0,0
MYD17A2H.A2015297.h12v02.006.2015310141642.PsnNet_500m,MYD17A2H,A2015297,Lat65.9255Lon-137.4220833Samp13Line13,2015310141642,PsnNet_500m,0,0,0,0,0,0,0,0,0,0,0,0,0,0,0,0,0,0,0,0,0,0,0,0,0,0,0,0,0,0,0,0,0,0,0,0,0,0,0,0,0,0,0,0,0,0,0,0,0,0,0,0,0,0,0,0,0,0,0,0,0,0,0,0,0,0,0,0,0,0,0,0,0,0,0,0,0,0,0,0,0,0,0,0,0,0,0,0,0,0,0,0,0,0,0,0,0,0,0,0,0,0,0,0,0,0,0,0,0,0,0,0,0,0,0,0,0,0,0,0,0,0,0,0,0,0,0,0,0,0,0,0,0,0,0,0,0,0,0,0,0,0,0,0,0,0,0,0,0,0,0,0,0,0,0,0,0,0,0,0,0,0,0,0,0,0,0,0,0
MYD17A2H.A2015297.h12v02.006.2015310141642.Psn_QC_500m,MYD17A2H,A2015297,Lat65.9255Lon-137.4220833Samp13Line13,2015310141642,Psn_QC_500m,67,67,67,67,67,67,67,67,67,67,67,67,67,67,67,67,75,67,75,67,67,67,75,67,75,75,67,75,67,83,67,67,75,75,75,67,67,75,75,67,83,67,75,67,75,75,67,67,67,75,75,75,67,67,67,75,75,75,75,75,75,75,75,75,75,67,67,67,67,67,75,83,67,67,75,75,75,67,67,67,75,67,75,67,67,75,75,67,67,67,67,67,67,67,67,67,67,67,67,67,67,67,67,67,67,67,67,67,67,67,67,67,67,67,67,67,67,67,75,67,67,75,67,67,67,67,67,67,67,67,67,75,75,75,67,67,67,67,67,67,67,67,67,75,67,67,67,67,67,67,67,75,67,67,67,67,67,67,67,67,67,67,67,67,67,67,67,67,67
MYD17A2H.A2015305.h12v02.006.2015334214618.Gpp_500m,MYD17A2H,A2015305,Lat65.9255Lon-137.4220833Samp13Line13,2015334214618,Gpp_500m,0,0,0,0,0,0,0,0,0,0,0,0,0,0,0,0,0,0,0,0,0,0,0,0,0,0,0,0,0,0,0,0,0,0,0,0,0,0,0,0,0,0,0,0,0,0,0,0,0,0,0,0,0,0,0,0,0,0,0,0,0,0,0,0,0,0,0,0,0,0,0,0,0,0,0,0,0,0,0,0,0,0,0,0,0,0,0,0,0,0,0,0,0,0,0,0,0,0,0,0,0,0,0,0,0,0,0,0,0,0,0,0,0,0,0,0,0,0,0,0,0,0,0,0,0,0,0,0,0,0,0,0,0,0,0,0,0,0,0,0,0,0,0,0,0,0,0,0,0,0,0,0,0,0,0,0,0,0,0,0,0,0,0,0,0,0,0,0,0
MYD17A2H.A2015305.h12v02.006.2015334214618.PsnNet_500m,MYD17A2H,A2015305,Lat65.9255Lon-137.4220833Samp13Line13,2015334214618,PsnNet_500m,0,0,0,0,0,0,0,0,0,0,0,0,0,0,0,0,0,0,0,0,0,0,0,0,0,0,0,0,0,0,0,0,0,0,0,0,0,0,0,0,0,0,0,0,0,0,0,0,0,0,0,0,0,0,0,0,0,0,0,0,0,0,0,0,0,0,0,0,0,0,0,0,0,0,0,0,0,0,0,0,0,0,0,0,0,0,0,0,0,0,0,0,0,0,0,0,0,0,0,0,0,0,0,0,0,0,0,0,0,0,0,0,0,0,0,0,0,0,0,0,0,0,0,0,0,0,0,0,0,0,0,0,0,0,0,0,0,0,0,0,0,0,0,0,0,0,0,0,0,0,0,0,0,0,0,0,0,0,0,0,0,0,0,0,0,0,0,0,0
MYD17A2H.A2015305.h12v02.006.2015334214618.Psn_QC_500m,MYD17A2H,A2015305,Lat65.9255Lon-137.4220833Samp13Line13,2015334214618,Psn_QC_500m,67,67,67,67,67,67,67,67,83,67,67,67,67,67,67,67,67,67,67,67,67,67,67,67,67,67,67,67,67,67,67,67,67,67,67,67,67,67,67,67,67,67,67,67,67,67,67,67,67,67,67,75,67,67,67,67,67,67,67,67,67,67,67,67,67,67,67,67,67,67,67,67,67,67,75,75,67,67,67,67,67,75,75,75,75,75,67,67,67,67,67,67,67,67,75,67,67,67,67,67,75,67,67,67,67,67,67,67,67,67,67,67,67,67,67,67,67,67,67,67,67,67,67,75,67,67,67,67,83,83,67,67,67,67,67,67,67,67,67,67,75,67,67,67,67,67,67,67,67,67,67,67,67,67,75,67,67,67,67,67,67,67,67,67,67,67,75,75,67
MYD17A2H.A2015313.h12v02.006.2015341163044.Gpp_500m,MYD17A2H,A2015313,Lat65.9255Lon-137.4220833Samp13Line13,2015341163044,Gpp_500m,0,0,0,0,0,0,0,0,0,0,0,0,0,0,0,0,0,0,0,0,0,0,0,0,0,0,0,0,0,0,0,0,0,0,0,0,0,0,0,0,0,0,0,0,0,0,0,0,0,0,0,0,0,0,0,0,0,0,0,0,0,0,0,0,0,0,0,0,0,0,0,0,0,0,0,0,0,0,0,0,0,0,0,0,0,0,0,0,0,0,0,0,0,0,0,0,0,0,0,0,0,0,0,0,0,0,0,0,0,0,0,0,0,0,0,0,0,0,0,0,0,0,0,0,0,0,0,0,0,0,0,0,0,0,0,0,0,0,0,0,0,0,0,0,0,0,0,0,0,0,0,0,0,0,0,0,0,0,0,0,0,0,0,0,0,0,0,0,0
MYD17A2H.A2015313.h12v02.006.2015341163044.PsnNet_500m,MYD17A2H,A2015313,Lat65.9255Lon-137.4220833Samp13Line13,2015341163044,PsnNet_500m,0,0,0,0,0,0,0,0,0,0,0,0,0,0,0,0,0,0,0,0,0,0,0,0,0,0,0,0,0,0,0,0,0,0,0,0,0,0,0,0,0,0,0,0,0,0,0,0,0,0,0,0,0,0,0,0,0,0,0,0,0,0,0,0,0,0,0,0,0,0,0,0,0,0,0,0,0,0,0,0,0,0,0,0,0,0,0,0,0,0,0,0,0,0,0,0,0,0,0,0,0,0,0,0,0,0,0,0,0,0,0,0,0,0,0,0,0,0,0,0,0,0,0,0,0,0,0,0,0,0,0,0,0,0,0,0,0,0,0,0,0,0,0,0,0,0,0,0,0,0,0,0,0,0,0,0,0,0,0,0,0,0,0,0,0,0,0,0,0
MYD17A2H.A2015313.h12v02.006.2015341163044.Psn_QC_500m,MYD17A2H,A2015313,Lat65.9255Lon-137.4220833Samp13Line13,2015341163044,Psn_QC_500m,67,67,67,67,67,67,75,75,75,75,75,75,75,67,67,67,67,67,75,75,75,75,75,75,75,75,67,67,67,67,67,75,75,75,75,75,75,75,75,67,67,67,75,75,75,75,75,75,75,75,75,75,67,75,75,75,75,75,75,75,75,75,75,75,75,75,75,75,75,75,75,75,75,75,75,75,75,75,75,75,75,75,75,75,75,75,75,75,75,75,75,75,75,75,75,75,75,75,75,75,75,75,75,75,75,75,75,75,67,75,75,75,75,75,75,75,75,75,75,75,75,75,75,75,75,75,75,75,75,75,75,75,75,75,75,75,75,75,75,75,75,75,75,75,75,75,75,67,75,75,67,75,75,75,75,67,75,67,67,67,67,67,75,75,67,67,75,75,75
MYD17A2H.A2015321.h12v02.006.2015342185802.Gpp_500m,MYD17A2H,A2015321,Lat65.9255Lon-137.4220833Samp13Line13,2015342185802,Gpp_500m,0,0,0,0,0,0,0,0,0,0,0,0,0,0,0,0,0,0,0,0,0,0,0,0,0,0,0,0,0,0,0,0,0,0,0,0,0,0,0,0,0,0,0,0,0,0,0,0,0,0,0,0,0,0,0,0,0,0,0,0,0,0,0,0,0,0,0,0,0,0,0,0,0,0,0,0,0,0,0,0,0,0,0,0,0,0,0,0,0,0,0,0,0,0,0,0,0,0,0,0,0,0,0,0,0,0,0,0,0,0,0,0,0,0,0,0,0,0,0,0,0,0,0,0,0,0,0,0,0,0,0,0,0,0,0,0,0,0,0,0,0,0,0,0,0,0,0,0,0,0,0,0,0,0,0,0,0,0,0,0,0,0,0,0,0,0,0,0,0
MYD17A2H.A2015321.h12v02.006.2015342185802.PsnNet_500m,MYD17A2H,A2015321,Lat65.9255Lon-137.4220833Samp13Line13,2015342185802,PsnNet_500m,0,0,0,0,0,0,0,0,0,0,0,0,0,0,0,0,0,0,0,0,0,0,0,0,0,0,0,0,0,0,0,0,0,0,0,0,0,0,0,0,0,0,0,0,0,0,0,0,0,0,0,0,0,0,0,0,0,0,0,0,0,0,0,0,0,0,0,0,0,0,0,0,0,0,0,0,0,0,0,0,0,0,0,0,0,0,0,0,0,0,0,0,0,0,0,0,0,0,0,0,0,0,0,0,0,0,0,0,0,0,0,0,0,0,0,0,0,0,0,0,0,0,0,0,0,0,0,0,0,0,0,0,0,0,0,0,0,0,0,0,0,0,0,0,0,0,0,0,0,0,0,0,0,0,0,0,0,0,0,0,0,0,0,0,0,0,0,0,0
MYD17A2H.A2015321.h12v02.006.2015342185802.Psn_QC_500m,MYD17A2H,A2015321,Lat65.9255Lon-137.4220833Samp13Line13,2015342185802,Psn_QC_500m,75,75,75,75,75,75,75,75,75,75,75,75,75,75,75,75,75,75,75,75,75,75,75,75,75,75,75,75,75,75,75,75,75,75,75,75,75,75,75,75,75,75,75,75,75,75,75,75,75,75,75,75,75,75,75,75,75,75,75,75,75,75,75,75,75,75,75,75,75,75,75,75,75,75,75,75,75,75,75,75,75,75,75,75,75,75,75,75,75,75,75,75,75,75,75,75,75,75,75,75,75,75,75,75,75,75,75,75,75,75,75,75,75,75,75,75,75,75,75,75,75,75,75,75,75,75,75,75,75,75,75,75,75,75,75,75,75,75,75,75,75,75,75,75,75,75,75,75,75,75,75,75,75,75,75,75,75,75,75,75,75,75,75,75,75,75,75,75,75
MYD17A2H.A2015329.h12v02.006.2015343051114.Gpp_500m,MYD17A2H,A2015329,Lat65.9255Lon-137.4220833Samp13Line13,2015343051114,Gpp_500m,32767,32767,32767,32767,32767,32767,32767,32767,32767,32767,32767,32767,32767,32767,32767,32767,32767,32767,32767,32767,32767,32767,32767,32767,32767,32767,32767,32767,32767,32767,32767,32767,32767,32767,32767,32767,32767,32767,32767,32767,32767,32767,32767,32767,32767,32767,32767,32767,32767,32767,32767,32767,32767,32767,32767,32767,32767,32767,32767,32767,32767,32767,32767,32767,32767,32767,32767,32767,32767,32767,32767,32767,32767,32767,32767,32767,32767,32767,32767,32767,32767,32767,32767,32767,32767,32767,32767,32767,32767,32767,32767,32767,32767,32767,32767,32767,32767,32767,32767,32767,32767,32767,32767,32767,32767,32767,32767,32767,32767,32767,32767,32767,32767,32767,32767,32767,32767,32767,32767,32767,32767,32767,32767,32767,32767,32767,32767,32767,32767,32767,32767,32767,32767,32767,32767,32767,32767,32767,32767,32767,32767,32767,32767,32767,32767,32767,32767,32767,32767,32767,32767,32767,32767,32767,32767,32767,32767,32767,32767,32767,32767,32767,32767,32767,32767,32767,32767,32767,32767
MYD17A2H.A2015329.h12v02.006.2015343051114.PsnNet_500m,MYD17A2H,A2015329,Lat65.9255Lon-137.4220833Samp13Line13,2015343051114,PsnNet_500m,32767,32767,32767,32767,32767,32767,32767,32767,32767,32767,32767,32767,32767,32767,32767,32767,32767,32767,32767,32767,32767,32767,32767,32767,32767,32767,32767,32767,32767,32767,32767,32767,32767,32767,32767,32767,32767,32767,32767,32767,32767,32767,32767,32767,32767,32767,32767,32767,32767,32767,32767,32767,32767,32767,32767,32767,32767,32767,32767,32767,32767,32767,32767,32767,32767,32767,32767,32767,32767,32767,32767,32767,32767,32767,32767,32767,32767,32767,32767,32767,32767,32767,32767,32767,32767,32767,32767,32767,32767,32767,32767,32767,32767,32767,32767,32767,32767,32767,32767,32767,32767,32767,32767,32767,32767,32767,32767,32767,32767,32767,32767,32767,32767,32767,32767,32767,32767,32767,32767,32767,32767,32767,32767,32767,32767,32767,32767,32767,32767,32767,32767,32767,32767,32767,32767,32767,32767,32767,32767,32767,32767,32767,32767,32767,32767,32767,32767,32767,32767,32767,32767,32767,32767,32767,32767,32767,32767,32767,32767,32767,32767,32767,32767,32767,32767,32767,32767,32767,32767
MYD17A2H.A2015329.h12v02.006.2015343051114.Psn_QC_500m,MYD17A2H,A2015329,Lat65.9255Lon-137.4220833Samp13Line13,2015343051114,Psn_QC_500m,255,255,255,255,255,255,255,255,255,255,255,255,255,255,255,255,255,255,255,255,255,255,255,255,255,255,255,255,255,255,255,255,255,255,255,255,255,255,255,255,255,255,255,255,255,255,255,255,255,255,255,255,255,255,255,255,255,255,255,255,255,255,255,255,255,255,255,255,255,255,255,255,255,255,255,255,255,255,255,255,255,255,255,255,255,255,255,255,255,255,255,255,255,255,255,255,255,255,255,255,255,255,255,255,255,255,255,255,255,255,255,255,255,255,255,255,255,255,255,255,255,255,255,255,255,255,255,255,255,255,255,255,255,255,255,255,255,255,255,255,255,255,255,255,255,255,255,255,255,255,255,255,255,255,255,255,255,255,255,255,255,255,255,255,255,255,255,255,255
MYD17A2H.A2015345.h12v02.006.2021105002905.Gpp_500m,MYD17A2H,A2015345,Lat65.9255Lon-137.4220833Samp13Line13,2021105002905,Gpp_500m,32767,32767,32767,32767,32767,32767,32767,32767,32767,32767,32767,32767,32767,32767,32767,32767,32767,32767,32767,32767,32767,32767,32767,32767,32767,32767,32767,32767,32767,32767,32767,32767,32767,32767,32767,32767,32767,32767,32767,32767,32767,32767,32767,32767,32767,32767,32767,32767,32767,32767,32767,32767,32767,32767,32767,32767,32767,32767,32767,32767,32767,32767,32767,32767,32767,32767,32767,32767,32767,32767,32767,32767,32767,32767,32767,32767,32767,32767,32767,32767,32767,32767,32767,32767,32767,32767,32767,32767,32767,32767,32767,32767,32767,32767,32767,32767,32767,32767,32767,32767,32767,32767,32767,32767,32767,32767,32767,32767,32767,32767,32767,32767,32767,32767,32767,32767,32767,32767,32767,32767,32767,32767,32767,32767,32767,32767,32767,32767,32767,32767,32767,32767,32767,32767,32767,32767,32767,32767,32767,32767,32767,32767,32767,32767,32767,32767,32767,32767,32767,32767,32767,32767,32767,32767,32767,32767,32767,32767,32767,32767,32767,32767,32767,32767,32767,32767,32767,32767,32767
MYD17A2H.A2015345.h12v02.006.2021105002905.PsnNet_500m,MYD17A2H,A2015345,Lat65.9255Lon-137.4220833Samp13Line13,2021105002905,PsnNet_500m,32767,32767,32767,32767,32767,32767,32767,32767,32767,32767,32767,32767,32767,32767,32767,32767,32767,32767,32767,32767,32767,32767,32767,32767,32767,32767,32767,32767,32767,32767,32767,32767,32767,32767,32767,32767,32767,32767,32767,32767,32767,32767,32767,32767,32767,32767,32767,32767,32767,32767,32767,32767,32767,32767,32767,32767,32767,32767,32767,32767,32767,32767,32767,32767,32767,32767,32767,32767,32767,32767,32767,32767,32767,32767,32767,32767,32767,32767,32767,32767,32767,32767,32767,32767,32767,32767,32767,32767,32767,32767,32767,32767,32767,32767,32767,32767,32767,32767,32767,32767,32767,32767,32767,32767,32767,32767,32767,32767,32767,32767,32767,32767,32767,32767,32767,32767,32767,32767,32767,32767,32767,32767,32767,32767,32767,32767,32767,32767,32767,32767,32767,32767,32767,32767,32767,32767,32767,32767,32767,32767,32767,32767,32767,32767,32767,32767,32767,32767,32767,32767,32767,32767,32767,32767,32767,32767,32767,32767,32767,32767,32767,32767,32767,32767,32767,32767,32767,32767,32767
MYD17A2H.A2015345.h12v02.006.2021105002905.Psn_QC_500m,MYD17A2H,A2015345,Lat65.9255Lon-137.4220833Samp13Line13,2021105002905,Psn_QC_500m,255,255,255,255,255,255,255,255,255,255,255,255,255,255,255,255,255,255,255,255,255,255,255,255,255,255,255,255,255,255,255,255,255,255,255,255,255,255,255,255,255,255,255,255,255,255,255,255,255,255,255,255,255,255,255,255,255,255,255,255,255,255,255,255,255,255,255,255,255,255,255,255,255,255,255,255,255,255,255,255,255,255,255,255,255,255,255,255,255,255,255,255,255,255,255,255,255,255,255,255,255,255,255,255,255,255,255,255,255,255,255,255,255,255,255,255,255,255,255,255,255,255,255,255,255,255,255,255,255,255,255,255,255,255,255,255,255,255,255,255,255,255,255,255,255,255,255,255,255,255,255,255,255,255,255,255,255,255,255,255,255,255,255,255,255,255,255,255,255
MYD17A2H.A2016001.h12v02.006.2016203183254.Gpp_500m,MYD17A2H,A2016001,Lat65.9255Lon-137.4220833Samp13Line13,2016203183254,Gpp_500m,32767,32767,32767,32767,32767,32767,32767,32767,32767,32767,32767,32767,32767,32767,32767,32767,32767,32767,32767,32767,32767,32767,32767,32767,32767,32767,32767,32767,32767,32767,32767,32767,32767,32767,32767,32767,32767,32767,32767,32767,32767,32767,32767,32767,32767,32767,32767,32767,32767,32767,32767,32767,32767,32767,32767,32767,32767,32767,32767,32767,32767,32767,32767,32767,32767,32767,32767,32767,32767,32767,32767,32767,32767,32767,32767,32767,32767,32767,32767,32767,32767,32767,32767,32767,32767,32767,32767,32767,32767,32767,32767,32767,32767,32767,32767,32767,32767,32767,32767,32767,32767,32767,32767,32767,32767,32767,32767,32767,32767,32767,32767,32767,32767,32767,32767,32767,32767,32767,32767,32767,32767,32767,32767,32767,32767,32767,32767,32767,32767,32767,32767,32767,32767,32767,32767,32767,32767,32767,32767,32767,32767,32767,32767,32767,32767,32767,32767,32767,32767,32767,32767,32767,32767,32767,32767,32767,32767,32767,32767,32767,32767,32767,32767,32767,32767,32767,32767,32767,32767
MYD17A2H.A2016001.h12v02.006.2016203183254.PsnNet_500m,MYD17A2H,A2016001,Lat65.9255Lon-137.4220833Samp13Line13,2016203183254,PsnNet_500m,32767,32767,32767,32767,32767,32767,32767,32767,32767,32767,32767,32767,32767,32767,32767,32767,32767,32767,32767,32767,32767,32767,32767,32767,32767,32767,32767,32767,32767,32767,32767,32767,32767,32767,32767,32767,32767,32767,32767,32767,32767,32767,32767,32767,32767,32767,32767,32767,32767,32767,32767,32767,32767,32767,32767,32767,32767,32767,32767,32767,32767,32767,32767,32767,32767,32767,32767,32767,32767,32767,32767,32767,32767,32767,32767,32767,32767,32767,32767,32767,32767,32767,32767,32767,32767,32767,32767,32767,32767,32767,32767,32767,32767,32767,32767,32767,32767,32767,32767,32767,32767,32767,32767,32767,32767,32767,32767,32767,32767,32767,32767,32767,32767,32767,32767,32767,32767,32767,32767,32767,32767,32767,32767,32767,32767,32767,32767,32767,32767,32767,32767,32767,32767,32767,32767,32767,32767,32767,32767,32767,32767,32767,32767,32767,32767,32767,32767,32767,32767,32767,32767,32767,32767,32767,32767,32767,32767,32767,32767,32767,32767,32767,32767,32767,32767,32767,32767,32767,32767
MYD17A2H.A2016001.h12v02.006.2016203183254.Psn_QC_500m,MYD17A2H,A2016001,Lat65.9255Lon-137.4220833Samp13Line13,2016203183254,Psn_QC_500m,255,255,255,255,255,255,255,255,255,255,255,255,255,255,255,255,255,255,255,255,255,255,255,255,255,255,255,255,255,255,255,255,255,255,255,255,255,255,255,255,255,255,255,255,255,255,255,255,255,255,255,255,255,255,255,255,255,255,255,255,255,255,255,255,255,255,255,255,255,255,255,255,255,255,255,255,255,255,255,255,255,255,255,255,255,255,255,255,255,255,255,255,255,255,255,255,255,255,255,255,255,255,255,255,255,255,255,255,255,255,255,255,255,255,255,255,255,255,255,255,255,255,255,255,255,255,255,255,255,255,255,255,255,255,255,255,255,255,255,255,255,255,255,255,255,255,255,255,255,255,255,255,255,255,255,255,255,255,255,255,255,255,255,255,255,255,255,255,255
MYD17A2H.A2016009.h12v02.006.2016203191105.Gpp_500m,MYD17A2H,A2016009,Lat65.9255Lon-137.4220833Samp13Line13,2016203191105,Gpp_500m,32767,32767,32767,32767,32767,32767,32767,32767,32767,32767,32767,32767,32767,32767,32767,32767,32767,32767,32767,32767,32767,32767,32767,32767,32767,32767,32767,32767,32767,32767,32767,32767,32767,32767,32767,32767,32767,32767,32767,32767,32767,32767,32767,32767,32767,32767,32767,32767,32767,32767,32767,32767,32767,32767,32767,32767,32767,32767,32767,32767,32767,32767,32767,32767,32767,32767,32767,32767,32767,32767,32767,32767,32767,32767,32767,32767,32767,32767,32767,32767,32767,32767,32767,32767,32767,32767,32767,32767,32767,32767,32767,32767,32767,32767,32767,32767,32767,32767,32767,32767,32767,32767,32767,32767,32767,32767,32767,32767,32767,32767,32767,32767,32767,32767,32767,32767,32767,32767,32767,32767,32767,32767,32767,32767,32767,32767,32767,32767,32767,32767,32767,32767,32767,32767,32767,32767,32767,32767,32767,32767,32767,32767,32767,32767,32767,32767,32767,32767,32767,32767,32767,32767,32767,32767,32767,32767,32767,32767,32767,32767,32767,32767,32767,32767,32767,32767,32767,32767,32767
MYD17A2H.A2016009.h12v02.006.2016203191105.PsnNet_500m,MYD17A2H,A2016009,Lat65.9255Lon-137.4220833Samp13Line13,2016203191105,PsnNet_500m,32767,32767,32767,32767,32767,32767,32767,32767,32767,32767,32767,32767,32767,32767,32767,32767,32767,32767,32767,32767,32767,32767,32767,32767,32767,32767,32767,32767,32767,32767,32767,32767,32767,32767,32767,32767,32767,32767,32767,32767,32767,32767,32767,32767,32767,32767,32767,32767,32767,32767,32767,32767,32767,32767,32767,32767,32767,32767,32767,32767,32767,32767,32767,32767,32767,32767,32767,32767,32767,32767,32767,32767,32767,32767,32767,32767,32767,32767,32767,32767,32767,32767,32767,32767,32767,32767,32767,32767,32767,32767,32767,32767,32767,32767,32767,32767,32767,32767,32767,32767,32767,32767,32767,32767,32767,32767,32767,32767,32767,32767,32767,32767,32767,32767,32767,32767,32767,32767,32767,32767,32767,32767,32767,32767,32767,32767,32767,32767,32767,32767,32767,32767,32767,32767,32767,32767,32767,32767,32767,32767,32767,32767,32767,32767,32767,32767,32767,32767,32767,32767,32767,32767,32767,32767,32767,32767,32767,32767,32767,32767,32767,32767,32767,32767,32767,32767,32767,32767,32767
MYD17A2H.A2016009.h12v02.006.2016203191105.Psn_QC_500m,MYD17A2H,A2016009,Lat65.9255Lon-137.4220833Samp13Line13,2016203191105,Psn_QC_500m,255,255,255,255,255,255,255,255,255,255,255,255,255,255,255,255,255,255,255,255,255,255,255,255,255,255,255,255,255,255,255,255,255,255,255,255,255,255,255,255,255,255,255,255,255,255,255,255,255,255,255,255,255,255,255,255,255,255,255,255,255,255,255,255,255,255,255,255,255,255,255,255,255,255,255,255,255,255,255,255,255,255,255,255,255,255,255,255,255,255,255,255,255,255,255,255,255,255,255,255,255,255,255,255,255,255,255,255,255,255,255,255,255,255,255,255,255,255,255,255,255,255,255,255,255,255,255,255,255,255,255,255,255,255,255,255,255,255,255,255,255,255,255,255,255,255,255,255,255,255,255,255,255,255,255,255,255,255,255,255,255,255,255,255,255,255,255,255,255
MYD17A2H.A2016017.h12v02.006.2016203195816.Gpp_500m,MYD17A2H,A2016017,Lat65.9255Lon-137.4220833Samp13Line13,2016203195816,Gpp_500m,0,0,0,0,0,0,0,0,0,0,0,0,0,0,0,0,0,0,0,0,0,0,0,0,0,0,0,0,0,0,0,0,0,0,0,0,0,0,0,0,0,0,0,0,0,0,0,0,0,0,0,0,0,0,0,0,0,0,0,0,0,0,0,0,0,0,0,0,0,0,0,0,0,0,0,0,0,0,0,0,0,0,0,0,0,0,0,0,0,0,0,0,0,0,0,0,0,0,0,0,0,0,0,0,0,0,0,0,0,0,0,0,0,0,0,0,0,0,0,0,0,0,0,0,0,0,0,0,0,0,0,0,0,0,0,0,0,0,0,0,0,0,0,0,0,0,0,0,0,0,0,0,0,0,0,0,0,0,0,0,0,0,0,0,0,0,0,0,0
MYD17A2H.A2016017.h12v02.006.2016203195816.PsnNet_500m,MYD17A2H,A2016017,Lat65.9255Lon-137.4220833Samp13Line13,2016203195816,PsnNet_500m,0,0,0,0,0,0,0,0,0,0,0,0,0,0,0,0,0,0,0,0,0,0,0,0,0,0,0,0,0,0,0,0,0,0,0,0,0,0,0,0,0,0,0,0,0,0,0,0,0,0,0,0,0,0,0,0,0,0,0,0,0,0,0,0,0,0,0,0,0,0,0,0,0,0,0,0,0,0,0,0,0,0,0,0,0,0,0,0,0,0,0,0,0,0,0,0,0,0,0,0,0,0,0,0,0,0,0,0,0,0,0,0,0,0,0,0,0,0,0,0,0,0,0,0,0,0,0,0,0,0,0,0,0,0,0,0,0,0,0,0,0,0,0,0,0,0,0,0,0,0,0,0,0,0,0,0,0,0,0,0,0,0,0,0,0,0,0,0,0
MYD17A2H.A2016017.h12v02.006.2016203195816.Psn_QC_500m,MYD17A2H,A2016017,Lat65.9255Lon-137.4220833Samp13Line13,2016203195816,Psn_QC_500m,67,67,67,67,67,67,67,83,83,83,83,75,75,67,67,67,67,67,83,83,83,67,75,67,67,67,67,67,67,67,67,83,75,67,67,67,67,67,67,67,67,67,67,75,83,67,67,67,67,67,67,67,67,67,67,83,83,67,67,67,67,67,67,67,83,67,75,75,75,75,75,75,75,75,75,83,83,67,67,75,83,83,75,75,75,75,83,83,83,67,67,67,67,67,67,67,67,67,67,83,67,67,67,83,67,67,67,67,67,67,67,75,75,83,83,75,75,67,67,67,67,67,83,67,67,83,67,75,75,83,67,67,67,67,67,67,83,67,67,67,83,83,83,67,67,67,67,67,67,67,67,75,75,75,75,75,67,67,67,67,67,67,67,67,67,67,67,67,75
MYD17A2H.A2016025.h12v02.006.2016203210640.Gpp_500m,MYD17A2H,A2016025,Lat65.9255Lon-137.4220833Samp13Line13,2016203210640,Gpp_500m,0,0,0,0,0,0,0,0,0,0,0,0,0,0,0,0,0,0,0,0,0,0,0,0,0,0,0,0,0,0,0,0,0,0,0,0,0,0,0,0,0,0,0,0,0,0,0,0,0,0,0,0,0,0,0,0,0,0,0,0,0,0,0,0,0,0,0,0,0,0,0,0,0,0,0,0,0,0,0,0,0,0,0,0,0,0,0,0,0,0,0,0,0,0,0,0,0,0,0,0,0,0,0,0,0,0,0,0,0,0,0,0,0,0,0,0,0,0,0,0,0,0,0,0,0,0,0,0,0,0,0,0,0,0,0,0,0,0,0,0,0,0,0,0,0,0,0,0,0,0,0,0,0,0,0,0,0,0,0,0,0,0,0,0,0,0,0,0,0
MYD17A2H.A2016025.h12v02.006.2016203210640.PsnNet_500m,MYD17A2H,A2016025,Lat65.9255Lon-137.4220833Samp13Line13,2016203210640,PsnNet_500m,0,0,0,0,0,0,0,0,0,0,0,0,0,0,0,0,0,0,0,0,0,0,0,0,0,0,0,0,0,0,0,0,0,0,0,0,0,0,0,0,0,0,0,0,0,0,0,0,0,0,0,0,0,0,0,0,0,0,0,0,0,0,0,0,0,0,0,0,0,0,0,0,0,0,0,0,0,0,0,0,0,0,0,0,0,0,0,0,0,0,0,0,0,0,0,0,0,0,0,0,0,0,0,0,0,0,0,0,0,0,0,0,0,0,0,0,0,0,0,0,0,0,0,0,0,0,0,0,0,0,0,0,0,0,0,0,0,0,0,0,0,0,0,0,0,0,0,0,0,0,0,0,0,0,0,0,0,0,0,0,0,0,0,0,0,0,0,0,0
MYD17A2H.A2016025.h12v02.006.2016203210640.Psn_QC_500m,MYD17A2H,A2016025,Lat65.9255Lon-137.4220833Samp13Line13,2016203210640,Psn_QC_500m,67,67,67,67,67,67,67,75,75,67,67,67,67,67,67,67,67,67,67,75,67,67,75,67,67,67,67,67,67,67,67,67,67,75,67,67,67,67,67,67,67,67,75,75,75,67,67,67,67,67,67,67,67,67,67,75,75,67,67,67,67,67,67,67,67,67,75,75,75,75,67,67,75,75,75,75,75,75,75,67,67,67,75,75,75,75,67,67,67,67,67,75,67,67,67,75,75,67,67,67,75,67,67,67,67,67,67,67,67,67,75,75,75,75,67,67,67,67,67,67,67,75,75,67,67,67,67,67,67,75,67,67,67,75,67,67,67,67,75,75,75,75,75,67,67,67,67,67,67,67,67,67,75,75,75,75,67,67,67,67,67,67,67,67,67,75,75,75,67
MYD17A2H.A2016033.h12v02.006.2016203221244.Gpp_500m,MYD17A2H,A2016033,Lat65.9255Lon-137.4220833Samp13Line13,2016203221244,Gpp_500m,0,0,0,0,0,0,0,0,0,0,0,0,0,0,0,0,0,0,0,0,0,0,0,0,0,0,0,0,0,0,0,0,0,0,0,0,0,0,0,0,0,0,0,0,0,0,0,0,0,0,0,0,0,0,0,0,0,0,0,0,0,0,0,0,0,0,0,0,0,0,0,0,0,0,0,0,0,0,0,0,0,0,0,0,0,0,0,0,0,0,0,0,0,0,0,0,0,0,0,0,0,0,0,0,0,0,0,0,0,0,0,0,0,0,0,0,0,0,0,0,0,0,0,0,0,0,0,0,0,0,0,0,0,0,0,0,0,0,0,0,0,0,0,0,0,0,0,0,0,0,0,0,0,0,0,0,0,0,0,0,0,0,0,0,0,0,0,0,0
MYD17A2H.A2016033.h12v02.006.2016203221244.PsnNet_500m,MYD17A2H,A2016033,Lat65.9255Lon-137.4220833Samp13Line13,2016203221244,PsnNet_500m,0,0,0,0,0,0,0,0,0,0,0,0,0,0,0,0,0,0,0,0,0,0,0,0,0,0,0,0,0,0,0,0,0,0,0,0,0,0,0,0,0,0,0,0,0,0,0,0,0,0,0,0,0,0,0,0,0,0,0,0,0,0,0,0,0,0,0,0,0,0,0,0,0,0,0,0,0,0,0,0,0,0,0,0,0,0,0,0,0,0,0,0,0,0,0,0,0,0,0,0,0,0,0,0,0,0,0,0,0,0,0,0,0,0,0,0,0,0,0,0,0,0,0,0,0,0,0,0,0,0,0,0,0,0,0,0,0,0,0,0,0,0,0,0,0,0,0,0,0,0,0,0,0,0,0,0,0,0,0,0,0,0,0,0,0,0,0,0,0
MYD17A2H.A2016033.h12v02.006.2016203221244.Psn_QC_500m,MYD17A2H,A2016033,Lat65.9255Lon-137.4220833Samp13Line13,2016203221244,Psn_QC_500m,67,67,67,67,67,67,67,67,67,75,67,67,67,67,67,67,67,67,75,75,67,67,67,67,67,67,67,67,67,67,67,67,75,75,67,67,67,75,67,67,67,67,67,75,75,67,67,67,67,67,67,75,67,67,75,75,75,75,67,67,75,67,67,67,67,75,75,75,75,75,75,75,67,75,75,75,75,75,75,75,75,75,75,75,75,75,75,75,67,67,67,75,67,67,75,75,67,75,75,75,75,75,75,75,75,75,75,67,67,67,75,75,75,75,75,75,75,75,75,75,67,75,75,75,75,75,75,75,75,75,75,75,67,75,75,75,75,75,75,75,75,75,75,67,67,75,75,75,75,67,75,75,75,75,75,75,75,75,67,75,75,67,75,75,67,75,75,75,75
MYD17A2H.A2016041.h12v02.006.2016203230758.Gpp_500m,MYD17A2H,A2016041,Lat65.9255Lon-137.4220833Samp13Line13,2016203230758,Gpp_500m,0,0,0,0,0,0,0,0,0,0,0,0,0,0,0,0,0,0,0,0,0,0,0,0,0,0,0,0,0,0,0,0,0,0,0,0,0,0,0,0,0,0,0,0,0,0,0,0,0,0,0,0,0,0,0,0,0,0,0,0,0,0,0,0,0,0,0,0,0,0,0,0,0,0,0,0,0,0,0,0,0,0,0,0,0,0,0,0,0,0,0,0,0,0,0,0,0,0,0,0,0,0,0,0,0,0,0,0,0,0,0,0,0,0,0,0,0,0,0,0,0,0,0,0,0,0,0,0,0,0,0,0,0,0,0,0,0,0,0,0,0,0,0,0,0,0,0,0,0,0,0,0,0,0,0,0,0,0,0,0,0,0,0,0,0,0,0,0,0
MYD17A2H.A2016041.h12v02.006.2016203230758.PsnNet_500m,MYD17A2H,A2016041,Lat65.9255Lon-137.4220833Samp13Line13,2016203230758,PsnNet_500m,0,0,0,0,0,0,0,0,0,0,0,0,0,0,0,0,0,0,0,0,0,0,0,0,0,0,0,0,0,0,0,0,0,0,0,0,0,0,0,0,0,0,0,0,0,0,0,0,0,0,0,0,0,0,0,0,0,0,0,0,0,0,0,0,0,0,0,0,0,0,0,0,0,0,0,0,0,0,0,0,0,0,0,0,0,0,0,0,0,0,0,0,0,0,0,0,0,0,0,0,0,0,0,0,0,0,0,0,0,0,0,0,0,0,0,0,0,0,0,0,0,0,0,0,0,0,0,0,0,0,0,0,0,0,0,0,0,0,0,0,0,0,0,0,0,0,0,0,0,0,0,0,0,0,0,0,0,0,0,0,0,0,0,0,0,0,0,0,0
MYD17A2H.A2016041.h12v02.006.2016203230758.Psn_QC_500m,MYD17A2H,A2016041,Lat65.9255Lon-137.4220833Samp13Line13,2016203230758,Psn_QC_500m,67,67,67,67,67,67,67,67,67,75,75,75,67,67,67,67,67,67,75,67,75,75,75,67,67,67,67,67,67,67,67,67,75,75,67,67,67,75,75,67,67,67,67,67,67,67,67,67,75,75,75,75,67,67,67,67,67,67,67,75,75,67,67,67,67,67,67,75,67,67,67,67,67,67,67,67,67,67,75,67,67,75,75,75,75,75,75,75,75,67,67,67,67,67,67,75,67,67,75,67,67,67,67,67,67,67,67,67,67,67,67,67,67,67,67,67,67,75,75,67,67,67,67,67,67,67,67,75,75,75,75,67,67,67,67,67,67,67,67,67,67,67,67,67,67,67,67,67,67,67,67,75,75,67,67,67,67,67,75,67,67,67,67,67,67,67,75,67,67
MYD17A2H.A2016049.h12v02.006.2016204154609.Gpp_500m,MYD17A2H,A2016049,Lat65.9255Lon-137.4220833Samp13Line13,2016204154609,Gpp_500m,0,0,0,0,0,0,0,0,0,0,0,0,0,0,0,0,0,0,0,0,0,0,0,0,0,0,0,0,0,0,0,0,0,0,0,0,0,0,0,0,0,0,0,0,0,0,0,0,0,0,0,0,0,0,0,0,0,0,0,0,0,0,0,0,0,0,0,0,0,0,0,0,0,0,0,0,0,0,0,0,0,0,0,0,0,0,0,0,0,0,0,0,0,0,0,0,0,0,0,0,0,0,0,0,0,0,0,0,0,0,0,0,0,0,0,0,0,0,0,0,0,0,0,0,0,0,0,0,0,0,0,0,0,0,0,0,0,0,0,0,0,0,0,0,0,0,0,0,0,0,0,0,0,0,0,0,0,0,0,0,0,0,0,0,0,0,0,0,0
MYD17A2H.A2016049.h12v02.006.2016204154609.PsnNet_500m,MYD17A2H,A2016049,Lat65.9255Lon-137.4220833Samp13Line13,2016204154609,PsnNet_500m,0,0,0,0,0,0,0,0,0,0,0,0,0,0,0,0,0,0,0,0,0,0,0,0,0,0,-1,0,0,0,0,0,0,0,0,0,0,0,0,-1,0,0,0,0,0,0,0,0,0,0,0,0,0,0,0,0,0,0,0,0,0,0,0,0,0,0,0,0,0,0,0,0,0,0,0,0,0,0,0,0,0,0,0,0,0,0,0,0,0,0,0,0,0,0,0,0,0,0,0,0,0,0,0,0,0,0,0,0,0,0,0,0,0,0,0,0,0,0,0,0,0,0,0,0,0,0,0,0,0,0,0,0,0,0,0,0,0,0,0,0,0,0,0,0,0,0,0,0,0,0,0,0,0,0,0,0,0,0,0,0,0,0,0,0,0,0,0,0,0
MYD17A2H.A2016049.h12v02.006.2016204154609.Psn_QC_500m,MYD17A2H,A2016049,Lat65.9255Lon-137.4220833Samp13Line13,2016204154609,Psn_QC_500m,75,75,67,75,75,75,67,75,75,75,75,75,75,75,67,67,83,75,83,75,75,75,75,75,67,67,75,83,83,83,75,75,75,67,67,75,75,75,67,83,83,75,67,67,75,75,75,67,67,67,67,67,67,67,75,75,67,67,67,67,75,67,75,75,75,75,67,67,67,67,75,75,75,75,75,75,75,75,67,67,67,75,75,75,75,67,67,75,75,75,75,67,67,67,67,67,67,67,75,75,75,75,75,75,67,67,67,67,67,75,75,75,75,75,67,75,75,67,75,67,75,75,75,75,75,75,67,75,67,75,75,75,75,75,75,67,67,67,67,67,67,75,75,75,67,67,67,67,67,67,67,67,75,75,75,75,67,67,67,67,67,75,75,67,67,67,67,67,75
MYD17A2H.A2016057.h12v02.006.2016204164255.Gpp_500m,MYD17A2H,A2016057,Lat65.9255Lon-137.4220833Samp13Line13,2016204164255,Gpp_500m,0,0,0,0,0,0,0,0,0,0,0,0,0,0,0,0,0,0,0,0,0,0,0,0,0,0,0,0,0,0,0,0,0,0,0,0,0,0,0,0,0,0,0,0,0,0,0,0,0,0,0,0,0,0,0,0,0,0,0,0,0,0,0,0,0,0,0,0,0,0,0,0,0,0,0,0,0,0,0,0,0,0,0,0,0,0,0,0,0,0,0,0,0,0,0,0,0,0,0,0,0,0,0,0,0,0,0,0,0,0,0,0,0,0,0,0,0,0,0,0,0,0,0,0,0,0,0,0,0,0,0,0,0,0,0,0,0,0,0,0,0,0,0,0,0,0,0,0,0,0,0,0,0,0,0,0,0,0,0,0,0,0,0,0,0,0,0,0,0
MYD17A2H.A2016057.h12v02.006.2016204164255.PsnNet_500m,MYD17A2H,A2016057,Lat65.9255Lon-137.4220833Samp13Line13,2016204164255,PsnNet_500m,0,0,0,0,0,0,0,0,0,0,0,-21,0,0,0,0,0,0,0,0,0,-21,0,0,0,0,-2,-2,-2,0,0,-21,-21,0,0,0,0,0,0,0,0,0,-21,-21,-21,0,0,0,0,0,0,0,0,0,0,0,0,0,0,0,0,0,0,0,0,0,0,0,0,0,0,0,0,0,0,0,0,0,0,0,0,0,0,0,0,0,0,0,0,0,0,0,0,0,0,0,0,0,0,0,0,0,0,0,0,0,0,0,0,0,0,0,0,0,0,0,0,0,0,0,0,0,0,0,0,0,0,0,0,0,0,0,0,0,0,0,0,0,0,0,0,0,0,0,0,0,0,0,0,0,0,0,0,0,0,0,0,0,0,0,0,0,0,0,0,0,0,0,0
MYD17A2H.A2016057.h12v02.006.2016204164255.Psn_QC_500m,MYD17A2H,A2016057,Lat65.9255Lon-137.4220833Samp13Line13,2016204164255,Psn_QC_500m,75,75,75,75,75,75,75,75,75,75,75,83,75,75,75,75,67,67,75,75,75,75,75,75,75,75,83,83,83,75,75,75,75,75,75,75,75,75,75,83,75,75,75,75,75,75,75,75,75,67,75,67,75,75,75,75,75,75,75,67,75,67,75,75,75,75,75,75,67,75,67,67,75,75,75,75,75,75,67,67,67,67,67,67,67,75,67,75,75,75,75,67,67,67,67,75,67,67,75,75,75,75,75,67,67,75,67,67,67,75,75,75,75,75,75,75,67,67,67,67,75,75,75,75,75,75,75,75,75,75,67,75,75,75,75,75,75,75,75,75,75,75,75,67,75,75,75,75,75,67,75,75,75,75,75,75,75,75,75,75,67,75,75,67,75,75,75,75,67
MYD17A2H.A2016065.h12v02.006.2016204174659.Gpp_500m,MYD17A2H,A2016065,Lat65.9255Lon-137.4220833Samp13Line13,2016204174659,Gpp_500m,0,0,0,0,0,0,0,0,0,0,0,0,0,0,0,0,0,0,0,0,0,0,0,0,0,0,0,0,0,0,0,0,0,0,0,0,0,0,0,0,0,0,0,0,0,0,0,0,0,0,0,0,0,0,0,0,0,0,0,0,0,0,0,0,0,0,0,0,0,0,0,0,0,0,0,0,0,0,0,0,0,0,0,0,0,0,0,0,0,0,0,0,0,0,0,0,0,0,0,0,0,0,0,0,0,0,0,0,0,0,0,0,0,0,0,0,0,0,0,0,0,0,0,0,0,0,0,0,0,0,0,0,0,0,0,0,0,0,0,0,0,0,0,0,0,0,0,0,0,0,0,0,0,0,0,0,0,0,0,0,0,0,0,0,0,0,0,0,0
MYD17A2H.A2016065.h12v02.006.2016204174659.PsnNet_500m,MYD17A2H,A2016065,Lat65.9255Lon-137.4220833Samp13Line13,2016204174659,PsnNet_500m,0,0,0,0,0,0,0,0,0,0,0,0,0,0,0,0,0,0,0,0,0,0,0,0,0,0,0,0,0,0,0,0,0,0,0,0,0,0,0,0,0,0,0,0,0,0,0,0,0,0,0,0,0,0,0,0,0,0,0,0,0,0,0,0,0,0,0,0,0,0,0,0,0,0,0,0,0,0,0,0,0,0,0,0,0,0,0,0,0,0,0,0,0,0,0,0,0,0,0,0,0,0,0,0,0,0,0,0,0,0,0,0,0,0,0,0,0,0,0,0,0,0,0,0,0,0,0,0,0,0,0,0,0,0,0,0,0,0,0,0,0,0,0,0,0,0,0,0,0,0,0,0,0,0,0,0,0,0,0,0,0,0,0,0,0,0,0,0,0
MYD17A2H.A2016065.h12v02.006.2016204174659.Psn_QC_500m,MYD17A2H,A2016065,Lat65.9255Lon-137.4220833Samp13Line13,2016204174659,Psn_QC_500m,2,2,10,75,75,75,10,10,10,10,10,75,10,10,10,67,10,10,10,10,10,10,75,75,75,10,75,10,10,10,10,10,10,10,10,75,75,10,10,10,10,10,10,10,10,10,75,75,75,75,75,10,75,75,2,10,10,75,75,75,10,75,75,75,75,2,10,10,10,10,75,2,75,75,75,10,2,75,75,10,67,2,67,67,67,67,2,2,2,75,75,67,67,67,67,67,67,67,75,2,75,2,75,75,67,67,67,75,75,75,75,2,2,75,75,2,2,75,75,75,75,75,75,75,10,10,2,2,2,10,75,75,75,75,75,2,2,2,10,10,10,2,2,75,75,75,75,75,75,75,75,2,2,2,2,10,75,75,75,75,75,75,75,75,75,75,2,2,10
MYD17A2H.A2016073.h12v02.006.2016204184945.Gpp_500m,MYD17A2H,A2016073,Lat65.9255Lon-137.4220833Samp13Line13,2016204184945,Gpp_500m,0,0,0,0,0,0,0,0,0,0,0,0,0,0,0,0,0,0,0,0,0,0,0,0,0,0,0,0,0,0,0,0,0,0,0,0,0,0,0,0,0,0,0,0,0,0,0,0,0,0,0,0,0,0,0,0,0,0,0,0,0,0,0,0,0,0,0,0,0,0,0,0,0,0,0,0,0,0,0,0,0,0,0,0,0,0,0,0,0,0,0,0,0,0,0,0,0,0,0,0,0,0,0,0,0,0,0,0,0,0,0,0,0,0,0,0,0,0,0,0,0,0,0,0,0,0,0,0,0,0,0,0,0,0,0,0,0,0,0,0,0,0,0,0,0,0,0,0,0,0,0,0,0,0,0,0,0,0,0,0,0,0,0,0,0,0,0,0,0
MYD17A2H.A2016073.h12v02.006.2016204184945.PsnNet_500m,MYD17A2H,A2016073,Lat65.9255Lon-137.4220833Samp13Line13,2016204184945,PsnNet_500m,0,0,0,0,0,0,0,0,0,0,0,0,0,0,0,0,0,0,0,0,0,0,0,0,0,0,0,0,0,0,0,0,0,0,0,0,0,0,0,0,0,0,0,0,0,0,0,0,0,0,0,0,0,0,0,0,0,0,0,0,0,0,0,0,0,0,0,0,0,0,0,0,0,0,0,0,0,0,0,0,0,0,0,0,0,0,0,0,0,0,0,0,0,0,0,0,0,0,0,0,0,0,0,0,0,0,0,0,0,0,0,0,0,0,0,0,0,0,0,0,0,0,0,0,0,0,0,0,0,0,0,0,0,0,0,0,0,0,0,0,0,0,0,0,0,0,0,0,0,0,0,0,0,0,0,0,0,0,0,0,0,0,0,0,0,0,0,0,0
MYD17A2H.A2016073.h12v02.006.2016204184945.Psn_QC_500m,MYD17A2H,A2016073,Lat65.9255Lon-137.4220833Samp13Line13,2016204184945,Psn_QC_500m,99,10,2,10,107,107,10,10,10,10,10,10,10,99,10,10,10,10,10,10,10,10,10,10,10,10,10,10,10,10,10,10,10,10,10,107,107,10,10,10,10,10,10,10,10,10,10,10,10,10,107,10,10,10,10,10,10,18,18,18,18,18,107,107,107,10,10,10,18,10,10,18,18,107,10,10,10,10,75,107,10,10,75,115,107,107,10,10,10,10,10,107,107,107,115,107,107,107,10,10,10,10,10,10,10,107,107,107,107,10,10,2,10,10,10,10,10,107,10,10,10,10,10,10,10,10,10,10,10,10,10,10,10,10,10,10,10,10,10,10,10,10,107,10,10,10,10,10,10,10,107,10,2,2,2,2,10,10,10,10,10,10,10,10,107,107,107,10,10
MYD17A2H.A2016081.h12v02.006.2016204195400.Gpp_500m,MYD17A2H,A2016081,Lat65.9255Lon-137.4220833Samp13Line13,2016204195400,Gpp_500m,3,3,5,5,4,4,3,5,5,5,4,4,3,5,5,8,8,6,5,5,4,4,3,3,3,3,8,8,5,5,5,4,4,4,3,3,3,3,4,8,6,6,4,4,4,3,3,3,3,3,3,3,1,1,1,3,3,3,3,4,4,3,4,0,4,1,3,3,1,1,1,1,1,0,0,2,3,3,1,1,1,1,1,1,0,1,1,1,1,0,1,0,0,0,0,0,0,1,1,1,3,3,1,1,1,1,0,0,0,0,0,1,1,1,1,1,1,0,0,1,1,0,0,1,0,4,4,1,1,1,1,1,1,1,1,1,1,1,1,1,1,1,0,0,0,0,1,1,1,1,0,1,1,1,1,3,0,0,0,1,1,1,1,0,0,0,1,1,3
MYD17A2H.A2016081.h12v02.006.2016204195400.PsnNet_500m,MYD17A2H,A2016081,Lat65.9255Lon-137.4220833Samp13Line13,2016204195400,PsnNet_500m,1,1,4,4,3,3,1,4,3,3,3,3,1,4,4,5,5,4,3,3,3,3,3,1,1,1,6,6,4,4,4,3,3,3,3,1,1,1,3,5,4,4,3,3,3,1,1,1,1,1,1,3,1,1,1,1,1,1,1,3,3,1,3,0,3,1,1,1,1,1,1,1,1,0,0,1,1,1,1,1,1,1,1,1,0,1,1,1,1,0,1,0,0,0,0,0,0,1,1,1,1,1,1,0,1,1,0,0,0,0,0,1,1,0,1,1,1,0,0,1,1,0,0,1,0,3,3,1,1,0,1,1,1,1,1,1,1,1,1,1,1,1,0,0,0,0,1,1,1,1,0,1,1,0,0,1,0,0,0,1,1,0,0,0,0,0,1,1,1
MYD17A2H.A2016081.h12v02.006.2016204195400.Psn_QC_500m,MYD17A2H,A2016081,Lat65.9255Lon-137.4220833Samp13Line13,2016204195400,Psn_QC_500m,99,99,10,10,10,10,10,2,10,10,10,2,10,10,10,18,18,2,2,2,2,2,10,10,10,10,10,10,2,2,2,2,2,2,10,10,10,2,10,18,18,18,10,10,2,10,10,10,10,10,10,10,18,18,2,2,10,10,10,2,2,2,10,99,10,2,2,10,2,2,2,2,2,99,107,2,2,2,2,2,2,2,2,2,99,2,2,2,2,99,2,99,99,99,99,107,99,10,2,2,10,10,10,99,10,10,107,99,99,99,99,2,2,99,10,2,2,107,107,2,2,99,99,2,99,2,2,2,2,99,2,2,2,10,10,10,10,10,2,10,2,2,99,99,99,99,10,10,10,10,99,2,2,99,99,2,99,99,99,10,107,99,99,99,99,99,2,2,2
MYD17A2H.A2016089.h12v02.006.2016204204320.Gpp_500m,MYD17A2H,A2016089,Lat65.9255Lon-137.4220833Samp13Line13,2016204204320,Gpp_500m,0,0,0,0,0,0,0,0,0,0,0,0,0,0,0,0,0,0,0,0,0,0,0,0,0,0,0,0,0,0,0,0,0,0,0,0,0,0,0,0,0,0,0,0,0,0,0,0,0,0,0,0,0,0,0,0,0,0,0,0,0,0,0,0,0,0,0,0,0,0,0,0,0,0,0,0,0,0,0,0,0,0,0,0,0,0,0,0,0,0,0,0,0,0,0,0,0,0,0,0,0,0,0,0,0,0,0,0,0,0,0,0,0,0,0,0,0,0,0,0,0,0,0,0,0,0,0,0,0,0,0,0,0,0,0,0,0,0,0,0,0,0,0,0,0,0,0,0,0,0,0,0,0,0,0,0,0,0,0,0,0,0,0,0,0,0,0,0,0
MYD17A2H.A2016089.h12v02.006.2016204204320.PsnNet_500m,MYD17A2H,A2016089,Lat65.9255Lon-137.4220833Samp13Line13,2016204204320,PsnNet_500m,0,0,0,0,0,0,0,0,0,0,0,0,0,0,0,0,0,0,0,0,0,0,0,0,0,0,0,0,0,0,0,0,0,0,0,0,0,0,0,0,0,0,0,0,0,0,0,0,0,0,0,0,0,0,0,0,0,0,0,0,0,0,0,0,0,0,0,0,0,0,0,0,0,0,0,0,0,0,0,0,0,0,0,0,0,0,0,0,0,0,0,0,0,0,0,0,0,0,0,0,0,0,0,0,0,0,0,0,0,0,0,0,0,0,0,0,0,0,0,0,0,0,0,0,0,0,0,0,0,0,0,0,0,0,0,0,0,0,0,0,0,0,0,0,0,0,0,0,0,0,0,0,0,0,0,0,0,0,0,0,0,0,0,0,0,0,0,0,0
MYD17A2H.A2016089.h12v02.006.2016204204320.Psn_QC_500m,MYD17A2H,A2016089,Lat65.9255Lon-137.4220833Samp13Line13,2016204204320,Psn_QC_500m,10,10,10,107,107,107,10,10,10,10,107,107,107,10,10,10,107,10,10,10,10,10,107,107,10,10,10,10,10,10,10,10,10,10,107,107,10,10,10,10,10,10,107,107,107,107,107,107,107,10,10,10,107,107,107,107,107,107,107,107,107,107,107,107,10,107,107,107,107,107,107,107,107,107,107,107,10,107,107,107,107,107,107,107,107,107,107,10,10,107,10,107,107,107,107,107,107,107,10,10,10,10,107,107,99,107,107,107,107,107,10,10,107,107,107,107,107,107,107,107,107,107,107,107,107,107,107,107,107,107,107,107,107,107,107,107,107,107,107,107,107,107,107,107,107,107,107,107,107,107,107,107,107,107,10,10,107,107,107,107,107,107,107,107,107,107,107,107,107
MYD17A2H.A2016097.h12v02.006.2016204213049.Gpp_500m,MYD17A2H,A2016097,Lat65.9255Lon-137.4220833Samp13Line13,2016204213049,Gpp_500m,0,0,1,1,0,0,0,1,1,1,0,0,0,1,1,1,1,1,1,1,1,0,0,0,0,0,1,1,1,1,1,1,1,1,0,0,0,0,0,1,1,1,0,1,0,0,0,0,0,0,0,0,0,0,0,0,0,0,0,0,0,0,0,0,0,0,0,0,0,0,0,0,0,0,0,0,0,0,0,0,0,0,0,0,0,0,0,0,0,0,0,0,0,0,0,0,0,0,0,0,0,0,0,0,0,0,0,0,0,0,0,0,0,0,0,0,0,0,0,0,0,0,0,0,0,0,0,0,0,0,0,0,0,0,0,0,0,0,0,0,0,0,0,0,0,0,0,0,0,0,0,0,0,0,0,0,0,0,0,0,0,0,0,0,0,0,0,0,0
MYD17A2H.A2016097.h12v02.006.2016204213049.PsnNet_500m,MYD17A2H,A2016097,Lat65.9255Lon-137.4220833Samp13Line13,2016204213049,PsnNet_500m,0,0,0,0,0,0,0,0,0,0,0,0,0,1,1,1,0,0,0,0,0,0,0,0,0,0,1,1,1,1,0,0,0,0,0,0,0,0,0,0,0,0,0,0,0,0,0,0,0,0,0,0,0,0,0,0,0,0,0,0,0,0,0,0,0,0,0,0,0,0,0,0,0,0,0,0,0,0,0,0,0,0,0,0,0,0,0,0,0,0,0,0,0,0,0,0,0,0,0,0,0,0,0,0,0,0,0,0,0,0,0,0,0,0,0,0,0,0,0,0,0,0,0,0,0,0,0,0,0,0,0,0,0,0,0,0,0,0,0,0,0,0,0,0,0,0,0,0,0,0,0,0,0,0,0,0,0,0,0,0,0,0,0,0,0,0,0,0,0
MYD17A2H.A2016097.h12v02.006.2016204213049.Psn_QC_500m,MYD17A2H,A2016097,Lat65.9255Lon-137.4220833Samp13Line13,2016204213049,Psn_QC_500m,10,2,10,10,10,10,10,2,2,2,99,99,10,10,10,2,2,2,2,10,10,2,2,10,10,10,10,10,10,10,2,2,2,2,10,10,10,2,2,2,10,10,10,2,10,10,10,99,10,10,10,10,10,107,10,10,2,99,99,10,99,99,99,2,2,107,10,107,107,107,99,99,99,99,2,2,10,10,107,107,107,107,10,107,107,10,10,10,99,99,99,10,107,107,107,107,107,99,99,99,10,10,10,10,10,10,107,10,10,10,10,10,10,10,10,10,10,10,10,10,10,10,10,10,10,10,10,10,10,10,10,10,10,10,10,10,10,10,99,99,99,10,10,10,99,10,10,10,10,99,99,99,99,10,99,10,10,10,10,10,10,99,99,99,99,107,107,2,10
MYD17A2H.A2016105.h12v02.006.2016204223645.Gpp_500m,MYD17A2H,A2016105,Lat65.9255Lon-137.4220833Samp13Line13,2016204223645,Gpp_500m,0,0,0,0,0,0,0,0,0,0,0,0,0,0,0,0,0,0,0,0,0,0,0,0,0,0,1,1,1,0,0,0,0,0,0,0,0,0,0,0,0,0,0,0,0,0,0,0,0,0,0,0,0,0,0,0,0,0,0,0,0,0,0,0,0,0,0,0,0,0,0,0,0,0,0,0,0,0,0,0,0,0,0,0,0,0,0,0,0,0,0,0,0,0,0,0,0,0,0,0,0,0,0,0,0,0,0,0,0,0,0,0,0,0,0,0,0,0,0,0,0,0,0,0,0,0,0,0,0,0,0,0,0,0,0,0,0,0,0,0,0,0,0,0,0,0,0,0,0,0,0,0,0,0,0,0,0,0,0,0,0,0,0,0,0,0,0,0,0
MYD17A2H.A2016105.h12v02.006.2016204223645.PsnNet_500m,MYD17A2H,A2016105,Lat65.9255Lon-137.4220833Samp13Line13,2016204223645,PsnNet_500m,0,0,0,0,0,0,0,0,0,0,0,0,0,0,0,0,0,0,0,0,0,0,0,0,0,0,0,0,0,0,0,0,0,0,0,0,0,0,0,0,0,0,0,0,0,0,0,0,0,0,0,0,0,0,0,0,0,0,0,0,0,0,0,0,0,0,0,0,0,0,0,0,0,0,0,0,0,0,0,0,0,0,0,0,0,0,0,0,0,0,0,0,0,0,0,0,0,0,0,0,0,0,0,0,0,0,0,0,0,0,0,0,0,0,0,0,0,0,0,0,0,0,0,0,0,0,0,0,0,0,0,0,0,0,0,0,0,0,0,0,0,0,0,0,0,0,0,0,0,0,0,0,0,0,0,0,0,0,0,0,0,0,0,0,0,0,0,0,0
MYD17A2H.A2016105.h12v02.006.2016204223645.Psn_QC_500m,MYD17A2H,A2016105,Lat65.9255Lon-137.4220833Samp13Line13,2016204223645,Psn_QC_500m,99,99,99,10,10,2,2,2,2,2,10,10,2,2,2,2,2,2,2,2,10,2,10,2,2,2,2,2,10,2,2,2,2,2,99,99,99,10,2,2,2,2,107,2,2,99,99,99,99,99,99,99,99,99,99,99,99,99,99,99,99,99,99,99,10,2,2,10,99,99,107,107,99,10,10,10,10,99,99,99,99,99,99,10,10,10,10,10,99,99,2,99,99,99,99,99,10,10,10,99,2,2,2,99,99,99,107,107,99,99,99,99,99,99,99,10,99,107,99,99,99,99,99,99,99,99,10,10,10,99,10,10,99,99,99,99,99,99,10,10,10,99,99,99,99,99,99,10,10,10,99,99,99,99,99,99,99,99,10,10,10,99,99,99,99,99,99,99,99
MYD17A2H.A2016113.h12v02.006.2016204232322.Gpp_500m,MYD17A2H,A2016113,Lat65.9255Lon-137.4220833Samp13Line13,2016204232322,Gpp_500m,8,8,30,27,21,12,8,22,27,26,16,8,8,27,30,30,60,27,27,24,21,21,21,8,8,8,33,34,34,27,27,26,22,21,8,8,8,12,12,30,30,24,22,21,8,8,8,8,8,16,12,12,12,12,8,12,8,8,8,5,12,12,12,12,8,12,12,12,12,12,12,12,12,12,12,12,8,8,8,12,12,12,12,12,12,12,12,12,8,8,8,12,12,12,8,0,0,12,12,12,12,12,8,8,0,0,0,0,12,12,12,12,12,12,12,12,8,0,0,8,8,12,12,12,12,12,12,12,12,12,12,12,12,12,12,12,12,12,12,8,8,12,12,12,12,12,12,8,8,12,8,12,12,8,12,12,12,8,12,12,12,12,12,12,12,12,12,12,8
MYD17A2H.A2016113.h12v02.006.2016204232322.PsnNet_500m,MYD17A2H,A2016113,Lat65.9255Lon-137.4220833Samp13Line13,2016204232322,PsnNet_500m,8,8,28,25,19,11,8,20,24,24,15,8,8,25,28,28,54,24,24,23,19,19,19,8,8,8,31,31,31,24,24,24,20,19,8,8,8,11,10,25,25,23,20,20,8,8,8,8,8,15,10,10,11,11,8,11,8,8,8,4,10,10,10,10,8,11,11,11,11,11,10,10,10,10,10,10,8,8,8,11,11,10,10,10,10,10,10,10,8,8,7,11,10,10,8,0,0,10,10,10,10,10,8,8,0,0,0,0,10,10,10,10,10,10,10,10,8,0,0,8,8,10,10,10,10,10,10,10,10,10,10,10,10,10,10,10,10,10,10,8,8,10,10,10,10,10,10,8,8,10,8,10,10,8,10,10,10,8,10,10,10,10,10,10,10,10,10,10,8
MYD17A2H.A2016113.h12v02.006.2016204232322.Psn_QC_500m,MYD17A2H,A2016113,Lat65.9255Lon-137.4220833Samp13Line13,2016204232322,Psn_QC_500m,2,2,10,2,10,10,2,2,2,2,2,2,2,2,10,10,2,2,2,10,2,2,2,2,2,2,2,10,10,2,2,2,2,10,2,2,2,2,2,10,10,10,2,2,2,2,2,2,2,10,2,2,2,2,2,2,2,2,2,99,2,2,2,2,2,2,2,2,2,2,2,2,2,2,2,2,2,2,2,2,2,2,2,2,2,2,2,2,2,2,10,2,2,2,2,107,99,2,2,2,2,2,2,2,107,107,107,107,2,2,2,2,2,2,2,2,2,99,99,2,2,2,2,2,2,2,2,2,2,2,2,2,2,2,2,2,2,2,2,10,10,10,2,2,10,10,10,10,10,2,10,2,2,2,2,2,2,10,2,2,2,2,2,2,2,2,2,2,2
MYD17A2H.A2016121.h12v02.006.2016205002857.Gpp_500m,MYD17A2H,A2016121,Lat65.9255Lon-137.4220833Samp13Line13,2016205002857,Gpp_500m,56,46,93,93,56,56,46,50,45,105,130,130,123,126,93,80,62,101,48,42,50,105,93,54,36,36,112,115,80,79,96,96,105,45,45,30,17,42,89,80,79,101,105,88,36,36,30,30,34,30,45,34,93,36,36,27,30,17,22,30,30,30,36,30,39,17,45,34,30,30,17,36,36,17,17,27,27,37,51,51,36,17,17,17,17,11,17,17,30,17,37,11,45,45,17,17,17,30,30,22,22,37,34,17,56,56,34,14,17,22,22,22,37,37,17,30,30,14,14,22,17,17,30,30,17,9,17,17,7,9,17,17,37,37,37,9,7,34,26,9,17,7,26,37,37,17,9,9,26,26,1,17,26,17,17,17,17,17,22,22,17,17,17,17,17,15,26,30,17
MYD17A2H.A2016121.h12v02.006.2016205002857.PsnNet_500m,MYD17A2H,A2016121,Lat65.9255Lon-137.4220833Samp13Line13,2016205002857,PsnNet_500m,52,41,84,84,52,52,41,48,41,93,115,115,111,113,84,76,56,91,44,39,48,93,84,47,35,34,100,104,76,71,86,86,93,41,41,30,16,40,82,76,71,91,94,78,36,35,30,30,30,30,41,30,84,36,36,26,29,16,21,30,30,30,34,30,36,16,41,30,30,30,16,34,34,15,15,26,26,34,47,47,34,16,16,16,15,10,15,15,30,15,34,10,41,41,16,15,15,30,30,21,21,34,30,15,51,51,30,12,15,21,21,21,34,34,15,30,30,13,12,21,15,15,30,30,15,9,15,15,7,9,15,15,34,34,34,9,7,30,25,9,15,7,25,34,34,15,9,9,22,22,1,15,25,15,15,16,15,15,21,21,15,15,15,15,15,12,22,29,16
MYD17A2H.A2016121.h12v02.006.2016205002857.Psn_QC_500m,MYD17A2H,A2016121,Lat65.9255Lon-137.4220833Samp13Line13,2016205002857,Psn_QC_500m,10,10,10,10,2,2,10,10,2,2,2,2,2,2,10,10,10,10,10,10,10,2,10,10,2,2,18,18,10,10,2,2,2,10,10,2,2,2,18,10,2,2,2,2,2,2,2,2,2,10,10,10,2,2,2,2,2,10,18,2,2,2,2,10,10,2,10,10,2,2,2,2,2,2,2,2,2,2,10,10,2,2,2,2,75,75,2,2,2,2,10,75,10,10,10,75,2,2,2,2,2,2,10,2,10,10,10,75,2,2,2,2,10,10,2,2,2,75,75,2,2,10,10,10,10,107,2,2,99,99,2,2,10,10,10,107,107,75,75,99,2,107,67,10,10,2,99,99,75,75,99,2,67,2,2,2,10,2,2,2,2,2,67,10,10,67,67,67,2
MYD17A2H.A2016129.h12v02.006.2016205011746.Gpp_500m,MYD17A2H,A2016129,Lat65.9255Lon-137.4220833Samp13Line13,2016205011746,Gpp_500m,269,308,269,263,263,263,263,244,191,237,250,261,261,339,339,315,315,263,244,244,256,237,256,255,249,249,315,315,244,244,244,219,237,204,203,242,249,210,210,250,230,250,237,237,237,237,249,249,249,249,249,249,261,250,250,204,178,249,249,249,241,294,249,248,241,224,166,166,210,261,241,241,241,249,248,222,241,248,261,249,249,249,249,249,210,210,241,237,261,261,210,279,299,299,261,173,255,255,210,255,254,210,254,267,255,241,173,210,210,267,267,221,202,254,254,254,229,151,210,210,255,202,237,197,237,237,254,209,208,248,185,242,274,254,254,261,260,254,185,254,254,202,254,286,254,254,254,279,221,221,221,165,241,229,229,236,261,267,260,209,209,208,228,229,273,254,254,272,272
MYD17A2H.A2016129.h12v02.006.2016205011746.PsnNet_500m,MYD17A2H,A2016129,Lat65.9255Lon-137.4220833Samp13Line13,2016205011746,PsnNet_500m,245,281,245,241,241,241,241,224,177,218,229,241,238,309,309,288,288,241,224,224,233,218,233,233,227,229,286,286,224,224,224,202,218,189,188,223,229,191,191,229,212,229,218,218,218,217,227,227,229,229,227,227,241,229,229,188,162,227,227,227,223,266,227,227,223,206,153,152,191,238,223,223,223,227,227,206,223,226,238,227,227,227,227,227,191,191,223,215,238,238,191,256,273,273,238,160,233,233,191,233,233,191,233,246,233,223,160,191,191,246,242,206,186,233,232,232,209,142,191,191,233,189,215,183,215,215,232,190,190,226,168,223,249,233,233,238,238,232,172,232,232,188,232,260,233,233,233,255,203,206,205,152,220,211,211,215,238,246,238,191,190,190,211,211,247,232,232,247,247
MYD17A2H.A2016129.h12v02.006.2016205011746.Psn_QC_500m,MYD17A2H,A2016129,Lat65.9255Lon-137.4220833Samp13Line13,2016205011746,Psn_QC_500m,2,2,2,2,2,2,2,2,2,2,2,2,2,2,2,2,2,2,2,2,2,2,2,2,2,2,2,2,2,2,2,2,2,2,2,2,2,2,2,2,2,2,2,2,2,2,2,2,2,2,2,2,2,2,2,2,2,2,2,2,2,2,2,2,2,2,2,2,2,2,2,2,2,2,2,2,2,2,2,2,2,2,2,2,2,2,2,2,2,2,2,2,2,2,2,2,2,2,2,2,2,2,2,2,2,2,10,2,2,2,2,2,2,2,2,2,2,2,2,2,2,2,2,2,2,2,2,2,2,2,2,2,2,2,2,2,2,2,2,2,2,2,2,2,2,2,2,2,2,2,2,2,2,2,2,2,2,2,2,2,2,2,10,2,2,2,2,2,2
MYD17A2H.A2016137.h12v02.006.2016205021225.Gpp_500m,MYD17A2H,A2016137,Lat65.9255Lon-137.4220833Samp13Line13,2016205021225,Gpp_500m,181,182,194,186,208,212,174,131,96,151,163,181,194,190,182,182,182,182,165,74,186,160,213,215,102,109,174,174,115,163,163,154,160,204,204,109,129,82,139,139,176,136,147,160,182,184,190,217,190,85,191,171,112,107,107,136,137,187,143,178,178,199,191,191,165,119,112,113,120,129,129,139,199,187,187,161,179,184,143,117,129,165,165,184,156,165,171,161,187,187,195,137,199,199,184,120,165,171,133,167,167,167,179,179,187,184,90,156,156,179,129,125,165,187,187,152,152,102,102,184,125,129,129,161,161,125,125,171,130,133,165,129,125,125,156,156,117,152,184,143,140,167,167,125,125,133,175,175,196,165,103,98,103,103,94,83,179,161,201,201,94,137,103,133,106,103,117,144,144
MYD17A2H.A2016137.h12v02.006.2016205021225.PsnNet_500m,MYD17A2H,A2016137,Lat65.9255Lon-137.4220833Samp13Line13,2016205021225,PsnNet_500m,161,161,173,165,183,189,157,119,89,137,148,164,174,168,161,162,163,163,149,68,167,143,188,189,95,100,155,155,103,146,146,138,142,183,184,98,117,73,128,127,159,122,133,142,163,164,171,194,172,79,172,155,102,97,97,122,124,169,131,160,160,179,172,172,147,110,102,102,109,117,117,128,176,169,169,144,161,164,130,108,117,147,147,164,141,147,153,145,169,169,174,124,179,179,164,109,147,153,119,151,151,151,161,161,167,164,82,141,141,162,117,114,148,169,169,137,137,92,92,164,114,117,117,145,145,114,114,154,117,119,148,117,114,114,142,142,108,139,165,131,128,151,151,114,114,119,158,161,177,150,92,88,92,92,86,73,162,146,183,183,86,124,92,122,97,92,108,132,132
MYD17A2H.A2016137.h12v02.006.2016205021225.Psn_QC_500m,MYD17A2H,A2016137,Lat65.9255Lon-137.4220833Samp13Line13,2016205021225,Psn_QC_500m,2,2,2,2,18,18,18,10,10,18,18,2,2,2,2,2,2,2,18,67,18,2,2,2,10,18,2,2,2,2,2,2,2,2,2,10,18,2,2,18,2,2,2,2,2,2,2,18,18,2,2,2,10,2,2,2,2,2,2,2,2,2,2,2,2,2,2,2,2,18,2,2,2,2,2,2,2,2,2,18,18,2,2,2,2,2,2,2,2,2,2,2,2,2,2,2,2,2,2,2,2,2,2,2,2,2,2,2,2,2,2,18,2,2,2,2,2,2,2,2,2,2,18,2,2,2,2,2,2,2,2,2,2,18,2,2,2,2,2,2,2,2,2,2,2,2,2,2,2,2,2,2,2,2,2,2,2,2,2,2,18,2,2,2,2,2,2,2,2
MYD17A2H.A2016145.h12v02.006.2016205025624.Gpp_500m,MYD17A2H,A2016145,Lat65.9255Lon-137.4220833Samp13Line13,2016205025624,Gpp_500m,212,212,212,212,212,225,183,195,205,205,193,186,257,193,193,183,240,179,179,195,212,182,258,272,218,218,205,183,182,202,182,182,214,214,257,179,218,178,178,202,202,179,179,179,182,251,233,188,188,206,182,182,193,179,173,179,178,188,188,206,190,190,217,210,178,173,172,178,179,215,196,196,218,217,210,210,182,182,173,188,210,210,187,210,162,195,195,182,187,187,191,188,187,224,162,154,182,182,172,182,182,172,178,187,182,121,112,121,190,191,162,172,172,182,178,178,172,99,136,178,178,187,187,172,172,172,178,162,172,178,178,178,182,187,172,172,182,172,182,178,178,146,162,182,178,178,187,218,195,187,162,162,172,162,162,178,182,191,204,210,218,205,195,191,187,187,154,162,153
MYD17A2H.A2016145.h12v02.006.2016205025624.PsnNet_500m,MYD17A2H,A2016145,Lat65.9255Lon-137.4220833Samp13Line13,2016205025624,PsnNet_500m,195,195,195,195,195,205,168,181,190,190,176,172,234,175,175,168,218,164,164,181,195,169,235,248,204,204,190,168,168,186,169,169,196,196,234,165,204,165,165,185,185,165,165,165,169,231,216,173,173,191,167,167,177,165,162,164,165,173,173,191,175,175,198,193,164,162,162,165,165,199,180,180,201,198,193,193,167,167,159,173,192,193,172,193,151,180,180,167,172,172,177,172,172,205,150,143,168,168,159,169,169,159,164,172,167,112,104,112,177,177,150,159,159,168,164,164,159,90,126,164,164,172,172,159,159,159,164,150,159,164,164,164,169,172,159,159,168,159,167,164,164,133,150,169,164,164,172,201,179,172,150,150,159,150,150,164,168,177,188,193,203,188,181,177,171,171,142,150,142
MYD17A2H.A2016145.h12v02.006.2016205025624.Psn_QC_500m,MYD17A2H,A2016145,Lat65.9255Lon-137.4220833Samp13Line13,2016205025624,Psn_QC_500m,2,2,2,2,2,2,2,2,2,2,2,2,2,2,2,2,2,2,2,2,2,2,2,2,2,2,2,2,2,2,2,2,2,2,2,2,10,2,2,2,2,2,2,2,2,2,2,2,2,2,2,2,2,2,2,2,2,18,2,2,2,2,2,2,2,2,2,2,2,2,2,2,2,2,2,2,2,2,2,2,2,2,2,2,2,2,2,2,2,2,2,2,2,2,2,2,2,2,2,2,2,2,2,2,2,2,2,2,2,2,2,2,2,2,2,2,2,2,2,2,2,2,2,2,2,2,2,2,2,2,2,2,2,2,2,2,2,2,2,2,2,2,2,2,2,2,2,2,2,2,2,2,2,2,2,2,2,2,2,2,2,2,2,2,2,2,2,2,2
MYD17A2H.A2016153.h12v02.006.2016205033910.Gpp_500m,MYD17A2H,A2016153,Lat65.9255Lon-137.4220833Samp13Line13,2016205033910,Gpp_500m,232,280,261,261,252,252,183,270,314,314,279,266,234,270,270,223,252,255,261,285,279,279,255,254,246,230,261,295,261,261,273,279,273,271,268,246,234,230,234,307,307,279,271,255,246,246,234,249,258,272,258,249,261,246,232,232,230,246,272,272,258,254,258,258,249,242,246,222,246,245,272,258,266,272,272,234,258,253,230,234,234,283,254,272,212,254,254,253,253,253,253,258,258,286,234,150,263,263,230,230,230,220,234,234,258,212,212,230,249,253,234,234,223,244,244,244,220,196,150,230,244,244,239,230,230,230,223,230,223,230,223,230,249,244,253,230,234,234,244,238,230,230,220,253,253,230,230,277,277,266,238,220,215,205,210,200,230,249,272,277,276,252,238,230,230,233,209,209,223
MYD17A2H.A2016153.h12v02.006.2016205033910.PsnNet_500m,MYD17A2H,A2016153,Lat65.9255Lon-137.4220833Samp13Line13,2016205033910,PsnNet_500m,211,250,235,235,229,229,172,242,278,278,249,236,212,241,241,201,226,229,235,253,249,249,229,227,220,207,235,263,235,235,244,249,247,241,239,220,211,206,211,275,275,249,241,229,221,220,212,223,232,244,232,223,235,222,208,208,208,220,244,244,232,227,231,231,223,217,221,199,220,220,244,232,239,244,243,211,231,227,207,212,212,251,227,241,190,227,227,227,228,228,225,232,232,254,212,137,235,235,206,206,206,199,211,211,232,192,192,206,223,227,211,211,204,219,219,219,199,180,137,206,219,219,214,206,206,206,204,207,204,206,204,206,223,219,225,206,211,211,219,215,206,206,199,226,225,206,206,246,246,238,215,199,194,186,188,180,206,223,242,246,246,227,214,206,206,211,191,191,202
MYD17A2H.A2016153.h12v02.006.2016205033910.Psn_QC_500m,MYD17A2H,A2016153,Lat65.9255Lon-137.4220833Samp13Line13,2016205033910,Psn_QC_500m,2,2,2,2,2,2,2,2,2,2,2,2,2,2,2,2,2,2,2,2,2,2,2,2,2,2,2,2,2,2,2,2,10,2,2,2,2,2,2,2,2,2,2,2,2,2,2,2,2,2,2,2,2,2,2,2,2,2,2,2,2,2,2,2,2,2,2,2,2,2,2,2,2,2,2,2,2,2,2,2,2,2,2,2,2,2,2,2,2,2,2,2,2,2,2,2,2,2,2,2,2,2,2,2,2,2,2,2,2,2,2,2,2,2,2,2,2,2,2,2,2,2,2,2,2,2,2,2,2,2,2,2,2,2,2,2,2,2,2,2,2,2,2,2,2,2,2,2,2,2,2,2,2,2,2,2,2,2,2,2,2,2,2,2,2,2,2,2,2
MYD17A2H.A2016161.h12v02.006.2016205042059.Gpp_500m,MYD17A2H,A2016161,Lat65.9255Lon-137.4220833Samp13Line13,2016205042059,Gpp_500m,504,495,495,576,553,552,534,528,528,520,535,487,482,496,496,545,545,520,511,535,535,520,480,442,442,394,576,608,559,438,520,520,480,461,435,435,417,385,385,552,551,551,551,520,480,402,394,394,449,490,474,432,527,527,543,437,435,435,435,498,465,457,457,505,442,445,445,435,435,457,490,481,490,490,505,505,432,473,387,435,466,466,449,505,505,546,416,441,609,574,574,441,441,490,490,328,385,473,512,511,488,488,400,400,554,432,321,449,456,441,464,447,480,431,423,405,415,345,426,456,456,431,481,559,423,415,405,423,423,422,391,423,423,494,480,480,415,446,438,438,397,383,397,440,455,423,423,455,519,478,478,405,374,365,390,381,405,454,519,471,446,446,422,438,415,390,390,390,389
MYD17A2H.A2016161.h12v02.006.2016205042059.PsnNet_500m,MYD17A2H,A2016161,Lat65.9255Lon-137.4220833Samp13Line13,2016205042059,PsnNet_500m,462,453,453,524,504,504,489,481,487,477,487,445,441,453,453,495,495,477,469,487,487,477,439,407,406,363,523,546,512,405,477,477,439,426,401,400,384,355,355,503,500,503,502,472,441,374,364,363,415,448,433,398,484,484,498,404,401,400,400,456,428,420,420,463,405,412,412,401,400,422,447,438,448,448,463,463,398,431,357,400,427,426,415,460,460,496,387,405,551,523,523,405,405,447,448,306,357,431,470,470,446,446,373,373,506,398,296,415,420,408,428,411,438,400,392,378,382,319,392,420,420,400,441,509,392,382,378,392,392,391,362,392,392,455,441,441,382,413,404,404,368,355,368,405,419,392,392,421,475,439,439,376,346,337,359,354,377,419,476,432,413,413,391,405,383,359,359,359,359
MYD17A2H.A2016161.h12v02.006.2016205042059.Psn_QC_500m,MYD17A2H,A2016161,Lat65.9255Lon-137.4220833Samp13Line13,2016205042059,Psn_QC_500m,2,2,2,2,2,2,2,2,2,2,2,2,2,2,2,2,2,2,2,2,2,2,2,2,2,2,2,2,2,2,2,2,2,2,2,2,2,2,2,2,2,2,2,2,2,18,2,2,2,2,2,2,2,2,2,2,2,2,2,2,2,2,2,2,2,2,2,2,2,2,2,2,2,2,2,2,2,2,2,2,2,2,2,2,2,2,2,2,2,2,2,2,2,2,2,2,2,2,2,2,2,2,2,2,2,2,2,2,2,2,2,2,2,10,2,2,2,2,2,2,2,2,2,2,2,2,2,2,2,2,2,2,2,18,2,2,2,2,2,2,2,2,2,2,2,2,2,2,2,2,2,2,2,2,2,2,2,2,2,2,2,2,2,2,2,2,2,2,2
MYD17A2H.A2016169.h12v02.006.2016205050549.Gpp_500m,MYD17A2H,A2016169,Lat65.9255Lon-137.4220833Samp13Line13,2016205050549,Gpp_500m,536,454,454,438,418,411,411,427,453,453,436,436,368,438,453,445,411,428,453,453,460,460,410,375,375,325,460,470,453,395,395,427,427,427,424,351,334,334,351,453,427,427,427,385,378,375,325,325,384,417,417,384,418,378,378,378,368,368,368,409,409,384,384,400,400,370,334,334,334,424,434,434,434,400,434,600,400,400,316,316,401,401,409,391,391,391,368,391,391,391,384,384,417,391,374,316,341,384,440,440,391,325,332,332,434,434,368,515,515,499,384,384,366,341,325,324,332,334,533,533,492,434,433,384,391,391,315,332,332,331,499,384,450,450,540,325,324,366,366,341,366,341,314,384,374,366,391,391,432,432,383,350,323,314,323,348,341,391,466,466,432,341,331,366,366,331,314,398,365
MYD17A2H.A2016169.h12v02.006.2016205050549.PsnNet_500m,MYD17A2H,A2016169,Lat65.9255Lon-137.4220833Samp13Line13,2016205050549,PsnNet_500m,489,413,413,395,382,375,375,389,413,413,399,396,334,399,414,404,375,389,413,413,417,417,376,343,343,297,419,426,413,359,359,389,389,389,388,321,308,308,321,415,389,389,389,352,345,343,297,297,352,378,378,351,383,345,345,345,337,337,337,373,373,352,351,363,363,337,307,308,308,388,395,395,395,363,395,537,370,370,291,291,363,363,373,357,357,357,333,357,357,361,349,352,378,358,342,291,316,349,405,404,361,297,305,305,395,395,337,467,467,456,353,353,336,314,297,296,305,307,481,481,445,394,394,349,356,356,291,305,304,304,450,353,409,408,485,297,297,335,335,314,336,313,291,349,342,333,356,356,395,395,349,318,296,291,296,317,314,357,421,421,394,314,304,336,336,304,290,362,331
MYD17A2H.A2016169.h12v02.006.2016205050549.Psn_QC_500m,MYD17A2H,A2016169,Lat65.9255Lon-137.4220833Samp13Line13,2016205050549,Psn_QC_500m,2,2,2,2,2,2,2,2,2,2,2,2,2,2,2,2,2,2,2,2,2,2,2,2,2,2,2,2,2,2,2,2,2,2,2,2,2,2,2,2,2,2,2,2,2,2,2,2,2,2,2,2,2,2,2,2,2,2,2,2,2,2,2,2,2,2,2,2,2,2,2,2,2,2,2,2,2,2,2,2,2,2,2,2,2,2,2,2,2,2,2,2,2,2,2,2,18,2,10,10,10,2,2,2,2,2,2,10,10,10,2,2,2,2,2,2,2,2,2,2,2,2,2,2,2,2,2,2,2,2,2,10,2,2,2,2,2,2,2,2,2,2,2,2,2,2,2,2,2,2,2,2,2,2,2,2,2,2,2,2,2,2,2,2,2,2,2,2,2
MYD17A2H.A2016177.h12v02.006.2016205054613.Gpp_500m,MYD17A2H,A2016177,Lat65.9255Lon-137.4220833Samp13Line13,2016205054613,Gpp_500m,474,474,466,466,466,443,443,485,485,466,356,356,384,493,493,483,484,424,459,458,518,458,458,391,391,333,493,509,432,432,476,476,518,458,460,384,384,376,469,518,518,424,424,432,409,408,375,376,425,425,416,409,458,381,381,432,401,384,384,460,460,425,417,418,392,381,390,391,384,452,452,443,443,443,460,460,392,419,375,383,460,460,511,562,562,392,392,426,409,409,452,417,425,425,409,409,392,443,383,383,383,383,383,383,519,452,452,587,587,383,383,383,383,383,392,392,392,477,469,469,383,392,426,426,392,383,419,478,360,350,324,383,564,528,410,376,376,383,383,539,470,478,531,595,596,528,504,461,469,469,539,360,548,548,548,548,383,504,512,596,597,512,470,521,555,521,521,479,472
MYD17A2H.A2016177.h12v02.006.2016205054613.PsnNet_500m,MYD17A2H,A2016177,Lat65.9255Lon-137.4220833Samp13Line13,2016205054613,PsnNet_500m,424,422,412,412,412,392,391,426,426,412,320,320,342,436,435,429,429,376,407,406,457,406,406,351,351,298,435,450,386,385,422,422,456,406,410,342,342,337,416,457,457,376,376,386,363,365,335,335,377,377,373,365,406,341,341,386,356,342,342,410,410,377,373,374,351,341,350,351,342,400,400,393,395,395,410,410,351,370,337,342,410,410,450,491,491,351,351,377,365,365,401,373,377,377,365,365,351,395,343,343,343,343,343,343,458,403,404,514,514,343,343,343,343,343,351,351,351,426,417,417,347,351,378,378,351,343,378,427,326,316,293,343,499,464,365,337,338,343,343,477,419,431,469,516,516,464,451,418,416,416,477,320,481,481,480,480,343,451,452,528,528,454,419,464,492,465,465,424,419
MYD17A2H.A2016177.h12v02.006.2016205054613.Psn_QC_500m,MYD17A2H,A2016177,Lat65.9255Lon-137.4220833Samp13Line13,2016205054613,Psn_QC_500m,2,2,2,2,2,2,2,2,2,2,2,2,2,2,2,2,2,2,2,2,2,2,2,2,2,2,2,2,2,2,2,2,2,2,2,2,2,2,2,2,2,2,2,2,2,2,2,2,2,2,2,2,2,2,2,2,2,2,2,2,2,2,2,2,2,2,2,2,2,2,2,2,2,2,2,2,2,2,2,2,2,2,2,2,2,2,2,2,2,2,2,2,2,2,2,2,2,2,2,2,2,2,2,2,2,2,2,2,2,2,2,2,2,2,2,2,2,2,2,2,2,2,2,2,2,2,2,2,2,2,2,2,2,2,2,2,2,2,2,2,2,2,2,2,2,2,18,18,2,2,2,2,2,2,2,2,2,18,2,2,2,2,2,2,2,2,2,2,2
MYD17A2H.A2016185.h12v02.006.2016205065630.Gpp_500m,MYD17A2H,A2016185,Lat65.9255Lon-137.4220833Samp13Line13,2016205065630,Gpp_500m,515,545,529,529,465,465,494,485,501,501,538,538,546,529,529,479,515,485,486,515,538,546,517,523,413,518,545,522,466,494,530,530,551,517,523,495,474,392,393,0,304,487,487,471,495,428,474,392,431,502,474,519,471,471,429,517,481,422,423,431,490,423,526,519,505,509,459,458,458,458,502,474,511,547,565,565,535,497,474,474,496,502,502,569,511,535,609,549,550,514,498,511,563,547,534,497,541,541,476,497,497,439,461,469,569,569,490,504,548,550,484,468,468,462,469,442,442,503,490,512,513,513,484,468,468,470,470,433,450,464,497,519,505,506,506,477,485,486,455,455,455,501,501,484,460,461,485,544,552,531,501,494,495,472,502,502,506,523,573,539,539,487,524,524,488,502,474,451,451
MYD17A2H.A2016185.h12v02.006.2016205065630.PsnNet_500m,MYD17A2H,A2016185,Lat65.9255Lon-137.4220833Samp13Line13,2016205065630,PsnNet_500m,432,446,441,441,394,393,416,412,427,419,448,448,455,441,441,404,430,411,412,429,448,449,434,441,356,442,449,437,393,417,442,442,456,434,441,421,404,338,338,0,266,412,412,400,419,374,404,338,370,424,405,435,400,400,368,429,408,359,364,368,412,364,442,436,427,429,390,393,393,390,424,405,439,459,466,467,448,421,404,404,420,426,427,472,435,448,492,459,459,434,423,432,464,457,450,420,453,455,406,421,423,376,397,405,472,472,417,427,462,462,411,399,399,397,405,378,378,427,417,433,433,434,411,399,401,401,401,375,389,399,421,437,429,426,426,407,416,416,395,395,390,430,430,411,396,396,416,457,465,446,424,421,421,402,426,427,431,442,475,451,451,412,445,439,418,434,404,389,389
MYD17A2H.A2016185.h12v02.006.2016205065630.Psn_QC_500m,MYD17A2H,A2016185,Lat65.9255Lon-137.4220833Samp13Line13,2016205065630,Psn_QC_500m,2,2,2,2,2,2,2,2,2,2,2,2,2,2,2,2,2,2,2,2,2,2,2,2,2,10,2,2,2,2,2,2,2,2,2,2,2,2,2,75,2,2,2,2,2,2,2,2,2,2,2,2,2,2,2,2,2,2,2,2,2,2,2,2,2,2,2,2,2,2,2,2,2,2,2,2,2,2,2,2,2,2,2,2,2,2,2,2,2,2,2,2,2,2,18,2,2,2,2,2,2,2,2,2,18,18,2,2,2,2,2,2,2,2,2,2,2,2,2,2,2,2,2,2,2,2,2,2,2,2,2,2,2,2,2,2,2,2,2,2,2,2,2,2,2,2,2,2,2,2,2,2,2,2,2,2,2,2,2,2,2,2,2,2,2,2,2,2,2
MYD17A2H.A2016193.h12v02.006.2016205073053.Gpp_500m,MYD17A2H,A2016193,Lat65.9255Lon-137.4220833Samp13Line13,2016205073053,Gpp_500m,350,323,332,341,341,303,293,238,275,238,238,184,183,606,275,275,238,238,257,238,248,248,219,392,400,183,578,275,248,248,248,248,248,184,539,510,137,255,211,238,248,248,248,211,184,165,165,211,211,211,155,392,175,184,211,211,165,155,155,347,347,202,547,610,92,165,165,274,274,410,410,202,202,55,55,101,601,601,74,165,165,165,365,210,210,55,109,109,238,238,146,246,246,165,165,55,55,55,55,55,74,74,274,55,129,703,483,55,55,55,74,55,55,55,55,55,55,238,428,55,55,100,100,55,55,55,55,55,55,55,755,74,92,155,146,137,55,55,55,55,55,55,55,137,118,146,146,637,474,474,593,55,55,55,338,55,118,582,419,419,419,645,201,201,310,55,55,55,55
MYD17A2H.A2016193.h12v02.006.2016205073053.PsnNet_500m,MYD17A2H,A2016193,Lat65.9255Lon-137.4220833Samp13Line13,2016205073053,PsnNet_500m,315,292,302,309,309,277,268,216,252,216,216,166,166,533,252,252,216,216,230,216,225,225,202,349,358,165,510,252,225,225,225,225,225,166,472,455,125,232,189,219,225,225,225,196,166,152,152,190,190,189,143,356,159,166,196,196,152,143,143,312,312,181,484,534,83,154,154,250,250,366,366,181,181,52,52,92,521,519,70,152,152,152,326,189,189,52,100,100,213,213,134,222,222,148,148,52,52,52,52,52,70,70,250,52,115,595,423,52,52,52,64,52,52,52,52,52,52,213,382,52,52,92,92,52,52,52,52,52,52,52,623,64,83,143,134,125,52,52,52,52,52,52,52,125,111,134,134,546,423,423,521,52,52,52,304,52,106,512,371,371,371,554,180,180,277,52,52,52,52
MYD17A2H.A2016193.h12v02.006.2016205073053.Psn_QC_500m,MYD17A2H,A2016193,Lat65.9255Lon-137.4220833Samp13Line13,2016205073053,Psn_QC_500m,10,18,18,18,18,18,18,18,18,18,18,10,18,10,18,18,18,18,2,18,2,18,18,2,2,18,2,18,18,18,18,18,18,18,2,2,18,18,18,18,18,18,18,18,18,18,18,67,18,18,18,10,18,18,18,18,18,67,67,67,67,67,10,10,10,18,18,10,10,67,67,67,67,18,18,10,2,2,18,18,18,18,2,2,2,18,10,10,10,10,2,2,2,2,2,18,18,18,18,18,18,18,10,18,18,2,2,18,18,18,10,18,18,18,18,18,18,2,2,18,18,10,10,18,18,18,18,18,18,18,18,2,10,18,18,18,18,18,18,18,18,18,18,18,18,18,18,2,2,2,2,18,18,10,67,18,10,2,2,2,2,2,67,67,67,18,18,18,18
MYD17A2H.A2016201.h12v02.006.2016215135622.Gpp_500m,MYD17A2H,A2016201,Lat65.9255Lon-137.4220833Samp13Line13,2016215135622,Gpp_500m,382,319,376,376,334,368,368,334,393,382,375,375,323,308,308,376,338,340,334,357,357,375,338,327,323,322,387,364,364,364,375,375,345,363,365,316,322,309,309,393,393,334,334,319,319,323,322,322,322,309,316,334,334,319,319,319,322,333,333,333,358,372,372,379,334,319,344,309,309,333,401,389,401,382,379,379,334,340,322,322,378,379,364,364,379,379,323,364,364,340,328,358,382,358,327,327,327,353,323,323,323,274,274,317,408,408,334,389,364,364,323,323,317,317,322,304,304,286,327,327,334,340,371,371,328,298,322,322,330,323,323,267,346,346,328,317,340,322,322,334,323,323,299,340,339,317,347,347,402,384,384,310,310,317,330,330,322,401,401,384,366,366,323,330,330,304,304,323,330
MYD17A2H.A2016201.h12v02.006.2016215135622.PsnNet_500m,MYD17A2H,A2016201,Lat65.9255Lon-137.4220833Samp13Line13,2016215135622,PsnNet_500m,344,296,339,339,302,333,333,302,356,344,339,339,293,281,281,339,308,308,302,322,322,339,309,299,293,293,349,329,329,329,339,339,312,329,329,290,293,282,282,356,356,304,304,292,292,293,293,293,293,282,290,304,303,292,292,292,293,305,304,303,325,336,336,341,306,292,313,282,282,305,361,351,361,347,341,341,304,310,293,293,341,341,329,329,341,341,293,329,330,310,300,326,346,326,299,299,299,320,293,294,295,251,250,290,367,367,306,352,329,330,293,294,290,290,295,278,278,264,299,299,306,310,337,337,300,273,295,295,300,296,293,247,316,316,300,290,310,295,295,306,296,296,273,310,310,290,316,316,361,348,348,283,283,289,300,300,294,361,362,348,331,331,296,300,300,279,279,296,301
MYD17A2H.A2016201.h12v02.006.2016215135622.Psn_QC_500m,MYD17A2H,A2016201,Lat65.9255Lon-137.4220833Samp13Line13,2016215135622,Psn_QC_500m,2,2,2,2,2,2,2,2,2,2,2,2,2,2,2,2,2,2,2,2,2,2,2,2,2,2,2,2,2,2,2,2,2,2,2,2,2,2,2,2,2,2,2,2,2,2,2,2,2,2,2,2,2,2,2,2,2,2,2,2,2,2,2,2,2,2,2,2,2,2,2,2,2,2,2,2,2,2,2,2,2,2,2,2,2,2,2,2,2,2,2,2,2,2,2,2,2,2,2,2,2,2,2,2,2,2,2,2,2,2,2,2,2,2,2,2,2,2,2,2,2,2,2,2,2,2,2,2,2,2,2,2,2,2,2,2,2,2,2,2,2,2,2,2,2,2,2,2,2,2,2,2,2,2,2,2,2,2,2,2,2,2,2,2,2,2,2,2,2
MYD17A2H.A2016209.h12v02.006.2016229125026.Gpp_500m,MYD17A2H,A2016209,Lat65.9255Lon-137.4220833Samp13Line13,2016229125026,Gpp_500m,749,366,511,473,543,474,496,473,564,420,160,267,46,473,443,435,199,488,160,320,481,91,612,329,329,343,534,504,504,342,342,612,342,342,596,321,321,321,321,504,199,199,123,199,199,123,199,199,53,46,550,441,168,168,130,130,123,397,397,504,572,519,543,543,543,711,213,215,313,557,596,544,544,572,572,527,527,518,99,412,480,572,557,558,579,504,527,527,543,496,496,480,578,544,543,512,564,527,496,496,458,458,497,497,565,564,527,504,543,496,496,474,444,489,489,489,343,497,458,512,513,512,504,137,282,404,404,380,381,489,389,351,351,474,412,329,243,243,215,480,481,489,435,281,337,328,267,243,380,557,435,434,419,412,536,536,177,175,481,481,389,389,381,405,405,413,413,389,382
MYD17A2H.A2016209.h12v02.006.2016229125026.PsnNet_500m,MYD17A2H,A2016209,Lat65.9255Lon-137.4220833Samp13Line13,2016229125026,PsnNet_500m,559,336,453,425,480,423,439,423,491,377,149,245,43,423,400,388,181,431,146,290,432,87,509,296,297,309,469,445,445,310,310,509,315,315,499,289,289,289,288,445,181,181,113,181,181,114,181,181,50,43,480,399,154,154,122,122,114,363,363,448,499,461,474,474,474,547,197,197,288,485,513,476,476,500,500,464,464,460,94,369,432,498,489,489,504,447,464,464,476,441,441,432,505,476,476,452,492,466,440,440,411,411,441,442,493,492,464,447,476,441,441,419,394,434,434,434,316,442,410,452,453,453,446,125,260,364,367,348,348,434,350,316,316,421,373,297,221,221,197,426,426,434,393,257,307,300,241,226,344,491,390,389,373,370,469,469,160,160,419,419,352,352,344,362,362,370,370,350,341
MYD17A2H.A2016209.h12v02.006.2016229125026.Psn_QC_500m,MYD17A2H,A2016209,Lat65.9255Lon-137.4220833Samp13Line13,2016229125026,Psn_QC_500m,99,2,2,10,2,10,10,10,10,2,10,10,107,2,2,2,2,10,2,2,2,2,99,2,2,2,2,2,2,2,2,99,10,10,99,2,2,2,2,2,2,2,2,2,2,2,2,2,107,107,2,2,2,2,2,2,2,2,2,2,2,2,2,2,2,115,2,2,2,2,2,2,2,2,2,2,2,2,10,2,2,2,2,2,2,2,2,2,2,2,2,2,2,2,2,2,2,2,2,2,2,2,2,2,2,2,2,2,2,2,2,2,2,2,2,2,2,2,2,2,2,2,2,107,18,2,2,2,2,2,2,2,2,2,10,2,2,2,10,2,2,2,2,2,2,2,2,2,10,10,2,2,2,2,2,2,2,2,99,99,2,2,2,2,2,2,2,2,2
MYD17A2H.A2016217.h12v02.006.2016237074626.Gpp_500m,MYD17A2H,A2016217,Lat65.9255Lon-137.4220833Samp13Line13,2016237074626,Gpp_500m,108,191,191,220,243,242,242,332,332,312,312,200,219,243,243,243,242,138,211,212,256,256,200,197,158,176,227,227,138,189,189,200,200,152,151,158,155,155,180,212,212,189,168,168,168,169,201,169,155,190,180,207,186,168,173,158,138,214,158,158,190,189,201,176,208,190,158,158,107,128,128,180,180,201,232,245,232,232,172,107,112,128,151,151,193,224,184,184,138,287,287,112,112,145,156,193,193,259,259,259,287,276,259,250,145,232,236,236,276,276,259,279,279,276,103,219,210,236,236,296,284,284,293,293,276,215,202,208,172,51,293,293,293,296,279,259,219,208,208,194,48,48,56,304,296,259,250,82,266,202,181,176,60,60,51,56,208,210,210,181,181,181,219,56,56,56,51,56,77
MYD17A2H.A2016217.h12v02.006.2016237074626.PsnNet_500m,MYD17A2H,A2016217,Lat65.9255Lon-137.4220833Samp13Line13,2016237074626,PsnNet_500m,96,167,167,189,209,209,209,268,268,257,257,172,191,207,206,209,209,121,180,180,216,216,172,172,138,151,197,197,121,165,165,170,170,130,130,138,136,136,156,180,180,165,148,147,145,143,176,143,136,162,156,179,163,148,153,138,117,183,138,138,162,162,173,151,179,167,138,138,93,112,112,154,154,173,200,211,198,198,151,93,96,112,131,131,169,192,158,158,120,238,238,96,96,123,138,169,169,220,220,220,238,230,220,212,123,198,204,204,233,231,220,235,235,229,91,189,180,204,204,246,237,237,242,242,231,183,173,178,149,47,242,242,242,246,231,215,186,177,178,163,43,43,52,253,246,215,208,73,226,175,157,152,52,52,47,52,177,180,180,157,157,157,189,52,52,52,47,52,70
MYD17A2H.A2016217.h12v02.006.2016237074626.Psn_QC_500m,MYD17A2H,A2016217,Lat65.9255Lon-137.4220833Samp13Line13,2016237074626,Psn_QC_500m,18,2,2,2,2,2,2,18,18,18,18,10,10,2,2,2,2,2,18,18,18,18,10,10,2,10,2,2,2,2,2,2,2,2,2,2,10,10,10,2,2,2,2,2,2,2,10,2,10,2,10,10,2,2,10,2,2,10,2,2,2,2,10,10,10,10,2,2,2,2,2,2,2,10,10,18,18,18,10,2,2,2,2,2,10,10,18,18,10,2,2,2,2,2,10,10,10,2,2,2,2,2,2,2,2,10,18,18,18,2,2,2,2,2,10,2,2,18,18,2,2,2,2,2,2,2,2,2,2,10,2,2,2,2,2,2,2,2,2,2,10,10,10,2,2,2,2,10,10,10,2,2,10,10,10,10,2,2,2,2,2,2,2,10,10,10,10,10,10
MYD17A2H.A2016225.h12v02.006.2016237083423.Gpp_500m,MYD17A2H,A2016225,Lat65.9255Lon-137.4220833Samp13Line13,2016237083423,Gpp_500m,323,311,335,335,405,412,354,360,283,365,365,365,314,341,449,406,406,370,376,328,365,365,353,350,315,309,418,419,377,348,348,335,348,348,343,309,344,309,386,424,376,376,376,335,335,308,368,315,350,364,368,368,348,328,329,329,331,332,350,350,331,337,278,320,320,329,329,308,319,379,379,350,326,315,331,331,297,278,271,272,368,368,296,273,309,350,350,350,285,285,284,290,326,319,319,273,301,373,260,260,278,279,254,247,331,290,301,301,369,369,273,278,279,273,247,247,254,273,273,278,278,278,278,309,247,247,241,230,266,266,236,278,297,297,273,279,237,273,273,266,266,266,241,278,327,327,297,337,337,315,266,247,238,237,254,266,284,386,351,351,303,303,266,279,279,241,230,230,255
MYD17A2H.A2016225.h12v02.006.2016237083423.PsnNet_500m,MYD17A2H,A2016225,Lat65.9255Lon-137.4220833Samp13Line13,2016237083423,PsnNet_500m,297,273,291,291,346,374,306,327,252,314,314,329,288,298,378,351,351,334,340,300,329,329,322,316,288,281,375,375,340,315,315,305,315,315,314,281,314,281,337,379,340,340,341,305,305,281,335,288,317,329,335,335,315,300,300,299,303,303,317,317,303,295,246,294,294,300,299,281,294,343,343,304,286,276,303,303,272,246,239,239,332,332,260,239,270,317,317,317,254,254,254,254,286,279,279,239,276,338,231,231,246,246,223,220,288,268,264,264,334,334,239,246,246,240,220,220,225,239,239,254,246,246,246,270,220,220,214,206,235,234,208,246,260,260,240,258,208,240,240,235,234,234,215,246,300,300,260,310,310,273,244,220,208,208,226,235,262,349,304,304,265,266,248,246,246,215,207,207,226
MYD17A2H.A2016225.h12v02.006.2016237083423.Psn_QC_500m,MYD17A2H,A2016225,Lat65.9255Lon-137.4220833Samp13Line13,2016237083423,Psn_QC_500m,2,2,2,2,2,10,2,10,18,2,2,2,2,2,2,2,2,10,10,18,2,2,2,2,2,2,2,2,2,2,2,2,2,2,18,2,2,2,10,2,2,2,2,2,2,2,2,2,2,2,2,2,2,2,2,2,2,2,2,2,2,2,10,2,2,2,2,2,2,2,2,2,2,2,2,2,2,2,2,2,2,2,2,2,2,2,2,2,2,2,2,2,2,2,2,2,2,2,2,2,2,2,2,2,2,10,2,2,2,2,2,2,2,2,2,2,2,2,2,2,2,2,2,2,2,2,2,2,2,2,2,2,2,2,2,10,2,2,2,2,2,2,2,2,10,10,2,10,10,2,10,2,2,2,2,2,2,10,2,2,2,2,10,2,2,2,2,2,2
MYD17A2H.A2016233.h12v02.006.2016243135441.Gpp_500m,MYD17A2H,A2016233,Lat65.9255Lon-137.4220833Samp13Line13,2016243135441,Gpp_500m,313,313,312,320,320,289,259,251,227,269,317,330,339,299,318,251,251,259,299,213,275,344,344,368,368,339,317,317,251,204,213,257,325,325,352,368,218,351,213,233,202,233,246,275,275,312,363,333,333,258,259,237,278,246,232,223,231,237,313,313,258,111,115,213,213,227,223,224,163,237,185,250,108,133,131,163,172,185,270,255,255,255,250,98,120,145,134,134,185,259,259,250,250,313,313,83,153,126,126,148,232,236,259,259,296,296,347,145,191,191,194,200,214,264,259,259,242,126,126,209,209,224,213,214,246,246,242,232,232,224,153,163,167,167,209,246,265,236,236,244,244,204,208,191,148,185,278,278,288,288,282,282,203,203,203,277,278,278,323,278,256,255,208,208,242,242,288,319,366
MYD17A2H.A2016233.h12v02.006.2016243135441.PsnNet_500m,MYD17A2H,A2016233,Lat65.9255Lon-137.4220833Samp13Line13,2016243135441,PsnNet_500m,274,273,273,282,282,256,232,227,205,239,279,290,293,262,277,227,227,232,265,192,244,299,299,312,312,296,277,277,227,187,192,227,285,285,304,312,195,307,192,210,183,212,220,244,244,273,310,291,291,232,232,210,248,220,210,202,209,211,278,278,234,104,105,191,191,205,202,199,147,214,168,224,99,124,119,146,157,171,239,226,226,226,224,90,111,130,122,122,171,232,231,225,225,273,274,74,139,115,115,136,209,212,231,231,264,264,304,130,173,173,177,181,191,236,231,231,215,115,115,189,189,202,192,192,220,220,215,209,209,199,141,149,153,153,188,220,237,212,212,221,221,183,191,173,136,168,249,249,255,255,251,251,183,187,187,249,249,249,284,249,230,230,191,191,218,218,258,281,313
MYD17A2H.A2016233.h12v02.006.2016243135441.Psn_QC_500m,MYD17A2H,A2016233,Lat65.9255Lon-137.4220833Samp13Line13,2016243135441,Psn_QC_500m,2,2,2,18,18,18,2,18,2,2,2,2,2,2,18,18,18,2,18,2,2,2,2,2,2,2,2,2,18,18,2,2,2,2,2,18,2,18,2,18,18,18,2,2,2,2,18,18,18,2,2,10,18,2,2,2,2,2,18,18,10,10,10,2,2,2,2,2,2,18,2,2,10,10,2,2,2,10,2,2,2,2,2,10,10,2,2,2,10,2,2,2,2,2,2,10,2,2,2,10,2,2,2,2,2,2,10,2,2,2,18,18,2,2,2,2,2,18,18,2,2,18,2,2,2,2,2,2,2,2,2,10,10,18,2,2,2,2,2,2,2,2,10,10,18,2,2,2,2,2,2,2,2,10,10,18,2,2,2,2,2,2,10,10,10,10,18,18,10
MYD17A2H.A2016241.h12v02.006.2016250085707.Gpp_500m,MYD17A2H,A2016241,Lat65.9255Lon-137.4220833Samp13Line13,2016250085707,Gpp_500m,157,174,174,169,171,181,180,189,189,151,151,142,125,181,181,171,178,177,180,180,180,153,153,139,139,125,171,171,177,159,151,151,138,138,138,132,138,121,114,174,174,159,129,129,129,129,138,138,138,146,146,128,153,153,129,206,121,138,138,138,138,138,138,125,122,138,122,161,128,138,139,138,153,153,146,122,139,139,139,138,138,138,138,138,138,127,122,122,143,138,138,143,153,153,138,138,146,125,125,122,125,122,122,135,171,171,125,125,171,158,122,122,122,122,140,126,122,127,108,146,140,140,138,143,138,122,126,126,122,122,120,140,140,150,140,140,150,133,133,137,125,125,114,158,150,140,150,173,173,168,153,140,119,119,125,122,140,173,173,166,166,159,140,159,140,140,114,114,122
MYD17A2H.A2016241.h12v02.006.2016250085707.PsnNet_500m,MYD17A2H,A2016241,Lat65.9255Lon-137.4220833Samp13Line13,2016250085707,PsnNet_500m,142,157,157,152,157,162,162,169,169,136,136,127,114,162,162,157,159,159,161,161,161,139,139,130,130,114,153,153,159,144,137,137,126,126,125,119,124,108,104,157,157,144,119,119,119,117,125,125,125,133,133,116,139,139,119,184,113,125,125,125,125,125,125,114,113,126,113,147,117,124,126,125,137,137,133,113,130,125,126,124,125,125,125,125,125,116,113,113,130,125,125,130,137,137,125,125,133,114,114,113,113,113,113,122,154,154,114,114,154,142,113,113,113,113,125,118,113,116,99,133,125,130,125,130,125,113,118,117,113,112,108,125,125,136,125,125,134,119,119,125,113,113,102,142,136,130,135,156,156,154,140,125,108,108,113,112,130,156,156,150,150,142,125,142,125,125,102,102,111
MYD17A2H.A2016241.h12v02.006.2016250085707.Psn_QC_500m,MYD17A2H,A2016241,Lat65.9255Lon-137.4220833Samp13Line13,2016250085707,Psn_QC_500m,2,2,2,2,2,10,10,10,10,2,2,2,2,2,2,2,10,10,10,10,10,2,2,2,2,2,2,2,10,2,10,10,2,2,2,2,2,2,2,2,2,2,2,2,2,2,2,2,2,2,2,2,2,2,2,10,2,2,2,2,2,2,2,2,2,2,2,10,2,2,2,2,2,2,2,2,2,2,2,2,2,2,2,2,2,2,2,2,2,2,2,2,2,2,2,2,2,2,2,2,2,2,2,2,2,2,2,2,2,2,2,2,2,2,2,10,2,2,2,2,2,2,2,2,2,2,10,10,2,2,2,2,2,2,2,2,2,10,10,2,2,2,2,2,2,2,2,2,2,2,2,2,2,2,2,2,2,2,2,2,2,2,2,2,2,2,2,2,2
MYD17A2H.A2016249.h12v02.006.2016263191949.Gpp_500m,MYD17A2H,A2016249,Lat65.9255Lon-137.4220833Samp13Line13,2016263191949,Gpp_500m,101,104,101,101,99,87,77,77,77,82,87,77,77,104,103,104,98,87,77,77,77,77,82,87,80,80,101,101,89,91,91,77,81,81,80,95,77,74,87,109,104,101,77,75,84,85,87,77,77,90,79,74,77,89,75,75,74,85,85,80,87,93,93,79,74,94,75,90,77,77,74,74,90,100,85,85,74,77,88,80,90,88,74,77,87,87,85,85,85,93,94,103,108,108,93,77,87,77,77,87,87,73,86,85,113,83,83,87,113,113,77,79,73,90,85,85,77,79,88,95,95,100,87,77,77,77,77,73,73,78,87,87,103,94,87,87,100,85,104,85,85,73,78,109,88,88,90,119,113,113,86,86,73,73,85,73,94,103,105,109,109,107,104,88,103,83,86,86,99
MYD17A2H.A2016249.h12v02.006.2016263191949.PsnNet_500m,MYD17A2H,A2016249,Lat65.9255Lon-137.4220833Samp13Line13,2016263191949,PsnNet_500m,88,92,89,89,88,78,68,68,68,74,78,68,67,89,89,92,88,78,68,68,68,68,74,77,70,70,88,88,81,81,81,68,72,72,71,85,67,66,77,94,91,89,68,67,75,75,77,67,67,81,70,66,68,81,67,67,66,75,75,70,77,82,82,70,66,83,67,81,67,67,66,66,81,86,75,75,66,67,81,73,81,80,66,67,78,78,75,75,75,83,83,92,97,97,82,67,78,67,67,78,77,66,77,75,98,74,74,78,98,98,67,70,66,81,75,75,67,73,80,85,85,86,78,67,67,67,67,65,65,67,78,78,90,85,77,77,86,75,92,75,76,65,67,97,80,80,81,103,98,98,77,77,65,65,76,65,85,90,93,96,96,96,92,80,90,75,77,77,85
MYD17A2H.A2016249.h12v02.006.2016263191949.Psn_QC_500m,MYD17A2H,A2016249,Lat65.9255Lon-137.4220833Samp13Line13,2016263191949,Psn_QC_500m,2,2,2,2,2,2,2,2,2,2,2,2,2,2,2,2,2,2,2,2,2,2,2,2,2,2,2,2,2,2,2,2,2,2,2,2,2,2,2,2,2,2,2,2,2,2,2,2,2,2,2,2,2,2,2,2,2,2,2,2,2,2,2,2,2,2,2,10,2,2,2,2,2,2,2,2,2,2,2,2,2,2,2,2,2,2,2,2,2,2,2,10,2,2,18,2,2,2,2,2,2,2,2,10,2,2,2,2,2,2,2,2,2,2,2,2,2,2,2,2,2,2,2,2,2,2,2,2,2,2,2,2,2,2,2,2,2,2,2,2,2,2,2,2,2,2,2,2,2,2,2,2,2,2,2,2,2,2,2,2,2,2,2,2,2,2,2,2,2
MYD17A2H.A2016257.h12v02.006.2016266081218.Gpp_500m,MYD17A2H,A2016257,Lat65.9255Lon-137.4220833Samp13Line13,2016266081218,Gpp_500m,57,67,57,61,58,58,53,49,49,58,49,49,40,57,58,53,62,53,44,41,53,41,41,40,40,45,53,53,50,50,49,41,41,41,38,40,43,38,38,50,50,62,62,36,31,38,52,38,38,45,43,45,53,53,41,30,38,43,43,45,38,43,48,52,43,41,41,38,38,38,35,45,52,52,38,35,35,43,43,52,38,38,28,38,38,43,38,38,43,43,45,45,45,45,52,39,52,38,38,38,38,38,45,45,52,45,45,45,45,45,38,38,38,52,48,47,38,27,27,45,28,27,38,43,42,42,42,38,38,45,38,35,35,25,38,45,45,52,51,38,38,38,38,45,52,43,45,59,63,57,57,45,38,38,38,38,47,48,52,54,60,60,52,45,46,38,38,34,45
MYD17A2H.A2016257.h12v02.006.2016266081218.PsnNet_500m,MYD17A2H,A2016257,Lat65.9255Lon-137.4220833Samp13Line13,2016266081218,PsnNet_500m,48,55,48,50,47,47,43,40,40,48,39,39,34,47,48,45,51,43,38,34,45,34,34,34,34,37,45,45,43,42,40,34,34,34,33,34,36,33,33,43,43,53,53,30,26,33,41,33,33,37,36,37,45,45,34,25,33,36,36,37,33,36,40,43,34,34,34,33,33,33,29,36,44,44,32,29,29,36,36,44,33,33,26,32,32,36,32,32,36,36,37,37,37,37,44,34,44,32,32,32,32,32,36,37,43,37,37,37,37,37,32,32,32,42,41,41,34,25,25,37,26,25,32,34,34,36,36,34,33,36,32,29,29,20,32,37,37,44,41,33,32,32,32,37,41,36,37,49,50,46,46,36,32,32,32,30,40,41,42,44,48,48,44,37,38,32,30,28,37
MYD17A2H.A2016257.h12v02.006.2016266081218.Psn_QC_500m,MYD17A2H,A2016257,Lat65.9255Lon-137.4220833Samp13Line13,2016266081218,Psn_QC_500m,2,2,2,2,2,2,2,2,2,2,2,2,2,2,2,2,2,2,2,2,2,2,2,2,2,2,2,2,2,2,2,2,2,2,2,2,2,2,2,2,2,2,2,2,2,2,2,2,2,2,2,2,2,2,2,2,18,2,2,2,2,2,2,2,2,2,2,2,2,2,2,2,2,2,2,2,2,2,2,2,2,2,2,2,2,2,2,2,2,2,2,2,2,2,2,2,2,18,18,2,2,2,2,2,2,2,2,2,2,2,2,2,2,2,2,2,2,2,2,2,2,2,2,2,2,2,2,2,2,2,2,2,2,2,2,10,10,2,2,2,2,2,2,2,2,2,10,2,2,2,2,2,2,2,2,2,2,2,2,2,2,2,2,2,2,2,2,2,2
MYD17A2H.A2016265.h12v02.006.2016274084905.Gpp_500m,MYD17A2H,A2016265,Lat65.9255Lon-137.4220833Samp13Line13,2016274084905,Gpp_500m,85,85,84,85,84,84,91,59,59,72,73,73,76,85,85,97,97,91,73,72,73,72,72,76,76,67,92,92,92,92,73,65,65,66,72,73,66,59,66,97,97,85,66,59,59,71,64,66,64,73,66,66,80,80,73,57,56,64,64,64,64,71,73,64,56,73,57,56,56,62,56,56,73,67,56,56,56,56,62,56,62,56,56,56,66,66,56,56,71,71,77,66,84,72,77,56,56,56,59,59,59,66,66,66,84,56,56,59,84,80,59,59,57,57,77,68,68,37,72,81,78,78,68,57,68,68,68,64,71,71,66,71,73,73,64,64,59,83,76,68,64,59,59,80,81,57,78,86,91,91,93,78,59,59,64,57,64,62,86,86,93,93,78,91,91,72,59,57,59
MYD17A2H.A2016265.h12v02.006.2016274084905.PsnNet_500m,MYD17A2H,A2016265,Lat65.9255Lon-137.4220833Samp13Line13,2016274084905,PsnNet_500m,71,71,70,72,70,70,77,51,51,64,64,64,64,71,73,83,83,77,64,62,64,62,61,64,66,59,78,78,78,78,64,57,57,59,64,64,58,51,59,83,83,72,59,51,51,61,55,59,55,64,58,58,70,70,64,50,49,55,55,55,55,61,64,55,48,64,50,49,48,53,48,48,64,59,48,48,48,48,53,48,53,48,48,48,59,59,48,48,61,61,65,59,71,64,64,48,48,48,51,51,51,57,57,59,71,48,48,51,71,68,53,51,48,48,66,59,59,35,64,70,67,67,59,48,59,59,59,55,61,61,59,61,64,64,55,55,51,71,66,59,55,51,51,68,70,48,67,75,79,79,80,67,51,51,55,48,55,54,75,75,80,80,67,79,79,62,51,48,51
MYD17A2H.A2016265.h12v02.006.2016274084905.Psn_QC_500m,MYD17A2H,A2016265,Lat65.9255Lon-137.4220833Samp13Line13,2016274084905,Psn_QC_500m,2,2,2,2,2,2,2,2,2,2,2,2,2,2,2,2,2,2,2,2,2,2,2,2,2,2,2,2,2,2,2,2,2,2,2,2,2,2,2,2,2,2,2,2,2,2,2,2,2,2,2,2,2,2,2,2,2,2,2,2,2,2,2,2,2,2,2,2,2,2,2,2,2,2,2,2,2,2,2,2,2,2,2,2,2,2,2,2,2,2,2,2,2,2,2,2,2,2,2,2,2,2,2,2,2,2,2,2,2,2,2,2,2,2,2,2,2,2,2,2,2,2,2,2,2,2,2,2,2,2,2,2,2,2,2,2,2,2,2,2,2,2,2,2,2,2,2,2,2,2,2,2,2,2,2,2,2,2,2,2,2,2,2,2,2,2,2,2,2
MYD17A2H.A2016273.h12v02.006.2016282082125.Gpp_500m,MYD17A2H,A2016273,Lat65.9255Lon-137.4220833Samp13Line13,2016282082125,Gpp_500m,5,5,47,50,5,43,26,35,16,13,16,44,45,49,48,44,21,37,37,21,5,32,44,5,5,5,47,47,31,31,30,32,35,5,13,45,5,5,5,16,30,34,30,30,27,26,33,33,5,5,5,5,35,5,5,5,22,14,14,5,5,5,16,16,5,5,5,49,35,5,5,47,16,19,19,28,22,8,26,28,45,16,13,16,10,8,30,16,10,5,5,14,28,16,13,23,23,28,16,10,46,46,5,5,10,31,30,30,35,22,31,14,14,5,46,5,5,24,35,35,31,39,45,44,45,46,46,46,46,46,16,5,5,22,22,46,46,45,47,45,5,5,44,27,28,28,19,46,5,5,45,44,46,46,46,48,39,33,45,5,5,46,44,46,44,43,41,46,46
MYD17A2H.A2016273.h12v02.006.2016282082125.PsnNet_500m,MYD17A2H,A2016273,Lat65.9255Lon-137.4220833Samp13Line13,2016282082125,PsnNet_500m,5,5,28,29,5,33,21,27,13,12,16,35,36,29,29,35,17,28,28,18,5,26,29,5,5,5,36,36,26,26,25,26,27,5,9,36,5,5,5,16,26,26,25,25,21,22,28,28,5,5,5,5,27,5,5,5,17,13,13,5,5,5,14,14,5,5,5,38,28,5,5,31,14,16,16,23,17,7,22,23,30,14,9,14,7,7,23,16,7,5,5,13,22,14,9,19,19,23,16,9,29,29,5,5,7,25,23,23,29,20,27,13,13,5,30,5,5,22,28,28,26,32,29,29,29,29,29,29,29,29,14,5,5,17,17,29,29,29,29,29,5,5,30,22,23,22,16,29,5,5,29,30,29,29,29,30,30,28,29,5,5,31,29,29,29,30,29,30,30
MYD17A2H.A2016273.h12v02.006.2016282082125.Psn_QC_500m,MYD17A2H,A2016273,Lat65.9255Lon-137.4220833Samp13Line13,2016282082125,Psn_QC_500m,10,10,67,67,10,2,10,18,10,10,10,10,10,67,67,2,10,10,10,10,10,18,67,10,10,10,2,2,18,18,18,18,18,10,10,10,10,10,10,10,18,18,18,18,10,10,10,10,10,10,10,10,2,10,10,10,10,10,10,10,10,10,2,2,18,10,10,10,10,10,10,67,2,10,10,10,10,10,10,10,67,2,10,2,10,18,10,10,10,10,10,2,18,2,2,2,2,10,10,10,67,67,10,10,18,2,2,2,10,10,10,10,10,10,67,10,10,2,10,10,10,10,67,83,67,67,67,67,67,67,2,10,10,10,10,67,67,83,67,83,10,10,67,2,10,10,10,67,10,10,83,67,67,67,67,67,10,10,67,10,10,67,83,67,83,67,83,67,67
MYD17A2H.A2016281.h12v02.006.2016292150040.Gpp_500m,MYD17A2H,A2016281,Lat65.9255Lon-137.4220833Samp13Line13,2016292150040,Gpp_500m,17,20,20,19,19,18,18,17,17,18,18,18,15,20,20,19,19,19,17,17,17,17,18,16,15,16,20,20,20,19,18,18,17,17,16,15,16,16,16,20,20,18,17,17,17,16,16,16,16,16,16,16,18,18,17,17,16,15,16,17,16,15,16,16,16,17,16,15,15,15,15,15,16,15,15,15,15,15,15,15,14,14,16,15,15,15,16,16,15,14,16,15,15,15,14,14,15,15,15,15,15,15,15,15,16,16,12,15,15,15,15,16,15,15,15,16,16,10,12,16,15,15,15,15,15,17,16,15,14,15,15,15,15,16,16,15,16,16,15,17,16,15,15,15,16,16,15,15,16,16,14,14,15,15,15,15,15,15,15,16,15,15,16,15,14,14,14,14,15
MYD17A2H.A2016281.h12v02.006.2016292150040.PsnNet_500m,MYD17A2H,A2016281,Lat65.9255Lon-137.4220833Samp13Line13,2016292150040,PsnNet_500m,3,-1,-1,0,0,2,2,4,2,2,2,2,2,-1,-1,1,1,1,4,4,2,2,2,2,3,1,-1,-1,-1,1,2,2,2,2,1,2,1,1,1,-1,-1,2,3,2,4,1,1,1,1,1,1,1,2,2,2,4,1,2,1,1,2,2,1,1,1,3,5,2,2,2,2,2,1,2,2,2,1,2,2,2,3,2,1,2,2,2,1,1,2,2,1,2,2,3,3,2,3,2,2,2,1,1,1,1,1,1,3,2,2,2,2,1,2,2,1,1,1,2,3,1,2,2,1,1,2,1,1,1,2,2,2,1,2,1,1,1,1,1,1,1,1,2,1,1,1,1,2,2,1,1,2,2,1,0,0,1,2,2,2,1,1,1,1,1,2,2,2,2,1
MYD17A2H.A2016281.h12v02.006.2016292150040.Psn_QC_500m,MYD17A2H,A2016281,Lat65.9255Lon-137.4220833Samp13Line13,2016292150040,Psn_QC_500m,67,67,67,67,67,67,67,67,67,67,67,67,67,67,67,67,67,67,67,67,67,67,67,67,67,67,67,67,67,67,67,67,67,67,67,67,67,67,67,67,67,67,67,67,67,67,67,67,67,67,67,67,67,67,67,67,67,67,67,67,67,67,67,67,67,67,67,67,67,67,67,67,67,67,67,67,67,67,67,67,67,67,67,67,67,67,67,67,67,67,67,67,67,67,67,67,67,67,67,67,67,67,67,67,67,67,67,67,67,67,67,67,67,67,67,67,67,67,67,67,67,67,67,67,67,67,67,67,67,67,67,67,67,67,67,67,67,67,67,67,67,67,67,67,67,67,67,67,67,67,67,67,67,67,67,67,67,67,67,67,67,67,67,67,67,67,67,67,67
MYD17A2H.A2016289.h12v02.006.2016300041638.Gpp_500m,MYD17A2H,A2016289,Lat65.9255Lon-137.4220833Samp13Line13,2016300041638,Gpp_500m,0,0,0,0,0,0,0,0,0,0,0,0,0,0,0,0,0,0,0,0,0,0,0,0,0,0,0,0,0,0,0,0,0,0,0,0,0,0,0,0,0,0,0,0,0,0,0,0,0,0,0,0,0,0,0,0,0,0,0,0,0,0,0,0,0,0,0,0,0,0,0,0,0,0,0,0,0,0,0,0,0,0,0,0,0,0,0,0,0,0,0,0,0,0,0,0,0,0,0,0,0,0,0,0,0,0,0,0,0,0,0,0,0,0,0,0,0,0,0,0,0,0,0,0,0,0,0,0,0,0,0,0,0,0,0,0,0,0,0,0,0,0,0,0,0,0,0,0,0,0,0,0,0,0,0,0,0,0,0,0,0,0,0,0,0,0,0,0,0
MYD17A2H.A2016289.h12v02.006.2016300041638.PsnNet_500m,MYD17A2H,A2016289,Lat65.9255Lon-137.4220833Samp13Line13,2016300041638,PsnNet_500m,0,0,0,0,0,0,0,0,0,0,0,0,0,0,0,0,0,0,0,0,0,0,0,0,0,0,0,0,0,0,0,0,0,0,0,0,0,0,0,0,0,0,0,0,0,0,0,0,0,0,0,0,0,0,0,0,0,0,0,0,0,0,0,0,0,0,0,0,0,0,0,0,0,0,0,0,0,0,0,0,0,0,0,0,0,0,0,0,0,0,0,0,0,0,0,0,0,0,0,0,0,0,0,0,0,0,0,0,0,0,0,0,0,0,0,0,0,0,0,0,0,0,0,0,0,0,0,0,0,0,0,0,0,0,0,0,0,0,0,0,0,0,0,0,0,0,0,0,0,0,0,0,0,0,0,0,0,0,0,0,0,0,0,0,0,0,0,0,0
MYD17A2H.A2016289.h12v02.006.2016300041638.Psn_QC_500m,MYD17A2H,A2016289,Lat65.9255Lon-137.4220833Samp13Line13,2016300041638,Psn_QC_500m,67,67,67,67,67,67,67,67,67,67,67,67,67,67,67,67,67,67,67,67,67,67,67,67,67,67,67,67,67,67,67,67,67,67,67,67,67,67,75,67,67,67,67,67,67,67,67,67,67,67,67,67,67,67,67,67,67,67,67,67,67,67,67,67,67,67,67,67,83,67,67,67,67,75,67,67,67,67,67,75,75,75,67,75,75,75,75,67,67,83,83,67,67,67,67,83,67,67,67,67,67,67,67,67,67,67,83,67,67,67,67,83,67,83,67,67,67,67,67,67,67,75,75,83,83,67,67,83,67,67,67,67,83,83,67,67,67,67,67,67,67,67,67,67,67,83,67,67,67,67,67,67,67,67,67,67,83,75,67,67,67,67,67,67,67,67,75,67,67
MYD17A2H.A2016297.h12v02.006.2016306120249.Gpp_500m,MYD17A2H,A2016297,Lat65.9255Lon-137.4220833Samp13Line13,2016306120249,Gpp_500m,0,0,0,0,0,0,0,0,0,0,0,0,0,0,0,0,0,0,0,0,0,0,0,0,0,0,0,0,0,0,0,0,0,0,0,0,0,0,0,0,0,0,0,0,0,0,0,0,0,0,0,0,0,0,0,0,0,0,0,0,0,0,0,0,0,0,0,0,0,0,0,0,0,0,0,0,0,0,0,0,0,0,0,0,0,0,0,0,0,0,0,0,0,0,0,0,0,0,0,0,0,0,0,0,0,0,0,0,0,0,0,0,0,0,0,0,0,0,0,0,0,0,0,0,0,0,0,0,0,0,0,0,0,0,0,0,0,0,0,0,0,0,0,0,0,0,0,0,0,0,0,0,0,0,0,0,0,0,0,0,0,0,0,0,0,0,0,0,0
MYD17A2H.A2016297.h12v02.006.2016306120249.PsnNet_500m,MYD17A2H,A2016297,Lat65.9255Lon-137.4220833Samp13Line13,2016306120249,PsnNet_500m,0,0,0,0,0,0,0,0,0,0,0,0,0,0,0,0,0,0,0,0,0,0,0,0,0,0,0,0,-1,-1,0,0,0,0,0,0,0,0,0,-1,-1,0,0,0,0,0,0,0,0,0,0,0,0,0,0,0,0,0,0,0,0,0,0,0,0,0,0,0,0,0,0,0,0,0,0,0,0,0,0,0,0,0,0,0,0,0,0,0,0,0,0,0,0,0,0,0,0,0,0,0,0,0,0,0,0,0,0,0,0,0,0,0,0,0,0,0,0,0,0,0,0,0,0,0,0,0,0,0,0,0,0,0,0,0,0,0,0,0,0,0,0,0,0,0,0,0,0,0,0,0,0,0,0,0,0,0,0,0,0,0,0,0,0,0,0,0,0,0,0
MYD17A2H.A2016297.h12v02.006.2016306120249.Psn_QC_500m,MYD17A2H,A2016297,Lat65.9255Lon-137.4220833Samp13Line13,2016306120249,Psn_QC_500m,67,67,67,67,67,67,67,67,67,67,67,67,67,67,67,67,67,67,67,67,67,67,67,67,67,67,67,67,67,67,67,67,67,67,67,67,67,67,67,67,67,67,67,67,75,75,75,67,67,67,67,67,67,67,67,75,75,75,67,67,67,67,67,67,67,67,67,67,67,67,67,75,67,67,67,67,67,67,67,67,67,67,67,67,67,67,67,67,67,67,67,67,67,67,67,67,67,75,75,67,75,75,67,67,67,67,67,67,75,67,67,75,75,67,75,67,67,67,67,67,75,75,75,75,75,75,75,75,75,67,67,75,67,67,67,75,75,75,75,67,67,67,67,67,67,67,75,67,67,67,67,67,75,67,67,67,67,67,67,67,67,67,67,67,67,67,67,67,67
MYD17A2H.A2016305.h12v02.006.2016314220011.Gpp_500m,MYD17A2H,A2016305,Lat65.9255Lon-137.4220833Samp13Line13,2016314220011,Gpp_500m,0,0,0,0,0,0,0,0,0,0,0,0,0,0,0,0,0,0,0,0,0,0,0,0,0,0,0,0,0,0,0,0,0,0,0,0,0,0,0,0,0,0,0,0,0,0,0,0,0,0,0,0,0,0,0,0,0,0,0,0,0,0,0,0,0,0,0,0,0,0,0,0,0,0,0,0,0,0,0,0,0,0,0,0,0,0,0,0,0,0,0,0,0,0,0,0,0,0,0,0,0,0,0,0,0,0,0,0,0,0,0,0,0,0,0,0,0,0,0,0,0,0,0,0,0,0,0,0,0,0,0,0,0,0,0,0,0,0,0,0,0,0,0,0,0,0,0,0,0,0,0,0,0,0,0,0,0,0,0,0,0,0,0,0,0,0,0,0,0
MYD17A2H.A2016305.h12v02.006.2016314220011.PsnNet_500m,MYD17A2H,A2016305,Lat65.9255Lon-137.4220833Samp13Line13,2016314220011,PsnNet_500m,0,0,0,0,0,0,0,0,0,0,0,0,0,0,0,-1,-1,0,0,0,0,0,0,0,0,0,-1,-1,-1,-1,0,0,0,0,0,0,0,0,0,-1,-1,0,0,0,0,0,0,0,0,0,0,0,0,0,0,0,0,0,0,0,0,0,0,0,0,0,0,0,0,0,0,0,0,0,0,0,0,0,0,0,0,0,0,0,0,0,0,0,0,0,0,0,0,0,0,0,0,0,0,0,0,0,0,0,0,0,0,0,0,0,0,0,0,0,0,0,0,0,0,0,0,0,0,0,0,0,0,0,0,0,0,0,0,0,0,0,0,0,0,0,0,0,0,0,0,0,0,0,0,0,0,0,0,0,0,0,0,0,0,0,0,0,0,0,0,0,0,0,0
MYD17A2H.A2016305.h12v02.006.2016314220011.Psn_QC_500m,MYD17A2H,A2016305,Lat65.9255Lon-137.4220833Samp13Line13,2016314220011,Psn_QC_500m,67,67,67,67,67,67,67,67,67,67,67,67,67,67,67,67,67,67,67,67,67,67,67,67,67,67,67,67,67,67,67,67,67,67,67,67,67,67,67,67,67,67,67,67,67,67,67,67,67,67,67,67,67,67,67,67,67,67,67,67,67,67,67,67,67,67,67,67,67,67,67,67,67,67,67,75,67,67,67,67,67,67,75,75,75,75,75,75,75,67,67,67,67,67,67,67,67,67,75,75,67,67,67,67,67,67,67,67,67,67,67,67,75,67,67,67,67,67,67,67,67,67,75,67,67,75,75,67,75,67,75,67,67,67,67,67,67,67,67,67,67,67,67,67,67,67,67,67,67,67,67,67,67,67,75,75,67,67,67,67,67,67,67,67,67,67,75,67,67
MYD17A2H.A2016313.h12v02.006.2016322111426.Gpp_500m,MYD17A2H,A2016313,Lat65.9255Lon-137.4220833Samp13Line13,2016322111426,Gpp_500m,0,0,0,0,0,0,0,0,0,0,0,0,0,0,0,0,0,0,0,0,0,0,0,0,0,0,0,0,0,0,0,0,0,0,0,0,0,0,0,0,0,0,0,0,0,0,0,0,0,0,0,0,0,0,0,0,0,0,0,0,0,0,0,0,0,0,0,0,0,0,0,0,0,0,0,0,0,0,0,0,0,0,0,0,0,0,0,0,0,0,0,0,0,0,0,0,0,0,0,0,0,0,0,0,0,0,0,0,0,0,0,0,0,0,0,0,0,0,0,0,0,0,0,0,0,0,0,0,0,0,0,0,0,0,0,0,0,0,0,0,0,0,0,0,0,0,0,0,0,0,0,0,0,0,0,0,0,0,0,0,0,0,0,0,0,0,0,0,0
MYD17A2H.A2016313.h12v02.006.2016322111426.PsnNet_500m,MYD17A2H,A2016313,Lat65.9255Lon-137.4220833Samp13Line13,2016322111426,PsnNet_500m,0,0,0,0,0,0,0,0,0,0,0,0,0,0,0,0,0,0,0,0,0,0,0,0,0,0,0,0,0,0,0,0,0,0,0,0,0,0,0,0,0,0,0,0,0,0,0,0,0,0,0,0,0,0,0,0,0,0,0,0,0,0,0,0,0,0,0,0,0,0,0,0,0,0,0,0,0,0,0,0,0,0,0,0,0,0,0,0,0,0,0,0,0,0,0,0,0,0,0,0,0,0,0,0,0,0,0,0,0,0,0,0,0,0,0,0,0,0,0,0,0,0,0,0,0,0,0,0,0,0,0,0,0,0,0,0,0,0,0,0,0,0,0,0,0,0,0,0,0,0,0,0,0,0,0,0,0,0,0,0,0,0,0,0,0,0,0,0,0
MYD17A2H.A2016313.h12v02.006.2016322111426.Psn_QC_500m,MYD17A2H,A2016313,Lat65.9255Lon-137.4220833Samp13Line13,2016322111426,Psn_QC_500m,67,67,67,67,67,67,75,75,75,75,75,75,75,67,67,67,67,67,75,75,75,75,67,67,75,75,67,67,67,67,75,75,75,75,67,67,75,75,75,67,67,67,75,75,75,75,75,75,75,67,67,75,67,75,75,75,75,75,75,75,75,75,75,75,75,75,75,75,75,75,75,75,75,75,75,75,75,75,75,75,75,75,75,75,75,75,75,75,75,75,75,75,75,75,75,67,67,75,75,75,75,75,75,75,67,67,67,67,67,75,75,75,75,75,75,75,75,67,67,75,75,75,75,75,75,75,75,75,75,75,75,75,75,75,75,75,75,75,75,75,75,75,75,67,75,75,75,75,67,67,67,75,75,75,75,75,75,75,67,67,67,67,75,67,75,75,75,75,75
MYD17A2H.A2016321.h12v02.006.2016340181343.Gpp_500m,MYD17A2H,A2016321,Lat65.9255Lon-137.4220833Samp13Line13,2016340181343,Gpp_500m,0,0,0,0,0,0,0,0,0,0,0,0,0,0,0,0,0,0,0,0,0,0,0,0,0,0,0,0,0,0,0,0,0,0,0,0,0,0,0,0,0,0,0,0,0,0,0,0,0,0,0,0,0,0,0,0,0,0,0,0,0,0,0,0,0,0,0,0,0,0,0,0,0,0,0,0,0,0,0,0,0,0,0,0,0,0,0,0,0,0,0,0,0,0,0,0,0,0,0,0,0,0,0,0,0,0,0,0,0,0,0,0,0,0,0,0,0,0,0,0,0,0,0,0,0,0,0,0,0,0,0,0,0,0,0,0,0,0,0,0,0,0,0,0,0,0,0,0,0,0,0,0,0,0,0,0,0,0,0,0,0,0,0,0,0,0,0,0,0
MYD17A2H.A2016321.h12v02.006.2016340181343.PsnNet_500m,MYD17A2H,A2016321,Lat65.9255Lon-137.4220833Samp13Line13,2016340181343,PsnNet_500m,0,0,0,0,0,0,0,0,0,0,0,0,0,0,0,0,0,0,0,0,0,0,0,0,0,0,0,0,0,0,0,0,0,0,0,0,0,0,0,0,0,0,0,0,0,0,0,0,0,0,0,0,0,0,0,0,0,0,0,0,0,0,0,0,0,0,0,0,0,0,0,0,0,0,0,0,0,0,0,0,0,0,0,0,0,0,0,0,0,0,0,0,0,0,0,0,0,0,0,0,0,0,0,0,0,0,0,0,0,0,0,0,0,0,0,0,0,0,0,0,0,0,0,0,0,0,0,0,0,0,0,0,0,0,0,0,0,0,0,0,0,0,0,0,0,0,0,0,0,0,0,0,0,0,0,0,0,0,0,0,0,0,0,0,0,0,0,0,0
MYD17A2H.A2016321.h12v02.006.2016340181343.Psn_QC_500m,MYD17A2H,A2016321,Lat65.9255Lon-137.4220833Samp13Line13,2016340181343,Psn_QC_500m,67,67,67,67,67,67,67,75,75,75,75,75,75,67,67,67,67,67,75,75,75,75,75,75,75,75,67,67,67,67,75,75,75,75,75,75,75,75,75,67,67,67,75,75,75,75,75,75,67,67,75,75,67,67,75,75,75,75,75,75,75,75,75,75,75,75,75,75,75,75,75,75,75,75,75,75,75,75,67,75,75,75,75,75,75,75,75,75,75,75,75,67,75,67,67,67,67,67,75,75,75,75,75,75,67,67,67,67,67,67,75,75,75,75,75,75,75,67,67,75,75,75,75,75,75,75,75,75,75,75,75,75,75,75,75,75,75,67,67,75,75,75,75,67,67,75,75,67,67,67,75,75,75,75,75,75,75,75,67,67,67,67,67,67,67,75,75,75,75
MYD17A2H.A2016329.h12v02.006.2016340190805.Gpp_500m,MYD17A2H,A2016329,Lat65.9255Lon-137.4220833Samp13Line13,2016340190805,Gpp_500m,32767,32767,32767,32767,32767,32767,32767,32767,32767,32767,32767,32767,32767,32767,32767,32767,32767,32767,32767,32767,32767,32767,32767,32767,32767,32767,32767,32767,32767,32767,32767,32767,32767,32767,32767,32767,32767,32767,32767,32767,32767,32767,32767,32767,32767,32767,32767,32767,32767,32767,32767,32767,32767,32767,32767,32767,32767,32767,32767,32767,32767,32767,32767,32767,32767,32767,32767,32767,32767,32767,32767,32767,32767,32767,32767,32767,32767,32767,32767,32767,32767,32767,32767,32767,32767,32767,32767,32767,32767,32767,32767,32767,32767,32767,32767,32767,32767,32767,32767,32767,32767,32767,32767,32767,32767,32767,32767,32767,32767,32767,32767,32767,32767,32767,32767,32767,32767,32767,32767,32767,32767,32767,32767,32767,32767,32767,32767,32767,32767,32767,32767,32767,32767,32767,32767,32767,32767,32767,32767,32767,32767,32767,32767,32767,32767,32767,32767,32767,32767,32767,32767,32767,32767,32767,32767,32767,32767,32767,32767,32767,32767,32767,32767,32767,32767,32767,32767,32767,32767
MYD17A2H.A2016329.h12v02.006.2016340190805.PsnNet_500m,MYD17A2H,A2016329,Lat65.9255Lon-137.4220833Samp13Line13,2016340190805,PsnNet_500m,32767,32767,32767,32767,32767,32767,32767,32767,32767,32767,32767,32767,32767,32767,32767,32767,32767,32767,32767,32767,32767,32767,32767,32767,32767,32767,32767,32767,32767,32767,32767,32767,32767,32767,32767,32767,32767,32767,32767,32767,32767,32767,32767,32767,32767,32767,32767,32767,32767,32767,32767,32767,32767,32767,32767,32767,32767,32767,32767,32767,32767,32767,32767,32767,32767,32767,32767,32767,32767,32767,32767,32767,32767,32767,32767,32767,32767,32767,32767,32767,32767,32767,32767,32767,32767,32767,32767,32767,32767,32767,32767,32767,32767,32767,32767,32767,32767,32767,32767,32767,32767,32767,32767,32767,32767,32767,32767,32767,32767,32767,32767,32767,32767,32767,32767,32767,32767,32767,32767,32767,32767,32767,32767,32767,32767,32767,32767,32767,32767,32767,32767,32767,32767,32767,32767,32767,32767,32767,32767,32767,32767,32767,32767,32767,32767,32767,32767,32767,32767,32767,32767,32767,32767,32767,32767,32767,32767,32767,32767,32767,32767,32767,32767,32767,32767,32767,32767,32767,32767
MYD17A2H.A2016329.h12v02.006.2016340190805.Psn_QC_500m,MYD17A2H,A2016329,Lat65.9255Lon-137.4220833Samp13Line13,2016340190805,Psn_QC_500m,255,255,255,255,255,255,255,255,255,255,255,255,255,255,255,255,255,255,255,255,255,255,255,255,255,255,255,255,255,255,255,255,255,255,255,255,255,255,255,255,255,255,255,255,255,255,255,255,255,255,255,255,255,255,255,255,255,255,255,255,255,255,255,255,255,255,255,255,255,255,255,255,255,255,255,255,255,255,255,255,255,255,255,255,255,255,255,255,255,255,255,255,255,255,255,255,255,255,255,255,255,255,255,255,255,255,255,255,255,255,255,255,255,255,255,255,255,255,255,255,255,255,255,255,255,255,255,255,255,255,255,255,255,255,255,255,255,255,255,255,255,255,255,255,255,255,255,255,255,255,255,255,255,255,255,255,255,255,255,255,255,255,255,255,255,255,255,255,255
MYD17A2H.A2016337.h12v02.006.2016348202618.Gpp_500m,MYD17A2H,A2016337,Lat65.9255Lon-137.4220833Samp13Line13,2016348202618,Gpp_500m,32767,32767,32767,32767,32767,32767,32767,32767,32767,32767,32767,32767,32767,32767,32767,32767,32767,32767,32767,32767,32767,32767,32767,32767,32767,32767,32767,32767,32767,32767,32767,32767,32767,32767,32767,32767,32767,32767,32767,32767,32767,32767,32767,32767,32767,32767,32767,32767,32767,32767,32767,32767,32767,32767,32767,32767,32767,32767,32767,32767,32767,32767,32767,32767,32767,32767,32767,32767,32767,32767,32767,32767,32767,32767,32767,32767,32767,32767,32767,32767,32767,32767,32767,32767,32767,32767,32767,32767,32767,32767,32767,32767,32767,32767,32767,32767,32767,32767,32767,32767,32767,32767,32767,32767,32767,32767,32767,32767,32767,32767,32767,32767,32767,32767,32767,32767,32767,32767,32767,32767,32767,32767,32767,32767,32767,32767,32767,32767,32767,32767,32767,32767,32767,32767,32767,32767,32767,32767,32767,32767,32767,32767,32767,32767,32767,32767,32767,32767,32767,32767,32767,32767,32767,32767,32767,32767,32767,32767,32767,32767,32767,32767,32767,32767,32767,32767,32767,32767,32767
MYD17A2H.A2016337.h12v02.006.2016348202618.PsnNet_500m,MYD17A2H,A2016337,Lat65.9255Lon-137.4220833Samp13Line13,2016348202618,PsnNet_500m,32767,32767,32767,32767,32767,32767,32767,32767,32767,32767,32767,32767,32767,32767,32767,32767,32767,32767,32767,32767,32767,32767,32767,32767,32767,32767,32767,32767,32767,32767,32767,32767,32767,32767,32767,32767,32767,32767,32767,32767,32767,32767,32767,32767,32767,32767,32767,32767,32767,32767,32767,32767,32767,32767,32767,32767,32767,32767,32767,32767,32767,32767,32767,32767,32767,32767,32767,32767,32767,32767,32767,32767,32767,32767,32767,32767,32767,32767,32767,32767,32767,32767,32767,32767,32767,32767,32767,32767,32767,32767,32767,32767,32767,32767,32767,32767,32767,32767,32767,32767,32767,32767,32767,32767,32767,32767,32767,32767,32767,32767,32767,32767,32767,32767,32767,32767,32767,32767,32767,32767,32767,32767,32767,32767,32767,32767,32767,32767,32767,32767,32767,32767,32767,32767,32767,32767,32767,32767,32767,32767,32767,32767,32767,32767,32767,32767,32767,32767,32767,32767,32767,32767,32767,32767,32767,32767,32767,32767,32767,32767,32767,32767,32767,32767,32767,32767,32767,32767,32767
MYD17A2H.A2016337.h12v02.006.2016348202618.Psn_QC_500m,MYD17A2H,A2016337,Lat65.9255Lon-137.4220833Samp13Line13,2016348202618,Psn_QC_500m,255,255,255,255,255,255,255,255,255,255,255,255,255,255,255,255,255,255,255,255,255,255,255,255,255,255,255,255,255,255,255,255,255,255,255,255,255,255,255,255,255,255,255,255,255,255,255,255,255,255,255,255,255,255,255,255,255,255,255,255,255,255,255,255,255,255,255,255,255,255,255,255,255,255,255,255,255,255,255,255,255,255,255,255,255,255,255,255,255,255,255,255,255,255,255,255,255,255,255,255,255,255,255,255,255,255,255,255,255,255,255,255,255,255,255,255,255,255,255,255,255,255,255,255,255,255,255,255,255,255,255,255,255,255,255,255,255,255,255,255,255,255,255,255,255,255,255,255,255,255,255,255,255,255,255,255,255,255,255,255,255,255,255,255,255,255,255,255,255
MYD17A2H.A2016345.h12v02.006.2016362160556.Gpp_500m,MYD17A2H,A2016345,Lat65.9255Lon-137.4220833Samp13Line13,2016362160556,Gpp_500m,32767,32767,32767,32767,32767,32767,32767,32767,32767,32767,32767,32767,32767,32767,32767,32767,32767,32767,32767,32767,32767,32767,32767,32767,32767,32767,32767,32767,32767,32767,32767,32767,32767,32767,32767,32767,32767,32767,32767,32767,32767,32767,32767,32767,32767,32767,32767,32767,32767,32767,32767,32767,32767,32767,32767,32767,32767,32767,32767,32767,32767,32767,32767,32767,32767,32767,32767,32767,32767,32767,32767,32767,32767,32767,32767,32767,32767,32767,32767,32767,32767,32767,32767,32767,32767,32767,32767,32767,32767,32767,32767,32767,32767,32767,32767,32767,32767,32767,32767,32767,32767,32767,32767,32767,32767,32767,32767,32767,32767,32767,32767,32767,32767,32767,32767,32767,32767,32767,32767,32767,32767,32767,32767,32767,32767,32767,32767,32767,32767,32767,32767,32767,32767,32767,32767,32767,32767,32767,32767,32767,32767,32767,32767,32767,32767,32767,32767,32767,32767,32767,32767,32767,32767,32767,32767,32767,32767,32767,32767,32767,32767,32767,32767,32767,32767,32767,32767,32767,32767
MYD17A2H.A2016345.h12v02.006.2016362160556.PsnNet_500m,MYD17A2H,A2016345,Lat65.9255Lon-137.4220833Samp13Line13,2016362160556,PsnNet_500m,32767,32767,32767,32767,32767,32767,32767,32767,32767,32767,32767,32767,32767,32767,32767,32767,32767,32767,32767,32767,32767,32767,32767,32767,32767,32767,32767,32767,32767,32767,32767,32767,32767,32767,32767,32767,32767,32767,32767,32767,32767,32767,32767,32767,32767,32767,32767,32767,32767,32767,32767,32767,32767,32767,32767,32767,32767,32767,32767,32767,32767,32767,32767,32767,32767,32767,32767,32767,32767,32767,32767,32767,32767,32767,32767,32767,32767,32767,32767,32767,32767,32767,32767,32767,32767,32767,32767,32767,32767,32767,32767,32767,32767,32767,32767,32767,32767,32767,32767,32767,32767,32767,32767,32767,32767,32767,32767,32767,32767,32767,32767,32767,32767,32767,32767,32767,32767,32767,32767,32767,32767,32767,32767,32767,32767,32767,32767,32767,32767,32767,32767,32767,32767,32767,32767,32767,32767,32767,32767,32767,32767,32767,32767,32767,32767,32767,32767,32767,32767,32767,32767,32767,32767,32767,32767,32767,32767,32767,32767,32767,32767,32767,32767,32767,32767,32767,32767,32767,32767
MYD17A2H.A2016345.h12v02.006.2016362160556.Psn_QC_500m,MYD17A2H,A2016345,Lat65.9255Lon-137.4220833Samp13Line13,2016362160556,Psn_QC_500m,255,255,255,255,255,255,255,255,255,255,255,255,255,255,255,255,255,255,255,255,255,255,255,255,255,255,255,255,255,255,255,255,255,255,255,255,255,255,255,255,255,255,255,255,255,255,255,255,255,255,255,255,255,255,255,255,255,255,255,255,255,255,255,255,255,255,255,255,255,255,255,255,255,255,255,255,255,255,255,255,255,255,255,255,255,255,255,255,255,255,255,255,255,255,255,255,255,255,255,255,255,255,255,255,255,255,255,255,255,255,255,255,255,255,255,255,255,255,255,255,255,255,255,255,255,255,255,255,255,255,255,255,255,255,255,255,255,255,255,255,255,255,255,255,255,255,255,255,255,255,255,255,255,255,255,255,255,255,255,255,255,255,255,255,255,255,255,255,255
MYD17A2H.A2016353.h12v02.006.2016362172742.Gpp_500m,MYD17A2H,A2016353,Lat65.9255Lon-137.4220833Samp13Line13,2016362172742,Gpp_500m,32767,32767,32767,32767,32767,32767,32767,32767,32767,32767,32767,32767,32767,32767,32767,32767,32767,32767,32767,32767,32767,32767,32767,32767,32767,32767,32767,32767,32767,32767,32767,32767,32767,32767,32767,32767,32767,32767,32767,32767,32767,32767,32767,32767,32767,32767,32767,32767,32767,32767,32767,32767,32767,32767,32767,32767,32767,32767,32767,32767,32767,32767,32767,32767,32767,32767,32767,32767,32767,32767,32767,32767,32767,32767,32767,32767,32767,32767,32767,32767,32767,32767,32767,32767,32767,32767,32767,32767,32767,32767,32767,32767,32767,32767,32767,32767,32767,32767,32767,32767,32767,32767,32767,32767,32767,32767,32767,32767,32767,32767,32767,32767,32767,32767,32767,32767,32767,32767,32767,32767,32767,32767,32767,32767,32767,32767,32767,32767,32767,32767,32767,32767,32767,32767,32767,32767,32767,32767,32767,32767,32767,32767,32767,32767,32767,32767,32767,32767,32767,32767,32767,32767,32767,32767,32767,32767,32767,32767,32767,32767,32767,32767,32767,32767,32767,32767,32767,32767,32767
MYD17A2H.A2016353.h12v02.006.2016362172742.PsnNet_500m,MYD17A2H,A2016353,Lat65.9255Lon-137.4220833Samp13Line13,2016362172742,PsnNet_500m,32767,32767,32767,32767,32767,32767,32767,32767,32767,32767,32767,32767,32767,32767,32767,32767,32767,32767,32767,32767,32767,32767,32767,32767,32767,32767,32767,32767,32767,32767,32767,32767,32767,32767,32767,32767,32767,32767,32767,32767,32767,32767,32767,32767,32767,32767,32767,32767,32767,32767,32767,32767,32767,32767,32767,32767,32767,32767,32767,32767,32767,32767,32767,32767,32767,32767,32767,32767,32767,32767,32767,32767,32767,32767,32767,32767,32767,32767,32767,32767,32767,32767,32767,32767,32767,32767,32767,32767,32767,32767,32767,32767,32767,32767,32767,32767,32767,32767,32767,32767,32767,32767,32767,32767,32767,32767,32767,32767,32767,32767,32767,32767,32767,32767,32767,32767,32767,32767,32767,32767,32767,32767,32767,32767,32767,32767,32767,32767,32767,32767,32767,32767,32767,32767,32767,32767,32767,32767,32767,32767,32767,32767,32767,32767,32767,32767,32767,32767,32767,32767,32767,32767,32767,32767,32767,32767,32767,32767,32767,32767,32767,32767,32767,32767,32767,32767,32767,32767,32767
MYD17A2H.A2016353.h12v02.006.2016362172742.Psn_QC_500m,MYD17A2H,A2016353,Lat65.9255Lon-137.4220833Samp13Line13,2016362172742,Psn_QC_500m,255,255,255,255,255,255,255,255,255,255,255,255,255,255,255,255,255,255,255,255,255,255,255,255,255,255,255,255,255,255,255,255,255,255,255,255,255,255,255,255,255,255,255,255,255,255,255,255,255,255,255,255,255,255,255,255,255,255,255,255,255,255,255,255,255,255,255,255,255,255,255,255,255,255,255,255,255,255,255,255,255,255,255,255,255,255,255,255,255,255,255,255,255,255,255,255,255,255,255,255,255,255,255,255,255,255,255,255,255,255,255,255,255,255,255,255,255,255,255,255,255,255,255,255,255,255,255,255,255,255,255,255,255,255,255,255,255,255,255,255,255,255,255,255,255,255,255,255,255,255,255,255,255,255,255,255,255,255,255,255,255,255,255,255,255,255,255,255,255
MYD17A2H.A2016361.h12v02.006.2017010150627.Gpp_500m,MYD17A2H,A2016361,Lat65.9255Lon-137.4220833Samp13Line13,2017010150627,Gpp_500m,32767,32767,32767,32767,32767,32767,32767,32767,32767,32767,32767,32767,32767,32767,32767,32767,32767,32767,32767,32767,32767,32767,32767,32767,32767,32767,32767,32767,32767,32767,32767,32767,32767,32767,32767,32767,32767,32767,32767,32767,32767,32767,32767,32767,32767,32767,32767,32767,32767,32767,32767,32767,32767,32767,32767,32767,32767,32767,32767,32767,32767,32767,32767,32767,32767,32767,32767,32767,32767,32767,32767,32767,32767,32767,32767,32767,32767,32767,32767,32767,32767,32767,32767,32767,32767,32767,32767,32767,32767,32767,32767,32767,32767,32767,32767,32767,32767,32767,32767,32767,32767,32767,32767,32767,32767,32767,32767,32767,32767,32767,32767,32767,32767,32767,32767,32767,32767,32767,32767,32767,32767,32767,32767,32767,32767,32767,32767,32767,32767,32767,32767,32767,32767,32767,32767,32767,32767,32767,32767,32767,32767,32767,32767,32767,32767,32767,32767,32767,32767,32767,32767,32767,32767,32767,32767,32767,32767,32767,32767,32767,32767,32767,32767,32767,32767,32767,32767,32767,32767
MYD17A2H.A2016361.h12v02.006.2017010150627.PsnNet_500m,MYD17A2H,A2016361,Lat65.9255Lon-137.4220833Samp13Line13,2017010150627,PsnNet_500m,32767,32767,32767,32767,32767,32767,32767,32767,32767,32767,32767,32767,32767,32767,32767,32767,32767,32767,32767,32767,32767,32767,32767,32767,32767,32767,32767,32767,32767,32767,32767,32767,32767,32767,32767,32767,32767,32767,32767,32767,32767,32767,32767,32767,32767,32767,32767,32767,32767,32767,32767,32767,32767,32767,32767,32767,32767,32767,32767,32767,32767,32767,32767,32767,32767,32767,32767,32767,32767,32767,32767,32767,32767,32767,32767,32767,32767,32767,32767,32767,32767,32767,32767,32767,32767,32767,32767,32767,32767,32767,32767,32767,32767,32767,32767,32767,32767,32767,32767,32767,32767,32767,32767,32767,32767,32767,32767,32767,32767,32767,32767,32767,32767,32767,32767,32767,32767,32767,32767,32767,32767,32767,32767,32767,32767,32767,32767,32767,32767,32767,32767,32767,32767,32767,32767,32767,32767,32767,32767,32767,32767,32767,32767,32767,32767,32767,32767,32767,32767,32767,32767,32767,32767,32767,32767,32767,32767,32767,32767,32767,32767,32767,32767,32767,32767,32767,32767,32767,32767
MYD17A2H.A2016361.h12v02.006.2017010150627.Psn_QC_500m,MYD17A2H,A2016361,Lat65.9255Lon-137.4220833Samp13Line13,2017010150627,Psn_QC_500m,255,255,255,255,255,255,255,255,255,255,255,255,255,255,255,255,255,255,255,255,255,255,255,255,255,255,255,255,255,255,255,255,255,255,255,255,255,255,255,255,255,255,255,255,255,255,255,255,255,255,255,255,255,255,255,255,255,255,255,255,255,255,255,255,255,255,255,255,255,255,255,255,255,255,255,255,255,255,255,255,255,255,255,255,255,255,255,255,255,255,255,255,255,255,255,255,255,255,255,255,255,255,255,255,255,255,255,255,255,255,255,255,255,255,255,255,255,255,255,255,255,255,255,255,255,255,255,255,255,255,255,255,255,255,255,255,255,255,255,255,255,255,255,255,255,255,255,255,255,255,255,255,255,255,255,255,255,255,255,255,255,255,255,255,255,255,255,255,255
MYD17A2H.A2017001.h12v02.006.2021104210347.Gpp_500m,MYD17A2H,A2017001,Lat65.9255Lon-137.4220833Samp13Line13,2021104210347,Gpp_500m,32767,32767,32767,32767,32767,32767,32767,32767,32767,32767,32767,32767,32767,32767,32767,32767,32767,32767,32767,32767,32767,32767,32767,32767,32767,32767,32767,32767,32767,32767,32767,32767,32767,32767,32767,32767,32767,32767,32767,32767,32767,32767,32767,32767,32767,32767,32767,32767,32767,32767,32767,32767,32767,32767,32767,32767,32767,32767,32767,32767,32767,32767,32767,32767,32767,32767,32767,32767,32767,32767,32767,32767,32767,32767,32767,32767,32767,32767,32767,32767,32767,32767,32767,32767,32767,32767,32767,32767,32767,32767,32767,32767,32767,32767,32767,32767,32767,32767,32767,32767,32767,32767,32767,32767,32767,32767,32767,32767,32767,32767,32767,32767,32767,32767,32767,32767,32767,32767,32767,32767,32767,32767,32767,32767,32767,32767,32767,32767,32767,32767,32767,32767,32767,32767,32767,32767,32767,32767,32767,32767,32767,32767,32767,32767,32767,32767,32767,32767,32767,32767,32767,32767,32767,32767,32767,32767,32767,32767,32767,32767,32767,32767,32767,32767,32767,32767,32767,32767,32767
MYD17A2H.A2017001.h12v02.006.2021104210347.PsnNet_500m,MYD17A2H,A2017001,Lat65.9255Lon-137.4220833Samp13Line13,2021104210347,PsnNet_500m,32767,32767,32767,32767,32767,32767,32767,32767,32767,32767,32767,32767,32767,32767,32767,32767,32767,32767,32767,32767,32767,32767,32767,32767,32767,32767,32767,32767,32767,32767,32767,32767,32767,32767,32767,32767,32767,32767,32767,32767,32767,32767,32767,32767,32767,32767,32767,32767,32767,32767,32767,32767,32767,32767,32767,32767,32767,32767,32767,32767,32767,32767,32767,32767,32767,32767,32767,32767,32767,32767,32767,32767,32767,32767,32767,32767,32767,32767,32767,32767,32767,32767,32767,32767,32767,32767,32767,32767,32767,32767,32767,32767,32767,32767,32767,32767,32767,32767,32767,32767,32767,32767,32767,32767,32767,32767,32767,32767,32767,32767,32767,32767,32767,32767,32767,32767,32767,32767,32767,32767,32767,32767,32767,32767,32767,32767,32767,32767,32767,32767,32767,32767,32767,32767,32767,32767,32767,32767,32767,32767,32767,32767,32767,32767,32767,32767,32767,32767,32767,32767,32767,32767,32767,32767,32767,32767,32767,32767,32767,32767,32767,32767,32767,32767,32767,32767,32767,32767,32767
MYD17A2H.A2017001.h12v02.006.2021104210347.Psn_QC_500m,MYD17A2H,A2017001,Lat65.9255Lon-137.4220833Samp13Line13,2021104210347,Psn_QC_500m,255,255,255,255,255,255,255,255,255,255,255,255,255,255,255,255,255,255,255,255,255,255,255,255,255,255,255,255,255,255,255,255,255,255,255,255,255,255,255,255,255,255,255,255,255,255,255,255,255,255,255,255,255,255,255,255,255,255,255,255,255,255,255,255,255,255,255,255,255,255,255,255,255,255,255,255,255,255,255,255,255,255,255,255,255,255,255,255,255,255,255,255,255,255,255,255,255,255,255,255,255,255,255,255,255,255,255,255,255,255,255,255,255,255,255,255,255,255,255,255,255,255,255,255,255,255,255,255,255,255,255,255,255,255,255,255,255,255,255,255,255,255,255,255,255,255,255,255,255,255,255,255,255,255,255,255,255,255,255,255,255,255,255,255,255,255,255,255,255
MYD17A2H.A2017009.h12v02.006.2017053205558.Gpp_500m,MYD17A2H,A2017009,Lat65.9255Lon-137.4220833Samp13Line13,2017053205558,Gpp_500m,32767,32767,32767,32767,32767,32767,32767,32767,32767,32767,32767,32767,32767,32767,32767,32767,32767,32767,32767,32767,32767,32767,32767,32767,32767,32767,32767,32767,32767,32767,32767,32767,32767,32767,32767,32767,32767,32767,32767,32767,32767,32767,32767,32767,32767,32767,32767,32767,32767,32767,32767,32767,32767,32767,32767,32767,32767,32767,32767,32767,32767,32767,32767,32767,32767,32767,32767,32767,32767,32767,32767,32767,32767,32767,32767,32767,32767,32767,32767,32767,32767,32767,32767,32767,32767,32767,32767,32767,32767,32767,32767,32767,32767,32767,32767,32767,32767,32767,32767,32767,32767,32767,32767,32767,32767,32767,32767,32767,32767,32767,32767,32767,32767,32767,32767,32767,32767,32767,32767,32767,32767,32767,32767,32767,32767,32767,32767,32767,32767,32767,32767,32767,32767,32767,32767,32767,32767,32767,32767,32767,32767,32767,32767,32767,32767,32767,32767,32767,32767,32767,32767,32767,32767,32767,32767,32767,32767,32767,32767,32767,32767,32767,32767,32767,32767,32767,32767,32767,32767
MYD17A2H.A2017009.h12v02.006.2017053205558.PsnNet_500m,MYD17A2H,A2017009,Lat65.9255Lon-137.4220833Samp13Line13,2017053205558,PsnNet_500m,32767,32767,32767,32767,32767,32767,32767,32767,32767,32767,32767,32767,32767,32767,32767,32767,32767,32767,32767,32767,32767,32767,32767,32767,32767,32767,32767,32767,32767,32767,32767,32767,32767,32767,32767,32767,32767,32767,32767,32767,32767,32767,32767,32767,32767,32767,32767,32767,32767,32767,32767,32767,32767,32767,32767,32767,32767,32767,32767,32767,32767,32767,32767,32767,32767,32767,32767,32767,32767,32767,32767,32767,32767,32767,32767,32767,32767,32767,32767,32767,32767,32767,32767,32767,32767,32767,32767,32767,32767,32767,32767,32767,32767,32767,32767,32767,32767,32767,32767,32767,32767,32767,32767,32767,32767,32767,32767,32767,32767,32767,32767,32767,32767,32767,32767,32767,32767,32767,32767,32767,32767,32767,32767,32767,32767,32767,32767,32767,32767,32767,32767,32767,32767,32767,32767,32767,32767,32767,32767,32767,32767,32767,32767,32767,32767,32767,32767,32767,32767,32767,32767,32767,32767,32767,32767,32767,32767,32767,32767,32767,32767,32767,32767,32767,32767,32767,32767,32767,32767
MYD17A2H.A2017009.h12v02.006.2017053205558.Psn_QC_500m,MYD17A2H,A2017009,Lat65.9255Lon-137.4220833Samp13Line13,2017053205558,Psn_QC_500m,255,255,255,255,255,255,255,255,255,255,255,255,255,255,255,255,255,255,255,255,255,255,255,255,255,255,255,255,255,255,255,255,255,255,255,255,255,255,255,255,255,255,255,255,255,255,255,255,255,255,255,255,255,255,255,255,255,255,255,255,255,255,255,255,255,255,255,255,255,255,255,255,255,255,255,255,255,255,255,255,255,255,255,255,255,255,255,255,255,255,255,255,255,255,255,255,255,255,255,255,255,255,255,255,255,255,255,255,255,255,255,255,255,255,255,255,255,255,255,255,255,255,255,255,255,255,255,255,255,255,255,255,255,255,255,255,255,255,255,255,255,255,255,255,255,255,255,255,255,255,255,255,255,255,255,255,255,255,255,255,255,255,255,255,255,255,255,255,255
MYD17A2H.A2017017.h12v02.006.2017054150019.Gpp_500m,MYD17A2H,A2017017,Lat65.9255Lon-137.4220833Samp13Line13,2017054150019,Gpp_500m,0,0,0,0,0,0,0,0,0,0,0,0,0,0,0,0,0,0,0,0,0,0,0,0,0,0,0,0,0,0,0,0,0,0,0,0,0,0,0,0,0,0,0,0,0,0,0,0,0,0,0,0,0,0,0,0,0,0,0,0,0,0,0,0,0,0,0,0,0,0,0,0,0,0,0,0,0,0,0,0,0,0,0,0,0,0,0,0,0,0,0,0,0,0,0,0,0,0,0,0,0,0,0,0,0,0,0,0,0,0,0,0,0,0,0,0,0,0,0,0,0,0,0,0,0,0,0,0,0,0,0,0,0,0,0,0,0,0,0,0,0,0,0,0,0,0,0,0,0,0,0,0,0,0,0,0,0,0,0,0,0,0,0,0,0,0,0,0,0
MYD17A2H.A2017017.h12v02.006.2017054150019.PsnNet_500m,MYD17A2H,A2017017,Lat65.9255Lon-137.4220833Samp13Line13,2017054150019,PsnNet_500m,0,0,0,0,0,0,0,0,0,0,0,0,0,0,0,0,0,0,0,0,0,0,0,0,0,0,0,0,0,0,0,0,0,0,0,0,0,0,0,0,0,0,0,0,0,0,0,0,0,0,0,0,0,0,0,0,0,0,0,0,0,0,0,0,0,0,0,0,0,0,0,0,0,0,0,0,0,0,0,0,0,0,0,0,0,0,0,0,0,0,0,0,0,0,0,0,0,0,0,0,0,0,0,0,0,0,0,0,0,0,0,0,0,0,0,0,0,0,0,0,0,0,0,0,0,0,0,0,0,0,0,0,0,0,0,0,0,0,0,0,0,0,0,0,0,0,0,0,0,0,0,0,0,0,0,0,0,0,0,0,0,0,0,0,0,0,0,0,0
MYD17A2H.A2017017.h12v02.006.2017054150019.Psn_QC_500m,MYD17A2H,A2017017,Lat65.9255Lon-137.4220833Samp13Line13,2017054150019,Psn_QC_500m,67,67,67,67,67,67,83,83,75,75,75,75,75,67,67,67,67,67,75,75,75,67,75,67,83,75,67,67,67,67,75,75,75,83,83,67,83,75,75,67,67,75,75,75,83,83,75,75,67,75,75,75,67,67,75,75,75,75,75,67,75,83,83,67,67,83,83,75,75,75,83,83,83,83,83,75,75,67,67,83,83,83,83,83,75,75,75,75,75,67,67,67,83,67,67,67,67,67,83,83,83,67,83,75,67,67,67,67,67,67,75,83,75,83,83,83,83,67,67,67,67,67,75,83,83,83,75,75,75,75,75,67,67,67,83,83,67,67,67,75,75,75,75,67,67,67,67,67,67,67,75,75,75,75,75,75,67,67,67,67,67,67,67,67,67,67,75,75,75
MYD17A2H.A2017025.h12v02.006.2017054154641.Gpp_500m,MYD17A2H,A2017025,Lat65.9255Lon-137.4220833Samp13Line13,2017054154641,Gpp_500m,0,0,0,0,0,0,0,0,0,0,0,0,0,0,0,0,0,0,0,0,0,0,0,0,0,0,0,0,0,0,0,0,0,0,0,0,0,0,0,0,0,0,0,0,0,0,0,0,0,0,0,0,0,0,0,0,0,0,0,0,0,0,0,0,0,0,0,0,0,0,0,0,0,0,0,0,0,0,0,0,0,0,0,0,0,0,0,0,0,0,0,0,0,0,0,0,0,0,0,0,0,0,0,0,0,0,0,0,0,0,0,0,0,0,0,0,0,0,0,0,0,0,0,0,0,0,0,0,0,0,0,0,0,0,0,0,0,0,0,0,0,0,0,0,0,0,0,0,0,0,0,0,0,0,0,0,0,0,0,0,0,0,0,0,0,0,0,0,0
MYD17A2H.A2017025.h12v02.006.2017054154641.PsnNet_500m,MYD17A2H,A2017025,Lat65.9255Lon-137.4220833Samp13Line13,2017054154641,PsnNet_500m,0,0,0,0,0,0,0,0,0,0,0,0,0,0,0,0,0,0,0,0,0,0,0,0,0,0,0,0,0,0,0,0,0,0,0,0,0,0,0,0,0,0,0,0,0,0,0,0,0,0,0,0,0,0,0,0,0,0,0,0,0,0,0,0,0,0,0,0,0,0,0,0,0,0,0,0,0,0,0,0,0,0,0,0,0,0,0,0,0,0,0,0,0,0,0,0,0,0,0,0,0,0,0,0,0,0,0,0,0,0,0,0,0,0,0,0,0,0,0,0,0,0,0,0,0,0,0,0,0,0,0,0,0,0,0,0,0,0,0,0,0,0,0,0,0,0,0,0,0,0,0,0,0,0,0,0,0,0,0,0,0,0,0,0,0,0,0,0,0
MYD17A2H.A2017025.h12v02.006.2017054154641.Psn_QC_500m,MYD17A2H,A2017025,Lat65.9255Lon-137.4220833Samp13Line13,2017054154641,Psn_QC_500m,67,67,67,67,67,67,67,67,67,67,67,67,67,67,67,67,67,67,67,75,67,67,75,67,67,75,67,67,67,67,67,67,67,67,67,67,67,67,67,67,67,67,75,75,75,75,67,67,67,67,67,75,67,67,67,67,75,67,67,75,75,75,67,75,75,75,75,75,67,67,67,75,67,67,75,75,75,75,67,67,75,75,75,75,75,75,75,75,67,67,67,75,67,75,67,75,67,67,67,67,67,67,67,67,67,67,67,67,67,67,67,67,67,67,67,67,75,67,75,67,67,67,67,67,67,67,67,67,67,67,67,67,67,75,75,75,67,67,67,67,67,67,67,67,75,75,75,67,67,67,67,67,67,67,67,75,67,67,67,67,67,67,67,67,67,67,75,67,67
MYD17A2H.A2017033.h12v02.006.2017054164830.Gpp_500m,MYD17A2H,A2017033,Lat65.9255Lon-137.4220833Samp13Line13,2017054164830,Gpp_500m,0,0,0,0,0,0,0,0,0,0,0,0,0,0,0,0,0,0,0,0,0,0,0,0,0,0,0,0,0,0,0,0,0,0,0,0,0,0,0,0,0,0,0,0,0,0,0,0,0,0,0,0,0,0,0,0,0,0,0,0,0,0,0,0,0,0,0,0,0,0,0,0,0,0,0,0,0,0,0,0,0,0,0,0,0,0,0,0,0,0,0,0,0,0,0,0,0,0,0,0,0,0,0,0,0,0,0,0,0,0,0,0,0,0,0,0,0,0,0,0,0,0,0,0,0,0,0,0,0,0,0,0,0,0,0,0,0,0,0,0,0,0,0,0,0,0,0,0,0,0,0,0,0,0,0,0,0,0,0,0,0,0,0,0,0,0,0,0,0
MYD17A2H.A2017033.h12v02.006.2017054164830.PsnNet_500m,MYD17A2H,A2017033,Lat65.9255Lon-137.4220833Samp13Line13,2017054164830,PsnNet_500m,0,0,0,0,0,0,0,0,0,0,0,0,0,0,0,0,0,0,0,0,0,0,0,0,0,0,0,0,0,0,0,0,0,0,0,0,0,0,0,0,0,0,0,0,0,0,0,0,0,0,0,0,0,0,0,0,0,0,0,0,0,0,0,0,0,0,0,0,0,0,0,0,0,0,0,0,0,0,0,0,0,0,0,0,0,0,0,0,0,0,0,0,0,0,0,0,0,0,0,0,0,0,0,0,0,0,0,0,0,0,0,0,0,0,0,0,0,0,0,0,0,0,0,0,0,0,0,0,0,0,0,0,0,0,0,0,0,0,0,0,0,0,0,0,0,0,0,0,0,0,0,0,0,0,0,0,0,0,0,0,0,0,0,0,0,0,0,0,0
MYD17A2H.A2017033.h12v02.006.2017054164830.Psn_QC_500m,MYD17A2H,A2017033,Lat65.9255Lon-137.4220833Samp13Line13,2017054164830,Psn_QC_500m,75,75,75,75,75,75,75,75,75,75,75,75,75,75,75,75,75,75,75,75,75,75,75,75,75,75,75,75,75,75,75,75,75,75,75,75,75,75,75,75,75,75,75,75,75,75,75,75,75,75,75,75,75,75,75,75,75,75,75,75,75,75,75,75,75,75,75,75,75,75,75,75,75,75,75,75,75,75,67,75,75,75,75,75,75,75,75,75,75,75,75,75,75,75,75,75,75,75,75,75,67,67,75,75,75,75,75,75,75,75,75,75,75,75,67,67,67,75,67,75,75,75,75,67,67,75,75,75,67,67,75,75,67,67,67,75,67,67,67,67,67,67,75,67,67,67,67,67,75,75,75,67,75,75,75,75,75,75,75,75,75,75,75,75,75,67,67,67,67
MYD17A2H.A2017041.h12v02.006.2017054173119.Gpp_500m,MYD17A2H,A2017041,Lat65.9255Lon-137.4220833Samp13Line13,2017054173119,Gpp_500m,0,0,0,0,0,0,0,0,0,0,0,0,0,0,0,0,0,0,0,0,0,0,0,0,0,0,0,0,0,0,0,0,0,0,0,0,0,0,0,0,0,0,0,0,0,0,0,0,0,0,0,0,0,0,0,0,0,0,0,0,0,0,0,0,0,0,0,0,0,0,0,0,0,0,0,0,0,0,0,0,0,0,0,0,0,0,0,0,0,0,0,0,0,0,0,0,0,0,0,0,0,0,0,0,0,0,0,0,0,0,0,0,0,0,0,0,0,0,0,0,0,0,0,0,0,0,0,0,0,0,0,0,0,0,0,0,0,0,0,0,0,0,0,0,0,0,0,0,0,0,0,0,0,0,0,0,0,0,0,0,0,0,0,0,0,0,0,0,0
MYD17A2H.A2017041.h12v02.006.2017054173119.PsnNet_500m,MYD17A2H,A2017041,Lat65.9255Lon-137.4220833Samp13Line13,2017054173119,PsnNet_500m,0,0,0,0,0,0,0,0,0,0,0,0,0,0,0,0,0,0,0,0,0,0,0,0,0,0,0,0,0,0,0,0,0,0,0,0,0,0,0,0,0,0,0,0,0,0,0,0,0,0,0,0,0,0,0,0,0,0,0,0,0,0,0,0,0,0,0,0,0,0,0,0,0,0,0,0,0,0,0,0,0,0,0,0,0,0,0,0,0,0,0,0,0,0,0,0,0,0,0,0,0,0,0,0,0,0,0,0,0,0,0,0,0,0,0,0,0,0,0,0,0,0,0,0,0,0,0,0,0,0,0,0,0,0,0,0,0,0,0,0,0,0,0,0,0,0,0,0,0,0,0,0,0,0,0,0,0,0,0,0,0,0,0,0,0,0,0,0,0
MYD17A2H.A2017041.h12v02.006.2017054173119.Psn_QC_500m,MYD17A2H,A2017041,Lat65.9255Lon-137.4220833Samp13Line13,2017054173119,Psn_QC_500m,67,67,67,67,67,75,75,75,67,75,67,67,75,67,67,67,67,67,67,67,67,67,75,75,75,75,67,67,67,67,67,67,75,75,67,75,75,75,67,67,67,67,75,75,67,75,75,75,75,67,67,67,67,75,75,75,75,75,75,75,67,67,67,67,67,75,75,67,67,75,75,67,67,67,67,67,75,67,67,67,67,75,67,67,67,75,67,75,67,75,75,67,67,67,67,67,67,67,67,67,67,67,67,67,67,67,67,67,67,67,67,67,67,67,67,67,67,67,67,67,67,67,67,67,67,67,67,67,67,75,67,67,67,67,67,67,67,67,67,67,75,75,75,67,67,67,67,67,67,67,75,75,75,75,67,67,67,75,75,75,75,67,67,75,75,67,67,67,67
MYD17A2H.A2017049.h12v02.006.2021107001912.Gpp_500m,MYD17A2H,A2017049,Lat65.9255Lon-137.4220833Samp13Line13,2021107001912,Gpp_500m,0,0,0,0,0,0,0,0,0,0,0,0,0,0,0,0,0,0,0,0,0,0,0,0,0,0,0,0,0,0,0,0,0,0,0,0,0,0,0,0,0,0,0,0,0,0,0,0,0,0,0,0,0,0,0,0,0,0,0,0,0,0,0,0,0,0,0,0,0,0,0,0,0,0,0,0,0,0,0,0,0,0,0,0,0,0,0,0,0,0,0,0,0,0,0,0,0,0,0,0,0,0,0,0,0,0,0,0,0,0,0,0,0,0,0,0,0,0,0,0,0,0,0,0,0,0,0,0,0,0,0,0,0,0,0,0,0,0,0,0,0,0,0,0,0,0,0,0,0,0,0,0,0,0,0,0,0,0,0,0,0,0,0,0,0,0,0,0,0
MYD17A2H.A2017049.h12v02.006.2021107001912.PsnNet_500m,MYD17A2H,A2017049,Lat65.9255Lon-137.4220833Samp13Line13,2021107001912,PsnNet_500m,0,0,0,0,0,0,0,0,0,0,0,0,0,0,0,0,0,0,0,0,0,0,0,0,0,0,0,0,0,0,0,0,0,0,0,0,0,0,0,0,0,0,0,0,0,0,0,0,0,0,0,0,0,0,0,0,0,0,0,0,0,0,0,0,0,0,0,0,0,0,0,0,0,0,0,0,0,0,0,0,0,0,0,0,0,0,0,0,0,0,0,0,0,0,0,0,0,0,0,0,0,0,0,0,0,0,0,0,0,0,0,0,0,0,0,0,0,0,0,0,0,0,0,0,0,0,0,0,0,0,0,0,0,0,0,0,0,0,0,0,0,0,0,0,0,0,0,0,0,0,0,0,0,0,0,0,0,0,0,0,0,0,0,0,0,0,0,0,0
MYD17A2H.A2017049.h12v02.006.2021107001912.Psn_QC_500m,MYD17A2H,A2017049,Lat65.9255Lon-137.4220833Samp13Line13,2021107001912,Psn_QC_500m,67,67,67,67,67,67,67,67,67,67,67,67,67,67,67,67,67,67,67,67,67,83,67,67,67,67,67,67,67,67,67,67,67,67,67,67,67,67,67,67,67,67,67,67,67,67,67,67,67,67,67,67,67,67,67,67,67,67,67,67,67,67,67,67,67,67,67,67,67,67,67,67,67,67,67,67,67,67,67,67,67,67,67,67,67,67,67,67,67,67,67,67,67,67,67,67,67,67,67,67,67,67,67,67,67,67,67,67,67,67,67,67,67,67,67,67,67,67,67,67,67,67,67,67,67,67,67,67,67,67,67,67,67,67,67,67,67,67,67,67,67,67,67,67,67,67,67,67,67,67,67,67,67,67,67,67,67,75,67,67,67,67,67,67,67,67,67,75,67
MYD17A2H.A2017057.h12v02.006.2017066132547.Gpp_500m,MYD17A2H,A2017057,Lat65.9255Lon-137.4220833Samp13Line13,2017066132547,Gpp_500m,0,0,0,0,0,0,0,0,0,0,0,0,0,0,0,0,0,0,0,0,0,0,0,0,0,0,0,0,0,0,0,0,0,0,0,0,0,0,0,0,0,0,0,0,0,0,0,0,0,0,0,0,0,0,0,0,0,0,0,0,0,0,0,0,0,0,0,0,0,0,0,0,0,0,0,0,0,0,0,0,0,0,0,0,0,0,0,0,0,0,0,0,0,0,0,0,0,0,0,0,0,0,0,0,0,0,0,0,0,0,0,0,0,0,0,0,0,0,0,0,0,0,0,0,0,0,0,0,0,0,0,0,0,0,0,0,0,0,0,0,0,0,0,0,0,0,0,0,0,0,0,0,0,0,0,0,0,0,0,0,0,0,0,0,0,0,0,0,0
MYD17A2H.A2017057.h12v02.006.2017066132547.PsnNet_500m,MYD17A2H,A2017057,Lat65.9255Lon-137.4220833Samp13Line13,2017066132547,PsnNet_500m,0,0,0,0,0,0,0,0,0,0,0,0,0,0,0,0,0,0,0,0,0,0,0,0,0,0,0,0,0,0,0,0,0,0,0,0,0,0,0,0,0,0,0,0,0,0,0,0,0,0,0,0,0,0,0,0,0,0,0,0,0,0,0,0,0,0,0,0,0,0,0,0,0,0,0,0,0,0,0,0,0,0,0,0,0,0,0,0,0,0,0,0,0,0,0,0,0,0,0,0,0,0,0,0,0,0,0,0,0,0,0,0,0,0,0,0,0,0,0,0,0,0,0,0,0,0,0,0,0,0,0,0,0,0,0,0,0,0,0,0,0,0,0,0,0,0,0,0,0,0,0,0,0,0,0,0,0,0,0,0,0,0,0,0,0,0,0,0,0
MYD17A2H.A2017057.h12v02.006.2017066132547.Psn_QC_500m,MYD17A2H,A2017057,Lat65.9255Lon-137.4220833Samp13Line13,2017066132547,Psn_QC_500m,67,67,67,67,67,67,67,67,67,67,67,67,67,67,67,67,67,67,67,67,67,67,67,67,67,67,67,67,67,67,67,67,67,67,67,67,67,67,67,67,67,67,67,67,67,67,67,67,67,67,67,67,67,67,67,67,67,67,67,67,67,67,67,67,67,67,67,67,67,67,67,67,67,67,67,67,67,67,67,67,67,67,67,67,67,67,67,67,67,67,67,67,67,67,67,67,67,67,67,67,67,67,67,67,67,67,67,67,67,67,67,67,67,67,67,67,67,67,67,67,67,67,67,67,67,67,67,67,67,67,67,67,67,67,67,67,67,67,67,67,67,67,67,67,67,67,67,67,67,67,67,67,67,67,67,67,67,67,67,67,67,67,67,67,67,67,67,67,67
MYD17A2H.A2017065.h12v02.006.2017075140850.Gpp_500m,MYD17A2H,A2017065,Lat65.9255Lon-137.4220833Samp13Line13,2017075140850,Gpp_500m,0,0,0,0,0,0,0,0,0,0,0,0,0,0,0,0,0,0,0,0,0,0,0,0,0,0,0,0,0,0,0,0,0,0,0,0,0,0,0,0,0,0,0,0,0,0,0,0,0,0,0,0,0,0,0,0,0,0,0,0,0,0,0,0,0,0,0,0,0,0,0,0,0,0,0,0,0,0,0,0,0,0,0,0,0,0,0,0,0,0,0,0,0,0,0,0,0,0,0,0,0,0,0,0,0,0,0,0,0,0,0,0,0,0,0,0,0,0,0,0,0,0,0,0,0,0,0,0,0,0,0,0,0,0,0,0,0,0,0,0,0,0,0,0,0,0,0,0,0,0,0,0,0,0,0,0,0,0,0,0,0,0,0,0,0,0,0,0,0
MYD17A2H.A2017065.h12v02.006.2017075140850.PsnNet_500m,MYD17A2H,A2017065,Lat65.9255Lon-137.4220833Samp13Line13,2017075140850,PsnNet_500m,0,0,0,0,0,0,0,0,0,0,0,0,0,0,0,0,0,0,0,0,0,0,0,0,0,0,0,0,0,0,0,0,0,0,0,0,0,0,0,0,0,0,0,0,0,0,0,0,0,0,0,0,0,0,0,0,0,0,0,0,0,0,0,0,0,0,0,0,0,0,0,0,0,0,0,0,0,0,0,0,0,0,0,0,0,0,0,0,0,0,0,0,0,0,0,0,0,0,0,0,0,0,0,0,0,0,0,0,0,0,0,0,0,0,0,0,0,0,0,0,0,0,0,0,0,0,0,0,0,0,0,0,0,0,0,0,0,0,0,0,0,0,0,0,0,0,0,0,0,0,0,0,0,0,0,0,0,0,0,0,0,0,0,0,0,0,0,0,0
MYD17A2H.A2017065.h12v02.006.2017075140850.Psn_QC_500m,MYD17A2H,A2017065,Lat65.9255Lon-137.4220833Samp13Line13,2017075140850,Psn_QC_500m,10,10,67,10,75,18,75,10,10,10,10,10,10,75,67,18,18,18,10,10,10,10,10,10,10,10,18,18,18,18,10,10,10,10,10,10,10,10,18,2,2,10,10,10,10,10,10,10,10,10,10,10,2,10,10,10,10,10,10,10,10,10,10,2,18,10,10,10,10,10,10,10,2,2,2,2,18,18,2,10,10,75,2,2,2,2,2,10,10,10,10,2,2,10,67,75,67,2,2,10,10,10,10,10,67,67,75,67,2,2,10,10,10,10,10,10,10,75,67,67,2,2,10,10,10,10,10,10,10,10,2,2,2,10,10,2,2,10,10,10,2,10,10,75,10,2,2,67,67,75,75,10,2,10,10,2,75,67,67,67,75,75,2,2,2,2,2,2,10
MYD17A2H.A2017073.h12v02.006.2017082153649.Gpp_500m,MYD17A2H,A2017073,Lat65.9255Lon-137.4220833Samp13Line13,2017082153649,Gpp_500m,0,0,0,0,0,0,0,0,0,0,0,0,0,0,0,0,0,0,0,0,0,0,0,0,0,0,0,0,0,0,0,0,0,0,0,0,0,0,0,0,0,0,0,0,0,0,0,0,0,0,0,0,0,0,0,0,0,0,0,0,0,0,0,0,0,0,0,0,0,0,0,0,0,0,0,0,0,0,0,0,0,0,0,0,0,0,0,0,0,0,0,0,0,0,0,0,0,0,0,0,0,0,0,0,0,0,0,0,0,0,0,0,0,0,0,0,0,0,0,0,0,0,0,0,0,0,0,0,0,0,0,0,0,0,0,0,0,0,0,0,0,0,0,0,0,0,0,0,0,0,0,0,0,0,0,0,0,0,0,0,0,0,0,0,0,0,0,0,0
MYD17A2H.A2017073.h12v02.006.2017082153649.PsnNet_500m,MYD17A2H,A2017073,Lat65.9255Lon-137.4220833Samp13Line13,2017082153649,PsnNet_500m,0,0,0,0,0,0,0,0,0,0,0,0,0,0,0,0,0,0,0,0,0,0,0,0,0,0,0,0,0,0,0,0,0,0,0,0,0,0,0,0,0,0,0,0,0,0,0,0,0,0,0,0,0,0,0,0,0,0,0,0,0,0,0,0,0,0,0,0,0,0,0,0,0,0,0,0,0,0,0,0,0,0,0,0,0,0,0,0,0,0,0,0,0,0,0,0,0,0,0,0,0,0,0,0,0,0,0,0,0,0,0,0,0,0,0,0,0,0,0,0,0,0,0,0,0,0,0,0,0,0,0,0,0,0,0,0,0,0,0,0,0,0,0,0,0,0,0,0,0,0,0,0,0,0,0,0,0,0,0,0,0,0,0,0,0,0,0,0,0
MYD17A2H.A2017073.h12v02.006.2017082153649.Psn_QC_500m,MYD17A2H,A2017073,Lat65.9255Lon-137.4220833Samp13Line13,2017082153649,Psn_QC_500m,10,10,10,10,10,10,10,10,10,2,2,75,2,10,10,2,2,2,2,2,10,2,10,10,10,99,2,2,10,2,2,18,2,2,10,10,10,2,2,2,18,10,2,2,2,10,10,10,2,10,10,2,10,10,2,2,2,10,10,10,10,10,10,10,10,10,2,2,2,10,99,10,10,10,10,10,2,10,99,99,99,10,10,10,107,10,10,2,10,10,10,107,107,10,10,107,10,10,10,10,10,2,10,10,107,10,107,99,107,107,2,10,10,2,75,10,10,107,107,99,75,75,75,107,75,10,10,10,2,2,2,107,107,107,107,107,10,10,107,2,107,107,10,107,107,107,107,107,107,2,2,2,10,10,2,2,75,75,75,107,107,2,107,10,10,10,10,10,2
MYD17A2H.A2017081.h12v02.006.2017094193735.Gpp_500m,MYD17A2H,A2017081,Lat65.9255Lon-137.4220833Samp13Line13,2017094193735,Gpp_500m,0,0,0,0,0,0,0,0,0,0,0,0,0,0,0,0,0,0,0,0,0,0,0,0,0,0,0,0,0,0,0,0,0,0,0,0,0,0,0,0,0,0,0,0,0,0,0,0,0,0,0,0,0,0,0,0,0,0,0,0,0,0,0,0,0,0,0,0,0,0,0,0,0,0,0,0,0,0,0,0,0,0,0,0,0,0,0,0,0,0,0,0,0,0,0,0,0,0,0,0,0,0,0,0,0,0,0,0,0,0,0,0,0,0,0,0,0,0,0,0,0,0,0,0,0,0,0,0,0,0,0,0,0,0,0,0,0,0,0,0,0,0,0,0,0,0,0,0,0,0,0,0,0,0,0,0,0,0,0,0,0,0,0,0,0,0,0,0,0
MYD17A2H.A2017081.h12v02.006.2017094193735.PsnNet_500m,MYD17A2H,A2017081,Lat65.9255Lon-137.4220833Samp13Line13,2017094193735,PsnNet_500m,0,0,0,0,0,0,0,0,0,0,0,0,0,0,0,0,0,0,0,0,0,0,0,0,0,0,0,0,0,0,0,0,0,0,0,0,0,0,0,0,0,0,0,0,0,0,0,0,0,0,0,0,0,0,0,0,0,0,0,0,0,0,0,0,0,0,0,0,0,0,0,0,0,0,0,0,0,0,0,0,0,0,0,0,0,0,0,0,0,0,0,0,0,0,0,0,0,0,0,0,0,0,0,0,0,0,0,0,0,0,0,0,0,0,0,0,0,0,0,0,0,0,0,0,0,0,0,0,0,0,0,0,0,0,0,0,0,0,0,0,0,0,0,0,0,0,0,0,0,0,0,0,0,0,0,0,0,0,0,0,0,0,0,0,0,0,0,0,0
MYD17A2H.A2017081.h12v02.006.2017094193735.Psn_QC_500m,MYD17A2H,A2017081,Lat65.9255Lon-137.4220833Samp13Line13,2017094193735,Psn_QC_500m,2,2,2,10,2,2,10,10,2,10,2,10,10,107,2,2,2,2,2,2,10,10,2,2,2,10,10,10,10,10,10,10,10,2,2,2,10,2,2,10,10,2,10,10,2,10,2,10,10,10,10,2,10,10,10,2,2,2,10,10,10,10,10,2,2,10,2,2,2,2,10,2,99,99,2,2,2,2,2,99,2,2,2,2,2,2,2,2,10,10,10,99,99,99,99,107,10,10,10,10,2,2,2,99,99,99,99,99,99,99,2,10,2,99,107,2,99,99,99,99,99,99,10,10,10,10,10,10,99,99,2,2,99,10,107,2,2,10,10,2,2,2,2,99,107,107,99,99,99,99,2,2,2,99,10,10,2,2,2,107,2,2,2,99,99,99,10,2,10
MYD17A2H.A2017089.h12v02.006.2017101190359.Gpp_500m,MYD17A2H,A2017089,Lat65.9255Lon-137.4220833Samp13Line13,2017101190359,Gpp_500m,0,0,0,0,0,0,0,0,0,0,0,0,0,0,0,0,0,0,0,0,0,0,0,0,0,0,2,2,2,2,0,0,0,0,0,0,0,0,0,2,0,0,0,0,0,0,0,0,0,0,0,0,0,0,0,0,0,0,0,0,0,0,0,0,0,0,0,0,0,0,0,0,0,0,0,0,0,0,0,0,0,0,0,0,0,0,0,0,0,0,0,0,0,0,0,0,0,0,0,0,0,0,0,0,0,0,0,0,0,0,0,0,0,0,0,0,0,0,0,0,0,0,0,0,0,0,0,0,0,0,0,0,0,0,0,0,0,0,0,0,0,0,0,0,0,0,0,0,0,0,0,0,0,0,0,0,0,0,0,0,0,0,0,0,0,0,0,0,0
MYD17A2H.A2017089.h12v02.006.2017101190359.PsnNet_500m,MYD17A2H,A2017089,Lat65.9255Lon-137.4220833Samp13Line13,2017101190359,PsnNet_500m,0,0,0,0,0,0,0,0,0,0,0,0,0,0,0,0,0,0,0,0,0,0,0,0,0,0,0,0,0,0,0,0,0,0,0,0,0,0,0,1,0,0,0,0,0,0,0,0,0,0,0,0,0,0,0,0,0,0,0,0,0,0,0,0,0,0,0,0,0,0,0,0,0,0,0,0,0,0,0,0,0,0,0,0,0,0,0,0,0,0,0,0,0,0,0,0,0,0,0,0,0,0,0,0,0,0,0,0,0,0,0,0,0,0,0,0,0,0,0,0,0,0,0,0,0,0,0,0,0,0,0,0,0,0,0,0,0,0,0,0,0,0,0,0,0,0,0,0,0,0,0,0,0,0,0,0,0,0,0,0,0,0,0,0,0,0,0,0,0
MYD17A2H.A2017089.h12v02.006.2017101190359.Psn_QC_500m,MYD17A2H,A2017089,Lat65.9255Lon-137.4220833Samp13Line13,2017101190359,Psn_QC_500m,2,2,2,2,2,10,2,2,2,10,10,99,99,2,2,2,2,107,2,2,2,2,99,99,99,99,2,2,2,2,2,2,2,99,99,99,99,2,2,2,2,99,2,2,2,99,99,99,99,99,99,2,99,99,99,2,2,99,99,99,99,99,99,2,10,99,2,2,99,99,99,2,99,99,10,2,2,99,10,10,99,99,99,99,99,99,2,99,99,99,99,99,99,99,99,115,99,99,99,2,99,2,99,99,99,99,107,99,107,99,99,2,99,99,99,99,99,107,107,107,99,99,99,99,99,99,99,99,99,99,10,10,99,10,10,10,99,10,10,107,107,99,99,10,10,10,10,10,99,99,99,99,99,99,99,99,99,99,99,99,99,99,99,99,99,115,2,99,10
MYD17A2H.A2017097.h12v02.006.2017108232748.Gpp_500m,MYD17A2H,A2017097,Lat65.9255Lon-137.4220833Samp13Line13,2017108232748,Gpp_500m,0,0,0,0,0,0,0,0,0,0,0,0,0,0,0,0,0,0,0,0,0,0,0,0,0,0,0,0,0,0,0,0,0,0,0,0,0,0,0,0,0,0,0,0,0,0,0,0,0,0,0,0,0,0,0,0,0,0,0,0,0,0,0,0,0,0,0,0,0,0,0,0,0,0,0,0,0,0,0,0,0,0,0,0,0,0,0,0,0,0,0,0,0,0,0,0,0,0,0,0,0,0,0,0,0,0,0,0,0,0,0,0,0,0,0,0,0,0,0,0,0,0,0,0,0,0,0,0,0,0,0,0,0,0,0,0,0,0,0,0,0,0,0,0,0,0,0,0,0,0,0,0,0,0,0,0,0,0,0,0,0,0,0,0,0,0,0,0,0
MYD17A2H.A2017097.h12v02.006.2017108232748.PsnNet_500m,MYD17A2H,A2017097,Lat65.9255Lon-137.4220833Samp13Line13,2017108232748,PsnNet_500m,0,0,0,0,0,0,0,0,0,0,0,0,0,0,0,0,0,0,0,0,0,0,0,0,0,0,0,0,0,0,0,0,0,0,0,0,0,0,0,0,0,0,0,0,0,0,0,0,0,0,0,0,0,0,0,0,0,0,0,0,0,0,0,0,0,0,0,0,0,0,0,0,0,0,0,0,0,0,0,0,0,0,0,0,0,0,0,0,0,0,0,0,0,0,0,0,0,0,0,0,0,0,0,0,0,0,0,0,0,0,0,0,0,0,0,0,0,0,0,0,0,0,0,0,0,0,0,0,0,0,0,0,0,0,0,0,0,0,0,0,0,0,0,0,0,0,0,0,0,0,0,0,0,0,0,0,0,0,0,0,0,0,0,0,0,0,0,0,0
MYD17A2H.A2017097.h12v02.006.2017108232748.Psn_QC_500m,MYD17A2H,A2017097,Lat65.9255Lon-137.4220833Samp13Line13,2017108232748,Psn_QC_500m,2,10,10,10,10,10,2,2,10,2,10,10,10,2,10,2,2,2,10,10,2,2,2,10,10,99,2,2,10,10,10,2,2,2,10,99,107,2,2,2,2,2,2,2,2,10,10,10,107,2,2,2,107,107,107,10,10,10,107,2,2,2,2,107,2,2,2,2,2,2,10,2,2,107,107,2,2,2,99,99,99,99,2,99,99,107,107,107,99,99,2,99,99,99,99,99,107,99,107,99,10,10,10,107,99,99,99,99,99,2,2,2,2,2,99,99,99,107,107,99,99,99,107,107,99,99,99,99,99,99,99,99,99,99,99,99,99,99,107,99,107,107,99,99,99,99,99,99,99,99,99,107,107,99,99,99,107,99,107,99,99,107,99,99,107,107,107,99,99
MYD17A2H.A2017105.h12v02.006.2017118135733.Gpp_500m,MYD17A2H,A2017105,Lat65.9255Lon-137.4220833Samp13Line13,2017118135733,Gpp_500m,0,0,0,0,0,0,0,0,0,0,0,0,0,0,0,0,0,0,0,0,0,0,0,0,0,0,0,0,0,0,0,0,0,0,0,0,0,0,0,0,0,0,0,0,0,0,0,0,0,0,0,0,0,0,0,0,0,0,0,0,0,0,0,0,0,0,0,0,0,0,0,0,0,0,0,0,0,0,0,0,0,0,0,0,0,0,0,0,0,0,0,0,0,0,0,0,0,0,0,0,0,0,0,0,0,0,0,0,0,0,0,0,0,0,0,0,0,0,0,0,0,0,0,0,0,0,0,0,0,0,0,0,0,0,0,0,0,0,0,0,0,0,0,0,0,0,0,0,0,0,0,0,0,0,0,0,0,0,0,0,0,0,0,0,0,0,0,0,0
MYD17A2H.A2017105.h12v02.006.2017118135733.PsnNet_500m,MYD17A2H,A2017105,Lat65.9255Lon-137.4220833Samp13Line13,2017118135733,PsnNet_500m,0,0,0,0,0,0,0,0,0,0,0,0,0,0,0,0,0,0,0,0,0,0,0,0,0,0,0,0,0,0,0,0,0,0,0,0,0,0,0,0,0,0,0,0,0,0,0,0,0,0,0,0,0,0,0,0,0,0,0,0,0,0,0,0,0,0,0,0,0,0,0,0,0,0,0,0,0,0,0,0,0,0,0,0,0,0,0,0,0,0,0,0,0,0,0,0,0,0,0,0,0,0,0,0,0,0,0,0,0,0,0,0,0,0,0,0,0,0,0,0,0,0,0,0,0,0,0,0,0,0,0,0,0,0,0,0,0,0,0,0,0,0,0,0,0,0,0,0,0,0,0,0,0,0,0,0,0,0,0,0,0,0,0,0,0,0,0,0,0
MYD17A2H.A2017105.h12v02.006.2017118135733.Psn_QC_500m,MYD17A2H,A2017105,Lat65.9255Lon-137.4220833Samp13Line13,2017118135733,Psn_QC_500m,99,99,2,2,2,99,2,2,2,2,2,99,99,2,2,2,2,2,2,2,2,2,99,99,99,99,2,2,2,2,2,2,2,2,99,99,99,2,2,2,2,2,2,2,2,99,99,2,2,2,2,2,10,99,2,2,2,99,99,2,2,2,2,99,2,10,10,2,99,99,99,2,2,99,2,2,2,2,99,99,99,2,2,99,99,99,99,99,99,99,99,99,99,99,99,99,99,99,99,99,2,2,99,99,107,107,107,99,99,99,99,2,2,99,99,99,99,107,99,10,99,99,99,99,99,99,99,99,99,99,99,99,99,99,99,99,99,99,99,99,99,99,99,99,99,99,99,99,99,99,99,99,99,99,99,99,99,99,99,99,99,99,99,99,99,99,99,99,2
MYD17A2H.A2017113.h12v02.006.2017129111210.Gpp_500m,MYD17A2H,A2017113,Lat65.9255Lon-137.4220833Samp13Line13,2017129111210,Gpp_500m,1,1,1,1,1,1,1,2,2,1,1,9,0,1,1,1,2,3,1,1,1,3,1,0,0,0,3,3,3,2,2,1,1,2,0,0,1,1,1,3,2,2,1,1,1,0,0,0,1,0,1,1,1,1,0,1,0,0,0,0,0,0,0,0,0,0,1,1,0,0,1,1,0,0,0,0,0,0,0,0,0,0,0,0,0,0,0,0,0,0,0,0,0,0,0,0,0,0,0,0,0,0,1,0,0,0,0,0,0,0,0,0,0,0,1,0,0,0,0,0,0,0,0,0,0,0,0,0,0,0,0,0,0,0,0,1,0,0,0,0,0,0,0,0,1,1,1,1,0,0,0,0,0,0,0,0,1,1,1,0,0,1,1,0,0,0,0,0,0
MYD17A2H.A2017113.h12v02.006.2017129111210.PsnNet_500m,MYD17A2H,A2017113,Lat65.9255Lon-137.4220833Samp13Line13,2017129111210,PsnNet_500m,1,1,1,1,1,0,1,1,1,1,0,-7,0,1,1,1,1,1,1,1,1,1,1,0,0,0,3,3,1,1,1,1,1,1,0,0,0,0,1,1,1,1,1,1,1,0,0,0,0,0,0,0,1,0,0,1,0,0,0,0,0,0,0,0,0,0,1,0,0,0,0,0,0,0,0,0,0,0,0,0,0,0,0,0,0,0,0,0,0,0,0,0,0,0,0,0,0,0,0,0,0,0,0,0,0,0,0,0,0,0,0,0,0,0,0,0,0,0,0,0,0,0,0,0,0,0,0,0,0,0,0,0,0,0,0,0,0,0,0,0,0,0,0,0,0,0,0,0,0,0,0,0,0,0,0,0,0,0,0,0,0,0,0,0,0,0,0,0,0
MYD17A2H.A2017113.h12v02.006.2017129111210.Psn_QC_500m,MYD17A2H,A2017113,Lat65.9255Lon-137.4220833Samp13Line13,2017129111210,Psn_QC_500m,99,99,2,99,99,99,2,2,2,2,99,99,2,2,2,2,2,2,2,2,2,2,2,2,2,2,2,2,2,2,2,2,2,2,10,10,2,2,2,2,2,2,2,2,2,99,99,99,2,99,2,2,2,2,2,2,99,99,99,99,99,99,99,99,99,99,2,2,99,99,2,2,99,99,99,2,2,99,99,99,99,99,10,99,99,99,99,99,2,2,99,10,10,2,2,99,99,99,99,99,99,2,2,99,99,107,107,99,99,99,99,99,99,99,2,99,99,107,99,2,2,99,99,99,99,107,107,99,107,107,2,99,99,99,99,2,2,2,107,107,99,2,2,2,2,2,2,2,2,2,2,2,2,2,2,2,2,2,2,2,2,2,2,2,2,2,99,2,2
MYD17A2H.A2017121.h12v02.006.2017135173858.Gpp_500m,MYD17A2H,A2017121,Lat65.9255Lon-137.4220833Samp13Line13,2017135173858,Gpp_500m,30,24,24,26,24,19,24,24,24,25,24,24,23,30,31,40,40,22,24,24,24,19,19,19,10,10,41,41,41,29,25,21,24,24,23,10,10,10,19,35,29,24,24,19,19,19,10,10,23,17,17,10,24,11,11,19,17,10,10,10,10,10,10,10,23,11,11,10,10,10,10,10,5,5,3,10,10,10,14,10,10,10,10,10,10,10,10,10,5,10,10,10,10,10,3,0,19,19,10,10,10,10,10,18,3,3,0,5,10,10,10,10,10,10,23,23,5,0,3,10,10,10,10,10,10,10,10,10,10,10,10,10,10,3,10,10,10,10,10,10,5,5,6,10,10,3,10,10,10,10,10,0,10,18,10,10,10,6,10,10,10,10,10,10,10,10,10,10,10
MYD17A2H.A2017121.h12v02.006.2017135173858.PsnNet_500m,MYD17A2H,A2017121,Lat65.9255Lon-137.4220833Samp13Line13,2017135173858,PsnNet_500m,26,22,22,25,22,16,22,22,22,23,22,22,20,26,28,34,34,20,22,22,22,19,19,17,10,10,34,34,34,26,23,19,22,22,20,10,10,10,17,31,26,22,22,19,16,17,10,10,20,16,16,10,22,10,10,16,16,10,10,10,10,10,10,10,20,10,10,10,10,10,10,10,5,5,3,10,10,10,11,10,10,10,10,10,10,10,10,10,5,10,10,10,10,10,3,0,16,16,10,10,10,10,10,16,3,3,0,5,10,10,10,10,10,10,19,19,5,0,3,10,10,10,10,10,10,10,10,10,10,10,10,10,10,3,10,10,10,10,10,10,5,5,5,10,10,3,10,10,10,10,10,0,10,16,10,10,10,5,10,10,10,10,10,10,10,10,10,10,10
MYD17A2H.A2017121.h12v02.006.2017135173858.Psn_QC_500m,MYD17A2H,A2017121,Lat65.9255Lon-137.4220833Samp13Line13,2017135173858,Psn_QC_500m,10,2,2,2,2,2,2,2,2,2,2,2,2,2,2,2,2,2,2,2,2,2,2,2,2,2,2,2,2,10,2,2,2,2,2,2,2,2,2,2,2,2,2,2,2,2,2,2,2,2,2,2,2,2,2,2,2,2,2,2,2,2,2,2,2,2,2,2,2,2,2,2,99,99,99,2,2,2,2,2,2,2,2,2,2,2,2,2,99,2,2,2,2,2,75,75,2,2,2,2,2,2,2,2,99,107,75,99,2,2,2,2,2,2,2,2,99,99,99,2,2,2,2,2,2,2,2,2,2,10,2,2,2,99,2,2,2,2,2,2,99,107,75,18,18,99,2,2,2,2,2,99,10,2,2,2,18,75,2,2,2,10,10,10,10,10,10,2,2
MYD17A2H.A2017129.h12v02.006.2017138041556.Gpp_500m,MYD17A2H,A2017129,Lat65.9255Lon-137.4220833Samp13Line13,2017138041556,Gpp_500m,92,92,92,15,28,43,54,54,63,58,64,64,48,84,81,81,77,64,43,48,58,58,54,53,33,33,84,79,77,99,45,45,45,54,42,38,33,33,66,84,55,64,45,34,34,42,42,43,43,129,126,81,48,34,28,31,31,31,31,31,113,141,111,111,116,39,39,31,31,33,96,96,119,74,74,38,33,75,33,31,31,77,77,33,33,24,14,24,85,90,33,34,42,31,31,31,31,31,24,53,33,31,42,38,42,42,66,66,38,33,33,14,34,34,43,33,33,42,42,53,53,14,28,28,28,33,24,14,33,28,38,43,14,38,38,28,24,37,33,33,28,33,33,42,38,38,38,33,33,33,14,14,33,28,31,33,38,33,43,43,33,33,33,47,33,19,33,33,33
MYD17A2H.A2017129.h12v02.006.2017138041556.PsnNet_500m,MYD17A2H,A2017129,Lat65.9255Lon-137.4220833Samp13Line13,2017138041556,PsnNet_500m,82,82,82,14,26,41,49,49,55,54,59,59,43,79,73,73,70,59,41,44,54,54,50,49,32,32,79,71,70,90,43,43,43,50,37,33,32,32,59,79,53,59,43,31,31,37,37,42,42,114,113,74,44,31,26,30,28,28,28,28,101,125,99,99,104,35,35,28,28,31,87,87,105,65,65,33,32,68,31,28,28,70,70,31,31,24,14,24,77,82,32,33,37,28,28,28,28,28,24,49,30,28,35,33,37,37,59,59,33,31,31,14,33,33,42,32,32,37,36,46,49,14,25,25,25,32,24,14,32,25,33,43,14,33,33,25,24,33,32,32,25,32,32,35,33,33,33,31,31,31,14,14,32,25,28,33,33,31,42,42,31,31,31,43,32,18,32,32,33
MYD17A2H.A2017129.h12v02.006.2017138041556.Psn_QC_500m,MYD17A2H,A2017129,Lat65.9255Lon-137.4220833Samp13Line13,2017138041556,Psn_QC_500m,18,18,18,10,10,10,10,10,10,10,10,10,10,18,10,10,10,10,10,10,10,10,10,10,10,10,18,2,10,10,10,10,10,10,10,10,10,10,2,18,10,10,10,10,10,10,10,18,18,2,2,2,10,10,10,10,10,10,10,10,2,2,2,2,10,10,10,10,10,10,2,2,2,2,2,10,10,18,10,10,10,2,2,10,2,10,2,10,18,2,10,10,2,2,2,2,10,10,10,2,2,2,10,10,2,2,2,2,10,10,10,2,10,10,10,2,10,2,2,2,18,2,2,2,2,2,2,2,2,2,2,18,2,10,10,2,10,10,2,2,2,10,2,2,10,10,10,2,2,2,2,2,2,2,10,10,10,10,10,10,2,10,2,10,2,10,2,10,10
MYD17A2H.A2017137.h12v02.006.2017146040546.Gpp_500m,MYD17A2H,A2017137,Lat65.9255Lon-137.4220833Samp13Line13,2017146040546,Gpp_500m,240,195,195,0,189,220,210,210,195,163,126,153,199,303,345,241,210,241,205,210,198,0,146,253,253,221,236,236,236,236,0,63,0,146,146,221,243,199,199,219,236,105,205,188,188,178,205,205,199,199,221,242,225,225,137,0,132,138,137,168,96,206,285,248,248,183,115,215,137,137,84,84,285,285,289,237,32,64,226,227,67,257,257,269,269,257,232,96,221,221,226,257,278,278,248,168,232,227,227,189,221,215,237,237,237,263,138,257,263,263,106,206,211,211,211,184,178,175,126,215,242,32,32,221,221,215,211,207,207,207,178,227,248,249,211,242,220,196,84,106,106,79,90,211,226,174,257,270,126,74,126,0,67,67,52,52,242,221,154,242,35,79,79,121,64,57,84,195,331
MYD17A2H.A2017137.h12v02.006.2017146040546.PsnNet_500m,MYD17A2H,A2017137,Lat65.9255Lon-137.4220833Samp13Line13,2017146040546,PsnNet_500m,220,180,180,0,174,203,191,191,178,149,117,141,186,276,310,220,191,220,187,192,185,0,136,232,232,203,215,215,215,215,0,59,0,136,136,201,220,184,184,199,215,97,188,174,174,164,187,187,184,184,201,222,206,206,125,0,121,126,126,154,90,187,256,225,225,169,110,198,126,126,79,79,256,256,260,217,31,59,207,207,66,233,234,243,243,234,212,90,202,202,206,233,254,254,225,156,212,205,206,177,202,198,217,217,216,239,126,234,239,239,98,188,193,193,193,169,164,160,117,198,220,31,31,202,203,198,193,188,188,187,164,206,225,225,193,220,203,178,79,98,98,74,84,193,206,158,234,245,117,69,117,0,66,66,49,49,220,203,141,220,35,74,74,111,59,54,80,180,295
MYD17A2H.A2017137.h12v02.006.2017146040546.Psn_QC_500m,MYD17A2H,A2017137,Lat65.9255Lon-137.4220833Samp13Line13,2017146040546,Psn_QC_500m,10,10,10,83,10,10,10,10,2,67,10,67,10,2,2,2,10,10,2,67,2,83,10,2,2,2,2,2,2,2,75,67,83,67,10,2,2,2,2,2,2,67,10,10,10,10,2,2,2,2,2,2,10,10,2,83,2,2,2,2,10,2,2,2,2,67,10,10,2,2,2,2,2,2,2,2,10,10,10,10,10,2,2,2,2,2,2,2,18,18,2,2,2,2,2,2,18,2,2,18,18,2,2,2,2,2,2,2,2,2,2,18,2,2,2,2,2,2,2,2,2,10,10,18,18,2,2,2,2,2,2,2,2,2,10,2,2,2,2,10,10,10,10,2,10,10,2,2,18,10,2,75,10,10,10,10,2,2,2,2,67,2,10,10,10,10,2,10,2
MYD17A2H.A2017145.h12v02.006.2017154045002.Gpp_500m,MYD17A2H,A2017145,Lat65.9255Lon-137.4220833Samp13Line13,2017154045002,Gpp_500m,302,261,261,254,231,231,195,318,318,335,376,345,278,297,286,231,237,237,293,293,365,321,335,341,197,197,286,286,214,195,202,310,328,328,333,209,197,197,197,279,279,195,190,402,176,187,187,197,197,197,197,197,321,321,341,391,341,187,214,214,304,315,315,236,236,345,254,180,180,187,187,187,236,236,229,197,197,237,261,187,187,214,236,236,214,214,229,237,237,229,237,304,329,329,214,161,161,215,192,192,192,187,187,216,304,334,192,161,215,215,215,216,179,216,230,330,330,149,129,279,215,216,216,197,198,187,286,285,280,285,142,192,229,216,230,198,187,216,367,355,336,336,336,187,197,265,403,404,392,398,392,342,336,336,367,323,216,410,410,343,335,342,342,393,393,373,231,286,187
MYD17A2H.A2017145.h12v02.006.2017154045002.PsnNet_500m,MYD17A2H,A2017145,Lat65.9255Lon-137.4220833Samp13Line13,2017154045002,PsnNet_500m,279,243,243,234,213,213,180,290,291,306,343,317,255,274,263,213,218,218,268,268,334,295,307,311,183,183,263,263,195,180,187,285,301,301,305,194,183,183,183,258,258,180,175,362,163,172,172,183,183,183,183,183,295,295,311,355,311,172,202,202,278,288,288,219,219,317,237,166,166,172,173,173,219,219,213,182,182,219,241,172,173,202,218,219,202,203,213,219,219,213,219,278,300,300,202,148,148,203,179,180,180,173,173,203,278,307,179,148,203,203,203,203,166,204,213,303,304,139,121,258,203,203,203,182,182,173,264,264,256,262,132,179,213,203,213,182,173,205,335,325,307,310,310,173,182,249,367,367,356,364,356,313,310,310,336,298,203,372,372,316,310,311,313,357,358,341,215,263,173
MYD17A2H.A2017145.h12v02.006.2017154045002.Psn_QC_500m,MYD17A2H,A2017145,Lat65.9255Lon-137.4220833Samp13Line13,2017154045002,Psn_QC_500m,2,2,2,18,2,2,2,2,2,2,2,2,2,2,2,2,2,2,2,2,2,2,2,2,2,2,2,2,2,2,2,2,2,2,2,2,2,2,2,2,2,2,2,2,2,2,2,2,2,2,2,2,2,2,2,2,2,2,2,2,2,2,2,2,2,2,2,2,2,2,2,2,2,2,2,2,2,2,2,2,2,2,2,2,2,2,2,2,2,2,2,2,2,2,2,2,2,2,2,2,2,2,2,2,2,2,2,2,2,2,2,2,2,2,2,2,2,2,2,2,2,2,2,2,2,2,2,2,2,2,2,2,2,2,2,2,2,2,2,2,2,2,2,2,2,18,18,18,2,2,2,2,2,2,2,10,2,18,18,2,2,2,2,2,2,2,10,2,2
MYD17A2H.A2017153.h12v02.006.2017163125804.Gpp_500m,MYD17A2H,A2017153,Lat65.9255Lon-137.4220833Samp13Line13,2017163125804,Gpp_500m,248,279,307,307,305,291,297,297,307,322,266,305,236,307,307,307,297,291,278,305,305,322,235,342,342,421,307,297,297,297,307,307,307,307,328,328,421,342,291,291,297,278,278,278,253,279,278,310,347,347,310,304,315,278,235,272,359,359,404,299,299,342,342,335,335,307,315,334,334,379,342,310,354,335,354,354,346,378,342,342,379,299,304,346,323,315,304,304,378,285,255,342,323,323,323,265,255,271,229,255,242,242,304,303,323,309,291,354,378,354,354,255,248,261,298,315,255,291,286,335,354,354,359,265,265,261,248,248,255,322,255,265,285,346,340,420,298,298,303,342,342,328,260,303,366,315,302,360,360,298,353,322,303,249,249,249,278,372,398,398,365,360,353,322,321,309,309,303,316
MYD17A2H.A2017153.h12v02.006.2017163125804.PsnNet_500m,MYD17A2H,A2017153,Lat65.9255Lon-137.4220833Samp13Line13,2017163125804,PsnNet_500m,229,255,285,285,282,270,274,274,285,296,247,282,218,285,285,285,274,269,259,279,279,296,218,314,314,380,285,274,274,274,285,285,285,285,303,303,380,315,268,269,274,259,259,259,235,261,261,286,319,319,287,282,292,259,218,253,329,329,367,276,276,312,312,310,310,285,289,306,306,347,312,287,324,306,324,324,319,346,312,312,346,276,281,318,297,290,280,280,346,263,236,312,299,299,299,246,237,253,212,236,223,223,279,279,296,287,268,324,346,324,324,236,230,242,274,291,236,268,264,310,326,325,331,246,246,242,228,231,236,297,237,246,262,319,315,380,277,277,281,313,312,303,242,282,333,291,279,331,331,276,324,297,280,228,228,228,258,339,362,362,338,331,324,297,297,288,289,282,292
MYD17A2H.A2017153.h12v02.006.2017163125804.Psn_QC_500m,MYD17A2H,A2017153,Lat65.9255Lon-137.4220833Samp13Line13,2017163125804,Psn_QC_500m,2,2,2,2,2,2,2,2,2,2,2,2,2,2,2,2,2,2,2,2,2,2,2,2,2,2,2,2,2,2,2,2,2,2,2,2,2,10,18,2,2,2,2,2,2,2,2,18,18,18,2,2,10,2,2,18,2,2,2,18,18,2,2,2,2,18,2,2,2,2,18,2,2,2,2,2,2,2,2,2,2,2,2,2,2,2,2,2,2,2,2,2,2,2,2,2,2,2,2,2,2,2,2,2,2,18,2,2,2,2,2,2,2,2,2,2,2,2,2,2,2,2,10,2,2,2,2,2,2,2,2,2,2,10,10,10,10,10,10,10,10,10,2,2,2,2,2,10,10,2,2,2,2,2,2,2,2,2,2,2,2,2,2,2,2,2,2,2,2
MYD17A2H.A2017161.h12v02.006.2017173112201.Gpp_500m,MYD17A2H,A2017161,Lat65.9255Lon-137.4220833Samp13Line13,2017173112201,Gpp_500m,453,409,401,395,395,361,355,382,401,388,387,387,343,428,401,395,376,369,369,376,376,370,370,331,316,316,401,409,362,355,383,383,362,370,343,316,316,316,310,420,420,395,362,349,349,350,316,316,324,361,350,350,349,316,349,349,336,343,408,413,361,361,394,350,350,342,342,350,350,408,408,413,413,413,375,375,350,361,350,350,413,413,368,388,388,388,361,350,361,350,304,387,387,408,388,388,388,408,331,323,323,311,323,336,439,388,361,388,388,388,381,317,317,331,323,323,317,331,331,331,388,331,323,323,323,317,317,317,317,317,290,367,331,350,367,331,317,317,330,343,349,317,311,355,336,323,382,382,382,382,349,317,289,304,311,311,331,375,412,412,394,361,330,317,317,311,310,310,324
MYD17A2H.A2017161.h12v02.006.2017173112201.PsnNet_500m,MYD17A2H,A2017161,Lat65.9255Lon-137.4220833Samp13Line13,2017173112201,PsnNet_500m,416,374,369,364,364,336,331,351,369,357,356,356,319,392,369,364,349,341,341,346,346,341,341,307,293,293,369,374,334,331,351,352,334,341,319,293,293,293,287,386,386,362,334,323,323,322,293,293,300,336,322,322,323,295,323,323,311,319,377,382,336,336,365,323,323,317,317,323,323,377,377,382,382,382,348,348,322,336,323,323,381,382,341,359,359,359,334,322,336,322,283,359,359,377,359,359,359,376,306,300,300,290,300,311,405,359,336,359,359,359,354,293,293,305,300,300,293,306,306,306,359,306,300,300,300,293,293,293,293,293,271,342,306,322,340,305,293,293,305,317,323,293,289,330,311,300,352,352,352,352,323,293,272,284,287,289,305,347,383,382,363,336,305,293,293,289,289,289,300
MYD17A2H.A2017161.h12v02.006.2017173112201.Psn_QC_500m,MYD17A2H,A2017161,Lat65.9255Lon-137.4220833Samp13Line13,2017173112201,Psn_QC_500m,2,2,2,2,2,2,2,2,2,2,2,2,2,2,2,2,2,2,2,2,2,2,2,2,2,2,2,2,2,2,2,2,2,2,2,2,2,2,2,2,2,2,2,2,2,2,2,2,2,2,2,2,2,2,2,2,2,2,2,2,2,2,2,2,2,2,2,2,2,2,2,2,2,2,2,2,2,2,2,2,2,2,2,2,2,2,2,2,2,2,2,2,2,2,2,2,2,2,2,2,2,2,2,2,2,2,2,2,2,2,2,2,2,2,2,2,2,2,2,2,2,2,2,2,2,2,2,2,2,2,2,2,2,2,2,2,2,2,2,2,2,2,2,2,2,2,2,2,2,2,2,2,2,2,2,2,2,2,2,2,2,2,2,2,2,2,2,2,2
MYD17A2H.A2017169.h12v02.006.2017178124610.Gpp_500m,MYD17A2H,A2017169,Lat65.9255Lon-137.4220833Samp13Line13,2017178124610,Gpp_500m,501,501,493,383,383,348,348,465,474,392,356,274,346,402,256,256,200,439,439,446,284,365,193,311,311,364,192,291,291,439,356,430,430,365,355,355,509,466,466,474,447,446,492,430,429,364,355,510,447,448,200,226,374,401,420,420,408,382,382,511,420,420,375,191,364,374,411,374,382,382,511,475,475,438,466,466,439,527,319,319,428,492,493,438,627,438,438,456,566,510,527,593,593,555,555,547,355,420,375,473,473,356,401,401,493,348,355,438,538,538,483,410,410,375,199,357,483,310,510,519,519,648,538,538,528,375,511,466,292,310,447,510,510,538,538,238,238,483,528,528,494,446,337,483,383,483,512,528,528,538,566,465,465,428,401,401,512,575,631,631,665,556,494,494,465,476,465,476,366
MYD17A2H.A2017169.h12v02.006.2017178124610.PsnNet_500m,MYD17A2H,A2017169,Lat65.9255Lon-137.4220833Samp13Line13,2017178124610,PsnNet_500m,455,455,444,351,351,318,319,421,430,357,322,254,317,364,236,236,189,395,395,405,260,336,180,287,287,331,179,270,270,395,322,389,389,332,326,325,458,419,419,430,405,405,444,388,388,331,323,458,407,407,185,210,342,363,381,381,370,349,349,458,379,379,342,178,331,342,373,341,349,349,458,424,424,395,418,418,398,477,293,293,386,445,444,403,561,395,395,416,506,462,476,531,531,501,501,488,323,379,342,428,427,323,368,368,445,314,327,399,485,485,438,373,373,342,187,323,437,284,461,467,467,569,485,485,476,342,459,422,273,285,407,462,462,483,483,218,218,437,479,480,447,408,308,434,350,438,462,476,477,486,506,421,422,390,366,365,459,516,561,561,583,498,447,448,423,429,423,433,335
MYD17A2H.A2017169.h12v02.006.2017178124610.Psn_QC_500m,MYD17A2H,A2017169,Lat65.9255Lon-137.4220833Samp13Line13,2017178124610,Psn_QC_500m,2,2,2,2,2,2,2,2,2,2,2,2,2,2,2,2,2,2,2,2,18,2,2,2,2,2,10,2,2,2,2,18,18,2,2,2,2,2,2,2,18,18,18,18,18,2,2,2,2,2,67,67,18,18,2,2,2,2,2,2,2,2,10,10,2,2,2,2,2,2,2,2,2,2,2,2,2,2,2,2,2,2,2,2,2,2,2,2,2,2,2,2,2,2,2,2,2,2,2,2,2,2,2,2,2,2,2,2,18,18,2,2,2,2,2,2,2,10,2,2,2,2,2,2,18,2,18,18,2,2,2,2,2,2,2,2,2,18,18,18,2,18,2,2,10,2,2,2,2,18,18,2,2,2,2,2,18,2,2,2,18,2,2,2,2,2,2,2,2
MYD17A2H.A2017177.h12v02.006.2017191212547.Gpp_500m,MYD17A2H,A2017177,Lat65.9255Lon-137.4220833Samp13Line13,2017191212547,Gpp_500m,82,102,102,59,50,50,50,232,373,111,102,161,101,160,180,59,50,50,291,291,252,353,50,101,120,110,282,353,160,160,160,362,161,161,161,120,161,211,259,411,160,180,291,212,212,59,59,131,131,359,550,550,50,50,212,291,291,50,161,380,562,600,600,589,562,161,211,330,161,291,550,630,630,589,589,540,540,589,120,131,291,491,589,550,190,511,600,600,690,479,409,300,511,720,389,610,610,479,479,340,568,479,498,259,691,649,600,500,562,561,499,550,479,510,449,219,259,530,500,561,561,568,589,550,498,509,498,529,529,557,479,540,550,580,579,498,498,558,567,567,578,539,539,550,517,517,559,579,578,609,567,567,390,389,557,557,599,639,727,677,677,598,567,528,440,528,528,597,656
MYD17A2H.A2017177.h12v02.006.2017191212547.PsnNet_500m,MYD17A2H,A2017177,Lat65.9255Lon-137.4220833Samp13Line13,2017191212547,PsnNet_500m,74,94,94,58,46,46,46,216,344,104,95,152,95,152,167,58,46,46,268,268,232,324,46,95,113,103,260,324,152,152,152,332,152,152,150,113,151,192,239,376,152,167,268,196,196,58,58,124,123,331,500,500,46,46,196,268,267,46,151,351,507,542,542,533,511,152,196,303,150,267,500,567,567,533,533,491,491,533,113,124,267,444,533,500,180,467,542,542,614,437,379,276,462,641,358,550,549,437,437,310,517,437,456,239,617,584,542,455,511,511,456,500,437,466,409,203,239,484,455,511,511,517,533,500,456,466,456,483,483,508,439,490,500,526,526,456,456,508,515,515,526,489,489,500,475,475,509,526,526,553,515,515,356,355,508,508,542,576,648,609,610,543,515,481,403,481,481,541,591
MYD17A2H.A2017177.h12v02.006.2017191212547.Psn_QC_500m,MYD17A2H,A2017177,Lat65.9255Lon-137.4220833Samp13Line13,2017191212547,Psn_QC_500m,10,2,2,10,2,2,2,2,2,10,10,2,10,2,2,10,2,2,2,2,2,2,2,2,10,10,2,2,2,2,2,2,2,2,2,10,2,2,2,2,67,2,2,2,2,10,10,10,10,2,2,2,18,18,2,2,2,2,2,2,2,2,2,2,2,2,2,2,2,2,2,2,2,2,2,2,2,2,10,10,2,2,2,2,10,2,2,2,2,2,10,2,2,2,2,2,2,2,2,2,2,2,2,2,2,2,2,2,2,2,2,2,2,2,2,2,2,2,2,2,2,2,2,2,2,2,2,2,2,2,2,2,2,2,2,2,2,2,2,2,2,2,2,2,2,2,2,2,2,2,2,2,2,2,2,2,2,2,2,2,2,2,2,2,2,2,2,2,2
MYD17A2H.A2017185.h12v02.006.2017194113654.Gpp_500m,MYD17A2H,A2017185,Lat65.9255Lon-137.4220833Samp13Line13,2017194113654,Gpp_500m,116,136,68,68,48,48,48,98,48,48,89,154,157,98,88,89,48,154,154,107,98,165,154,157,49,89,98,243,243,98,98,194,48,48,157,157,89,331,331,203,48,58,233,253,253,255,157,49,49,97,223,452,48,48,48,253,255,157,157,18,451,518,489,625,625,48,89,89,157,127,166,518,617,635,693,694,617,665,117,157,158,518,636,636,657,693,694,665,626,605,606,352,451,518,518,684,646,646,617,596,568,568,538,549,537,400,586,684,684,636,568,480,480,568,558,539,549,577,635,636,617,617,626,626,596,577,529,568,549,509,586,596,596,636,596,596,549,517,539,539,441,363,363,646,626,578,625,625,617,597,558,441,372,373,293,294,586,714,714,723,705,429,429,441,313,293,78,430,469
MYD17A2H.A2017185.h12v02.006.2017194113654.PsnNet_500m,MYD17A2H,A2017185,Lat65.9255Lon-137.4220833Samp13Line13,2017194113654,PsnNet_500m,108,123,64,64,45,45,45,89,45,45,79,143,142,89,79,79,45,142,142,99,89,152,143,142,45,79,89,224,224,89,89,178,45,45,142,142,79,294,294,183,45,54,211,227,227,228,142,45,45,89,204,398,45,45,45,227,228,142,142,18,398,453,429,548,548,45,79,79,142,119,153,453,533,549,594,594,539,574,108,142,142,453,549,549,569,598,598,574,544,528,528,314,403,457,458,590,564,564,539,522,499,499,474,484,474,357,518,590,590,553,498,419,419,499,489,474,484,506,553,553,539,539,544,544,519,508,461,499,484,448,514,522,522,549,519,523,484,459,474,474,397,327,327,559,544,503,544,544,539,523,489,392,337,337,268,268,514,611,611,621,606,387,387,392,280,268,69,384,415
MYD17A2H.A2017185.h12v02.006.2017194113654.Psn_QC_500m,MYD17A2H,A2017185,Lat65.9255Lon-137.4220833Samp13Line13,2017194113654,Psn_QC_500m,10,10,10,10,2,18,18,10,2,2,10,2,2,2,2,2,2,2,2,10,18,18,2,2,2,2,10,2,2,10,10,2,2,2,2,2,2,2,2,2,2,10,67,2,2,2,2,2,2,2,10,2,2,2,2,2,2,2,2,75,2,2,2,2,2,2,2,2,2,10,10,18,2,2,2,2,2,2,10,2,2,2,2,2,2,2,2,2,2,2,2,2,2,2,2,2,2,2,2,2,2,2,2,2,2,2,2,2,2,2,2,2,2,2,2,2,2,2,2,2,2,2,2,2,2,2,2,2,2,2,2,2,2,2,2,2,2,2,2,2,10,2,2,2,2,2,2,2,2,2,2,10,10,10,10,10,2,2,2,2,2,10,10,10,2,10,2,2,2
MYD17A2H.A2017193.h12v02.006.2017202044415.Gpp_500m,MYD17A2H,A2017193,Lat65.9255Lon-137.4220833Samp13Line13,2017202044415,Gpp_500m,76,77,77,77,68,38,77,177,177,177,122,77,78,202,122,77,38,122,122,148,122,122,77,122,38,92,201,261,261,77,161,161,122,122,78,38,78,261,268,201,122,122,77,122,122,122,38,38,201,290,346,422,77,38,38,122,122,38,38,38,407,306,462,444,322,38,122,122,201,201,299,416,485,485,485,485,422,422,122,268,407,407,416,416,444,444,444,469,468,447,337,201,391,346,416,444,469,592,576,337,337,331,321,384,437,384,444,444,469,432,337,337,368,367,384,378,407,416,422,422,432,468,468,398,398,291,338,378,415,431,377,446,447,468,321,321,354,391,398,415,392,392,378,461,461,376,367,447,475,476,431,408,378,378,384,378,347,474,492,492,468,438,438,384,384,384,337,346,346
MYD17A2H.A2017193.h12v02.006.2017202044415.PsnNet_500m,MYD17A2H,A2017193,Lat65.9255Lon-137.4220833Samp13Line13,2017202044415,PsnNet_500m,71,71,71,71,62,35,71,161,161,161,114,71,70,182,114,71,35,114,114,132,114,114,71,113,35,81,182,232,232,71,145,145,114,114,70,35,70,232,239,181,114,114,71,114,114,113,35,35,181,262,307,369,71,35,35,114,113,35,35,35,362,274,404,392,285,35,114,113,181,181,266,368,420,420,422,422,372,372,113,239,357,357,369,369,392,392,392,409,409,392,301,182,345,312,365,392,409,509,485,298,302,294,285,340,385,341,392,392,409,379,298,298,329,329,340,333,360,369,373,372,379,409,409,351,351,262,301,333,366,381,334,388,388,409,290,290,314,348,352,366,346,346,334,404,404,333,325,395,420,420,381,360,334,334,341,334,309,417,429,429,412,386,385,340,342,341,297,306,310
MYD17A2H.A2017193.h12v02.006.2017202044415.Psn_QC_500m,MYD17A2H,A2017193,Lat65.9255Lon-137.4220833Samp13Line13,2017202044415,Psn_QC_500m,2,2,2,2,2,2,2,2,2,2,2,2,2,2,2,2,2,2,2,2,2,2,2,2,2,2,2,2,2,2,2,2,2,2,2,2,18,2,2,2,2,2,2,2,2,2,2,2,2,2,18,2,2,2,2,2,2,2,2,2,2,2,2,2,2,2,2,2,2,2,2,2,2,2,2,2,2,2,2,2,2,2,2,2,2,2,2,2,2,2,2,2,2,2,2,2,2,10,10,2,2,2,2,2,2,2,2,2,2,2,2,2,2,2,2,2,2,2,2,2,2,2,2,2,2,2,18,2,2,2,18,2,2,2,2,2,2,2,2,2,2,2,2,2,2,2,2,2,2,2,2,2,2,2,2,18,2,2,2,2,2,2,2,2,2,2,2,2,2
MYD17A2H.A2017201.h12v02.006.2017212213603.Gpp_500m,MYD17A2H,A2017201,Lat65.9255Lon-137.4220833Samp13Line13,2017212213603,Gpp_500m,95,154,72,72,36,36,36,60,36,36,36,36,47,81,72,60,60,60,271,77,36,53,60,36,11,11,90,106,125,81,114,114,77,65,16,11,11,11,59,114,114,30,65,65,71,70,70,36,36,136,136,88,47,47,81,0,0,36,36,36,136,153,112,124,124,36,0,0,36,59,136,82,131,153,118,78,112,78,76,59,59,112,165,153,100,100,112,0,106,0,0,70,95,112,112,29,29,0,153,260,78,64,58,153,59,78,147,112,112,112,95,78,95,153,248,248,248,112,112,188,206,95,82,153,177,177,168,248,177,153,153,88,6,153,153,153,168,189,168,124,153,153,153,153,95,95,95,168,168,189,189,119,113,153,153,153,95,95,195,189,189,189,153,89,36,112,153,153,153
MYD17A2H.A2017201.h12v02.006.2017212213603.PsnNet_500m,MYD17A2H,A2017201,Lat65.9255Lon-137.4220833Samp13Line13,2017212213603,PsnNet_500m,87,134,64,65,32,32,32,52,32,32,32,32,41,74,65,52,52,52,238,71,32,47,52,32,11,11,79,97,112,74,101,101,71,59,16,11,11,11,51,101,101,26,60,60,65,65,65,32,32,122,122,80,42,42,74,0,0,32,32,32,122,135,103,112,113,32,0,0,32,51,122,76,118,135,107,71,103,72,71,51,51,103,148,135,91,91,103,0,97,0,0,65,85,101,101,26,26,0,135,230,72,59,52,137,51,71,133,103,101,101,85,72,85,137,220,220,220,103,103,168,183,85,74,137,160,160,146,220,162,138,135,80,6,136,137,137,146,173,146,112,138,138,138,136,85,85,85,146,146,165,165,106,104,138,138,138,85,85,175,166,165,165,138,80,32,104,138,138,138
MYD17A2H.A2017201.h12v02.006.2017212213603.Psn_QC_500m,MYD17A2H,A2017201,Lat65.9255Lon-137.4220833Samp13Line13,2017212213603,Psn_QC_500m,2,2,10,10,10,10,10,10,2,10,10,10,2,10,10,10,10,10,67,10,10,2,2,10,75,75,10,10,10,10,10,10,10,10,107,75,75,75,10,10,10,10,10,10,10,10,10,10,10,2,2,10,10,10,10,75,75,10,10,10,2,2,10,18,18,10,75,75,10,10,10,10,10,2,10,10,10,10,10,10,10,10,10,2,10,10,10,75,10,75,75,10,10,10,10,107,107,75,2,67,10,10,10,2,10,10,10,10,10,10,10,10,10,2,2,2,2,10,10,2,2,10,10,2,10,10,2,2,10,2,2,10,75,2,2,2,2,10,2,10,2,2,2,2,2,2,2,2,2,2,2,10,10,2,2,2,2,2,10,2,2,2,2,10,10,10,2,2,2
MYD17A2H.A2017209.h12v02.006.2017219145245.Gpp_500m,MYD17A2H,A2017209,Lat65.9255Lon-137.4220833Samp13Line13,2017219145245,Gpp_500m,82,131,91,82,131,82,41,131,285,131,41,82,132,171,131,99,99,91,171,185,185,131,131,74,82,97,212,228,91,91,82,171,185,131,65,91,41,211,325,212,211,82,131,131,131,41,41,48,173,244,368,375,131,48,99,212,132,82,82,211,350,383,383,456,505,64,212,132,132,132,375,449,449,449,537,456,432,432,82,132,301,301,431,431,513,431,441,441,432,392,398,269,309,400,456,449,449,432,398,398,368,344,367,384,521,521,456,474,449,449,368,368,367,367,367,384,351,441,398,375,375,368,398,375,433,335,344,375,384,398,392,416,416,441,441,433,392,367,367,384,432,432,398,473,433,368,368,489,489,433,392,398,398,384,407,398,384,449,489,489,456,449,449,426,384,384,398,398,391
MYD17A2H.A2017209.h12v02.006.2017219145245.PsnNet_500m,MYD17A2H,A2017209,Lat65.9255Lon-137.4220833Samp13Line13,2017219145245,PsnNet_500m,74,121,83,74,121,74,39,121,256,121,39,74,120,155,121,87,87,83,155,171,171,121,121,67,75,87,191,205,83,83,74,156,171,121,59,84,39,192,293,191,191,74,121,121,121,39,39,46,155,222,327,337,121,46,91,191,120,75,75,192,314,341,341,404,447,60,191,120,120,120,337,398,399,399,475,404,386,387,75,120,271,271,383,383,452,383,390,390,387,349,357,244,280,357,408,399,399,383,357,357,328,306,329,345,460,460,408,416,399,399,331,328,329,329,329,345,315,390,357,337,337,328,355,337,387,303,306,337,345,357,349,370,370,390,390,387,349,329,329,345,388,388,357,422,383,329,329,435,430,383,349,357,357,345,365,356,341,398,435,435,404,399,399,378,345,345,358,358,350
MYD17A2H.A2017209.h12v02.006.2017219145245.Psn_QC_500m,MYD17A2H,A2017209,Lat65.9255Lon-137.4220833Samp13Line13,2017219145245,Psn_QC_500m,2,2,18,2,2,10,2,2,2,2,2,2,2,2,2,2,2,2,2,2,2,2,2,10,10,2,2,2,2,2,2,2,2,2,2,10,2,2,2,2,2,2,2,2,2,2,2,10,2,2,2,2,2,10,10,2,2,2,2,2,2,2,2,2,2,10,2,2,2,2,2,2,2,2,2,2,2,2,10,2,2,2,2,2,2,2,2,2,2,2,2,2,2,2,2,2,2,2,2,2,2,2,2,2,2,2,2,2,2,2,2,2,2,2,2,2,2,2,2,2,2,2,2,2,2,2,2,2,2,2,2,2,2,2,2,2,2,2,2,2,2,2,2,2,2,2,2,2,2,2,2,18,18,2,2,2,2,2,2,2,2,2,2,2,2,2,2,2,2
MYD17A2H.A2017217.h12v02.006.2019121124514.Gpp_500m,MYD17A2H,A2017217,Lat65.9255Lon-137.4220833Samp13Line13,2019121124514,Gpp_500m,78,147,124,124,123,47,47,202,202,69,123,123,122,162,123,123,93,123,202,202,202,201,201,122,153,122,155,232,147,123,123,224,201,123,122,114,122,198,315,224,202,123,162,123,123,122,78,122,122,299,414,376,123,40,123,201,198,122,138,138,353,368,429,429,429,123,123,122,122,231,231,406,422,445,474,422,422,429,39,92,276,406,406,414,461,398,406,397,429,405,368,292,422,422,461,414,513,414,368,397,405,375,397,397,507,466,437,437,513,437,413,405,397,397,397,375,384,414,376,375,422,422,422,473,368,397,368,397,396,396,397,413,437,437,513,362,390,390,460,421,421,413,396,483,483,460,466,466,473,513,421,421,489,367,405,367,413,452,581,581,567,460,460,473,459,427,404,421,435
MYD17A2H.A2017217.h12v02.006.2019121124514.PsnNet_500m,MYD17A2H,A2017217,Lat65.9255Lon-137.4220833Samp13Line13,2019121124514,PsnNet_500m,70,132,113,113,113,41,41,179,179,61,113,113,110,144,113,113,81,113,179,179,179,179,179,110,137,110,141,206,131,113,113,198,179,113,110,105,110,178,274,198,179,113,144,113,113,110,70,110,110,263,358,328,113,35,113,179,178,110,124,124,308,320,371,371,371,113,112,110,110,205,205,351,366,381,404,362,362,370,35,80,243,351,351,358,397,346,351,346,370,350,319,263,366,366,397,358,435,358,319,346,350,328,346,346,433,400,377,378,435,372,358,353,346,346,346,327,334,358,328,324,366,366,366,404,319,346,319,346,346,346,346,362,378,378,431,315,339,339,396,366,359,358,349,412,412,392,400,399,405,435,366,366,415,319,349,319,358,388,482,482,474,396,396,404,396,371,349,366,377
MYD17A2H.A2017217.h12v02.006.2019121124514.Psn_QC_500m,MYD17A2H,A2017217,Lat65.9255Lon-137.4220833Samp13Line13,2019121124514,Psn_QC_500m,2,2,2,2,2,10,10,2,2,2,2,2,2,2,2,2,2,2,2,2,2,2,2,2,2,2,18,2,2,2,2,2,2,2,2,2,2,2,2,2,2,2,2,2,2,2,10,2,2,2,2,2,2,2,2,2,2,2,2,2,2,2,2,2,2,2,2,2,2,2,2,10,2,2,2,2,2,2,2,2,2,2,2,2,2,2,2,2,2,2,2,2,2,2,2,2,2,2,2,2,2,2,2,2,2,2,2,2,2,2,2,2,2,2,2,2,2,2,2,2,2,2,2,2,18,2,2,2,2,2,2,2,2,2,2,2,2,2,2,2,2,2,2,2,2,2,2,2,2,18,2,2,2,2,2,2,2,2,2,2,2,2,2,2,2,2,2,2,2
MYD17A2H.A2017225.h12v02.006.2017234043733.Gpp_500m,MYD17A2H,A2017225,Lat65.9255Lon-137.4220833Samp13Line13,2017234043733,Gpp_500m,57,62,57,42,78,57,57,72,72,72,57,62,90,89,83,68,62,42,51,57,62,144,72,73,83,83,83,72,78,51,134,151,115,89,90,90,37,64,110,78,89,110,89,115,116,73,83,83,90,110,225,219,84,84,84,69,68,83,90,83,158,257,262,236,226,57,51,83,83,162,200,200,194,267,267,241,241,241,52,74,74,232,262,262,226,262,262,226,226,226,241,200,217,274,274,252,252,252,217,217,226,220,220,217,310,267,267,316,267,267,236,241,241,184,184,217,226,241,241,220,220,252,241,241,173,162,168,217,217,285,204,226,226,252,257,258,241,241,237,220,220,289,290,267,267,226,226,300,267,342,342,275,300,290,310,331,267,267,288,288,362,352,325,342,310,310,268,275,310
MYD17A2H.A2017225.h12v02.006.2017234043733.PsnNet_500m,MYD17A2H,A2017225,Lat65.9255Lon-137.4220833Samp13Line13,2017234043733,PsnNet_500m,53,56,53,40,71,53,53,69,69,69,53,56,82,81,78,64,56,40,49,53,56,137,69,68,80,80,78,68,71,49,126,142,106,84,84,84,33,57,102,74,81,102,84,106,106,68,80,80,84,102,207,200,79,79,79,64,64,80,84,80,146,237,239,215,207,53,49,80,80,151,184,184,181,244,244,221,221,221,49,68,68,214,239,239,207,239,239,207,207,207,221,182,199,248,249,230,230,230,199,199,207,199,199,199,281,244,244,287,244,244,215,221,221,170,170,199,207,222,222,200,200,230,221,221,160,151,157,199,199,260,189,207,207,230,237,237,222,222,221,199,199,263,263,244,244,207,207,270,244,307,307,251,274,263,282,298,244,244,263,263,328,315,296,307,282,282,246,250,282
MYD17A2H.A2017225.h12v02.006.2017234043733.Psn_QC_500m,MYD17A2H,A2017225,Lat65.9255Lon-137.4220833Samp13Line13,2017234043733,Psn_QC_500m,18,18,18,10,10,10,10,10,10,10,18,10,10,10,10,18,18,10,10,10,10,10,10,10,10,10,18,18,10,10,10,10,2,10,10,10,2,2,10,10,2,10,10,2,2,10,10,2,10,2,2,2,10,10,10,10,10,10,10,2,2,2,10,2,2,10,10,10,10,10,10,10,2,2,2,2,2,2,10,18,10,10,2,2,2,2,2,2,2,2,2,18,2,2,2,18,2,2,2,2,2,2,2,2,2,2,2,18,2,2,2,2,2,2,2,2,2,2,2,2,2,2,2,2,18,2,2,2,2,10,2,2,2,2,2,2,2,2,10,2,2,10,10,2,2,2,2,2,2,10,10,10,2,2,2,10,2,2,2,2,10,2,2,2,2,2,2,18,18
MYD17A2H.A2017233.h12v02.006.2017242041611.Gpp_500m,MYD17A2H,A2017233,Lat65.9255Lon-137.4220833Samp13Line13,2017242041611,Gpp_500m,28,127,127,28,28,28,28,117,186,33,33,33,53,62,62,62,28,28,28,28,28,90,33,33,53,28,126,117,117,28,28,53,33,28,33,33,33,89,89,62,62,33,33,90,90,33,33,33,33,162,195,195,33,33,90,90,89,69,70,89,203,211,211,196,196,257,33,33,141,141,154,154,227,227,224,196,211,198,28,28,126,207,207,227,207,211,211,203,211,211,188,118,227,227,203,211,211,245,189,198,196,188,188,191,273,215,215,253,235,211,189,188,188,188,196,188,188,220,198,211,203,198,199,199,199,199,199,197,188,188,196,207,211,211,235,199,188,188,214,207,207,199,188,235,235,203,233,244,244,235,233,199,197,203,203,212,203,244,277,277,269,241,214,212,223,223,224,188,179
MYD17A2H.A2017233.h12v02.006.2017242041611.PsnNet_500m,MYD17A2H,A2017233,Lat65.9255Lon-137.4220833Samp13Line13,2017242041611,PsnNet_500m,26,115,115,26,26,26,26,109,164,29,29,29,48,56,56,56,26,26,26,26,26,83,29,30,48,26,115,109,109,26,26,48,29,26,30,30,30,83,83,56,56,29,29,83,83,30,30,30,30,148,175,175,29,29,83,83,83,64,64,83,182,188,188,175,175,210,29,30,130,130,139,139,205,205,198,175,188,182,26,26,115,186,185,205,186,188,188,183,188,188,170,108,204,204,183,188,188,218,170,182,175,170,170,175,240,195,195,224,211,188,170,170,170,170,175,170,170,198,181,188,183,182,182,182,181,181,181,175,170,170,175,186,188,188,211,181,170,170,194,186,186,180,170,211,211,183,207,218,218,211,207,181,175,184,184,190,183,218,243,243,235,213,194,190,198,198,198,170,161
MYD17A2H.A2017233.h12v02.006.2017242041611.Psn_QC_500m,MYD17A2H,A2017233,Lat65.9255Lon-137.4220833Samp13Line13,2017242041611,Psn_QC_500m,2,10,10,2,18,2,2,2,99,10,10,10,10,2,2,2,2,2,2,10,10,2,10,10,10,2,2,2,2,2,2,10,10,10,10,10,10,2,2,2,2,10,10,2,2,10,10,10,10,2,2,2,10,10,2,2,2,10,10,2,2,2,2,2,2,107,10,10,10,10,2,2,2,2,2,2,2,2,10,10,2,2,2,2,2,2,2,2,2,2,2,2,2,2,2,2,2,2,2,2,2,2,2,2,2,2,2,2,2,2,2,2,2,2,2,2,2,2,2,2,2,2,2,2,2,2,2,2,2,2,2,2,2,2,2,2,2,2,2,2,2,2,2,2,2,2,2,2,2,2,2,2,2,2,2,2,2,2,2,2,2,2,2,2,2,2,2,2,2
MYD17A2H.A2017241.h12v02.006.2017250180952.Gpp_500m,MYD17A2H,A2017241,Lat65.9255Lon-137.4220833Samp13Line13,2017250180952,Gpp_500m,27,45,46,53,43,27,43,73,73,23,40,53,53,53,53,43,43,43,27,23,23,50,46,46,28,50,73,73,43,23,27,50,27,36,36,40,50,72,90,73,73,23,27,50,27,27,28,50,50,103,127,127,53,27,27,27,27,36,43,97,142,155,155,162,146,27,27,28,56,72,148,169,169,162,172,149,118,103,56,56,103,103,169,169,175,172,160,118,118,118,103,103,119,162,200,175,172,175,118,118,103,116,160,160,212,187,169,179,179,175,160,136,136,146,146,154,149,166,153,153,175,172,128,128,118,116,143,146,146,154,135,127,179,172,172,118,116,169,155,155,154,136,144,196,172,126,126,138,202,196,196,155,154,144,154,154,176,176,201,196,188,188,173,154,176,155,155,146,194
MYD17A2H.A2017241.h12v02.006.2017250180952.PsnNet_500m,MYD17A2H,A2017241,Lat65.9255Lon-137.4220833Samp13Line13,2017250180952,PsnNet_500m,26,43,43,48,39,27,39,68,68,20,36,48,48,48,48,39,39,39,27,20,20,47,43,43,27,47,68,68,39,20,27,47,27,34,34,36,47,68,82,68,68,20,27,47,27,27,27,47,47,92,112,112,48,27,27,27,27,34,40,86,127,140,140,146,131,27,27,27,51,68,135,153,153,146,155,135,109,92,51,51,92,92,153,153,157,155,142,109,109,109,92,92,109,146,177,157,155,157,109,109,92,104,142,142,188,166,153,159,159,157,142,122,122,131,131,138,135,148,138,138,157,154,117,117,109,105,128,131,131,139,120,114,160,154,154,109,105,150,140,140,139,122,128,172,154,112,112,126,179,174,174,139,139,128,139,139,157,157,177,174,168,168,154,139,157,141,141,131,170
MYD17A2H.A2017241.h12v02.006.2017250180952.Psn_QC_500m,MYD17A2H,A2017241,Lat65.9255Lon-137.4220833Samp13Line13,2017250180952,Psn_QC_500m,10,10,10,10,2,10,2,2,2,2,10,10,10,10,10,2,2,2,10,2,2,2,10,10,10,2,2,2,10,2,10,2,10,10,10,10,2,18,18,2,2,2,10,2,10,10,10,2,18,2,2,2,10,10,10,10,10,2,10,18,2,2,2,18,2,10,10,10,18,18,18,18,18,2,18,2,2,2,18,18,2,2,18,18,18,18,2,2,2,2,2,10,2,18,18,18,18,2,2,2,2,2,2,2,18,18,18,18,18,2,2,2,2,2,2,2,2,18,18,18,2,2,2,2,2,2,2,2,2,2,2,2,2,2,2,18,2,2,2,2,2,2,2,2,2,2,2,2,2,2,2,2,2,2,2,2,2,2,2,2,2,2,2,2,2,2,2,2,2
MYD17A2H.A2017249.h12v02.006.2017262144740.Gpp_500m,MYD17A2H,A2017249,Lat65.9255Lon-137.4220833Samp13Line13,2017262144740,Gpp_500m,17,17,17,17,17,17,17,17,17,17,17,17,17,17,17,17,17,17,17,17,17,17,17,17,17,17,31,38,17,17,17,17,17,17,17,17,17,16,16,38,17,17,17,17,17,17,17,17,17,59,78,78,17,17,17,17,17,16,17,17,49,68,78,78,68,17,17,17,17,17,49,64,68,68,64,68,68,73,17,17,17,49,49,64,58,48,58,68,68,77,77,17,64,84,78,64,68,68,64,48,48,77,64,64,84,78,78,78,78,68,68,77,48,77,77,77,77,59,78,78,68,68,64,64,58,64,48,48,76,63,81,81,84,81,68,68,58,58,69,63,68,48,58,77,77,64,79,77,84,77,68,67,76,76,63,48,68,77,79,79,79,84,76,76,76,48,48,63,68
MYD17A2H.A2017249.h12v02.006.2017262144740.PsnNet_500m,MYD17A2H,A2017249,Lat65.9255Lon-137.4220833Samp13Line13,2017262144740,PsnNet_500m,16,16,16,16,16,16,16,16,16,16,16,16,16,16,16,16,16,16,16,16,16,16,16,16,16,16,28,32,16,16,16,16,16,16,16,16,16,14,13,32,16,16,16,16,16,16,16,16,16,54,68,68,16,16,16,16,16,14,16,16,44,59,68,68,59,16,16,16,16,16,44,55,59,59,55,59,59,66,16,16,16,44,44,55,50,44,50,59,59,68,68,16,55,73,68,55,59,59,55,44,44,68,55,55,73,68,68,68,68,59,59,68,44,68,68,68,68,54,68,68,59,59,55,55,50,55,44,44,68,55,72,72,74,72,59,59,50,50,61,55,59,44,50,68,68,55,70,68,73,68,59,59,68,68,55,44,59,68,70,70,70,72,68,68,68,44,44,55,59
MYD17A2H.A2017249.h12v02.006.2017262144740.Psn_QC_500m,MYD17A2H,A2017249,Lat65.9255Lon-137.4220833Samp13Line13,2017262144740,Psn_QC_500m,10,10,10,10,10,10,10,10,2,10,10,2,2,10,10,10,10,10,10,10,10,10,10,10,10,10,2,18,10,10,10,10,10,10,10,10,10,18,18,18,10,10,10,10,10,10,10,10,10,10,2,2,10,10,10,10,10,10,10,10,2,2,2,2,2,10,10,10,10,10,2,2,2,2,2,10,10,10,10,10,10,2,2,2,2,2,10,10,2,2,2,10,2,2,2,2,2,2,2,2,2,2,2,2,2,2,2,2,2,2,2,2,2,2,2,2,2,2,2,2,2,2,2,2,2,2,2,2,2,2,18,18,2,2,2,2,2,2,2,2,2,2,2,2,2,2,2,2,2,2,10,10,2,2,2,2,2,2,2,2,2,2,2,2,2,2,2,2,2
MYD17A2H.A2017257.h12v02.006.2017266043513.Gpp_500m,MYD17A2H,A2017257,Lat65.9255Lon-137.4220833Samp13Line13,2017266043513,Gpp_500m,19,19,19,19,19,19,19,19,19,19,19,15,39,49,33,33,19,19,19,19,19,26,26,15,19,26,33,33,19,19,19,19,64,27,19,15,19,19,19,19,19,19,19,19,19,19,19,19,19,19,68,68,19,19,19,19,19,19,19,19,33,87,87,87,77,19,19,19,19,33,33,65,87,87,64,64,64,87,19,19,59,59,68,68,64,68,68,68,77,77,77,19,77,95,77,77,87,87,64,64,77,77,77,77,107,87,87,99,99,80,80,68,68,77,85,68,77,80,68,77,87,87,87,77,77,85,85,68,68,77,68,87,87,90,77,87,77,77,75,91,77,77,77,105,95,77,105,113,113,105,99,68,68,64,84,36,77,87,108,108,105,105,102,91,91,68,77,77,77
MYD17A2H.A2017257.h12v02.006.2017266043513.PsnNet_500m,MYD17A2H,A2017257,Lat65.9255Lon-137.4220833Samp13Line13,2017266043513,PsnNet_500m,16,16,16,16,16,16,16,16,16,16,16,14,36,46,30,30,16,16,16,16,16,20,20,14,16,23,30,30,16,16,16,16,55,22,16,14,16,16,16,16,16,16,16,16,16,16,16,16,16,16,61,61,16,16,16,16,16,16,16,16,30,79,75,75,68,16,16,16,16,30,30,58,75,79,58,58,58,79,16,16,51,51,61,61,58,61,61,61,68,68,68,16,68,84,68,68,79,79,58,58,68,68,68,68,94,79,79,87,87,70,70,61,61,68,73,61,68,69,61,68,75,75,79,68,68,73,73,61,61,68,61,79,79,80,68,79,68,68,66,80,68,68,68,90,85,68,90,97,97,92,88,61,61,57,73,32,68,79,95,95,90,92,90,80,80,61,68,68,68
MYD17A2H.A2017257.h12v02.006.2017266043513.Psn_QC_500m,MYD17A2H,A2017257,Lat65.9255Lon-137.4220833Samp13Line13,2017266043513,Psn_QC_500m,10,10,10,10,10,10,10,10,10,10,10,18,10,10,2,2,10,10,10,10,10,10,10,2,10,10,2,2,10,10,10,10,99,10,10,2,10,10,10,10,10,10,10,10,10,10,10,10,10,10,2,2,10,10,10,10,10,10,10,10,2,2,2,2,2,10,10,10,10,2,2,2,2,2,2,2,2,2,10,10,2,2,2,2,2,2,2,2,2,2,2,10,2,2,2,2,2,2,2,2,2,2,2,2,2,2,2,2,2,2,2,2,2,2,2,2,2,2,2,2,2,2,2,2,2,2,2,2,2,2,2,2,2,2,2,2,2,2,18,2,2,2,2,2,2,2,2,2,2,2,2,2,2,2,2,10,2,2,2,2,2,2,2,2,2,2,2,2,2
MYD17A2H.A2017265.h12v02.006.2017276183011.Gpp_500m,MYD17A2H,A2017265,Lat65.9255Lon-137.4220833Samp13Line13,2017276183011,Gpp_500m,8,8,8,8,8,8,8,8,8,8,8,8,8,8,8,8,8,8,8,8,8,8,8,8,8,8,8,8,8,8,8,8,8,8,8,8,8,8,8,8,8,8,8,8,8,8,8,8,8,8,8,10,8,8,8,8,8,8,8,8,8,8,8,10,8,8,8,8,8,8,8,8,8,8,10,13,13,8,8,8,8,8,8,8,8,8,8,8,8,18,18,8,8,8,8,8,8,8,8,8,8,8,8,8,8,8,8,8,8,8,8,8,8,8,8,8,11,8,8,8,8,8,8,18,8,8,7,8,8,8,8,8,8,8,8,8,8,8,8,8,8,11,11,8,8,8,8,0,8,8,3,8,8,8,8,8,8,8,8,8,8,8,10,10,10,8,8,8,8
MYD17A2H.A2017265.h12v02.006.2017276183011.PsnNet_500m,MYD17A2H,A2017265,Lat65.9255Lon-137.4220833Samp13Line13,2017276183011,PsnNet_500m,8,8,8,8,8,8,8,8,8,8,8,8,8,8,8,8,8,8,8,8,8,8,8,8,8,8,8,8,8,8,8,8,8,8,8,8,8,8,8,8,8,8,8,8,8,8,8,8,8,8,8,8,8,8,8,8,8,8,8,8,8,8,8,10,8,8,8,8,8,8,8,8,8,8,9,10,10,8,8,8,8,8,8,8,8,8,8,8,8,18,18,8,8,8,8,8,8,8,8,8,8,8,8,8,8,8,8,8,8,8,8,8,8,8,8,8,10,8,8,8,8,8,8,16,8,8,3,8,7,8,8,8,8,8,8,7,7,8,8,8,8,10,10,8,8,8,8,0,8,8,2,8,7,7,7,8,8,8,8,8,8,8,8,8,9,7,7,8,8
MYD17A2H.A2017265.h12v02.006.2017276183011.Psn_QC_500m,MYD17A2H,A2017265,Lat65.9255Lon-137.4220833Samp13Line13,2017276183011,Psn_QC_500m,10,10,10,10,10,10,10,10,10,18,10,10,10,10,10,18,18,10,18,18,18,10,10,10,10,10,10,18,18,18,10,10,10,10,10,18,18,10,2,10,10,10,10,10,10,10,10,18,10,10,10,10,10,10,10,10,10,10,10,10,10,10,10,10,10,10,10,10,10,10,10,10,10,10,10,10,10,10,2,10,10,18,18,10,10,10,10,10,10,10,10,10,18,18,18,10,10,10,10,10,10,10,10,10,10,10,10,10,10,10,10,10,10,10,10,10,2,10,2,10,10,10,10,2,10,10,107,10,2,2,2,2,2,10,10,10,10,10,10,10,10,10,10,10,10,10,10,107,10,10,107,10,2,2,2,107,10,10,10,10,10,10,10,10,2,2,2,18,18
MYD17A2H.A2017273.h12v02.006.2017282044021.Gpp_500m,MYD17A2H,A2017273,Lat65.9255Lon-137.4220833Samp13Line13,2017282044021,Gpp_500m,7,17,7,7,17,17,17,0,2,0,5,5,3,17,2,2,7,7,0,17,7,7,2,2,3,3,17,9,9,7,17,17,5,3,3,3,3,3,22,18,7,14,14,5,17,17,3,3,4,17,17,35,7,7,21,21,17,3,7,7,41,28,28,28,28,17,11,0,0,28,2,17,28,28,7,17,17,18,2,2,17,28,17,8,7,17,17,17,10,28,8,22,28,28,17,11,28,17,17,17,22,22,28,28,24,30,17,17,24,24,17,7,22,28,28,28,17,11,11,28,28,28,8,17,17,17,28,17,17,28,17,17,28,28,28,17,28,11,11,28,28,17,17,22,28,28,28,32,30,30,23,17,12,12,22,17,28,24,30,30,28,30,28,28,28,11,17,17,28
MYD17A2H.A2017273.h12v02.006.2017282044021.PsnNet_500m,MYD17A2H,A2017273,Lat65.9255Lon-137.4220833Samp13Line13,2017282044021,PsnNet_500m,3,13,3,3,13,12,12,0,0,0,3,3,2,12,0,0,3,3,0,12,3,3,0,0,2,2,14,7,7,3,12,12,3,2,2,2,2,2,16,13,3,10,10,3,12,12,2,2,3,14,14,23,3,3,16,16,12,2,3,4,27,20,20,20,20,11,10,0,0,20,0,14,20,20,4,14,14,14,0,0,11,20,14,5,4,14,14,14,7,20,5,17,20,20,14,10,20,14,14,14,18,18,20,20,20,22,14,14,20,20,14,4,18,20,20,20,14,10,10,20,20,20,7,14,14,14,20,14,14,20,14,14,20,20,20,14,20,10,9,20,20,14,14,18,20,20,20,27,22,22,20,14,10,10,16,14,20,20,22,22,20,22,20,20,20,9,14,14,20
MYD17A2H.A2017273.h12v02.006.2017282044021.Psn_QC_500m,MYD17A2H,A2017273,Lat65.9255Lon-137.4220833Samp13Line13,2017282044021,Psn_QC_500m,2,67,2,2,83,83,83,75,75,75,75,75,75,67,75,75,2,2,75,75,75,75,75,75,75,75,2,83,83,2,75,75,75,75,75,75,75,75,75,75,2,75,75,75,75,75,75,75,75,2,2,75,75,2,75,75,75,75,75,75,75,2,2,2,2,75,75,75,75,75,75,2,2,2,75,2,2,67,75,75,75,75,2,75,75,2,2,2,75,2,75,75,2,2,2,2,2,2,2,2,2,2,2,2,2,2,2,2,2,2,2,75,2,2,2,2,2,2,2,2,2,2,75,2,2,2,2,2,2,2,2,2,2,2,2,2,2,75,75,2,2,2,2,2,2,2,2,2,2,2,2,2,75,75,75,2,2,2,2,2,2,2,2,2,2,75,2,2,2
MYD17A2H.A2017281.h12v02.006.2017290134720.Gpp_500m,MYD17A2H,A2017281,Lat65.9255Lon-137.4220833Samp13Line13,2017290134720,Gpp_500m,0,0,0,0,0,0,0,0,0,18,0,0,0,0,0,0,0,0,0,0,0,0,0,0,0,0,0,0,0,0,0,0,0,0,0,0,0,0,0,0,0,0,0,0,0,0,0,0,0,0,0,0,0,0,0,0,0,0,0,0,0,0,0,0,0,0,0,0,0,0,0,0,0,0,0,0,18,0,0,0,0,0,0,0,0,0,0,0,0,0,0,0,0,0,0,0,0,0,0,0,0,0,0,0,0,0,0,0,0,0,0,0,0,0,0,0,0,0,0,0,0,0,0,0,0,0,0,0,0,0,0,0,0,0,0,0,0,0,0,0,0,0,0,0,0,0,7,0,0,0,0,0,0,0,0,0,0,7,0,0,0,0,0,0,0,0,0,0,0
MYD17A2H.A2017281.h12v02.006.2017290134720.PsnNet_500m,MYD17A2H,A2017281,Lat65.9255Lon-137.4220833Samp13Line13,2017290134720,PsnNet_500m,0,0,0,0,0,0,0,0,0,-30,0,0,0,0,0,0,0,0,0,0,0,0,0,0,0,0,0,0,0,0,0,0,0,0,0,0,0,0,0,0,0,0,0,0,0,0,0,0,0,0,0,0,0,0,0,0,0,0,0,0,0,0,0,0,0,0,0,0,0,0,0,0,0,0,0,0,-29,0,0,0,0,0,0,0,0,0,0,0,0,0,0,0,0,0,0,0,0,0,0,0,0,0,0,0,0,0,0,0,0,0,0,0,0,0,0,0,0,0,0,0,0,0,0,0,0,0,0,0,0,0,0,0,0,0,0,0,0,0,0,0,0,0,0,0,0,0,2,0,0,0,0,0,0,0,0,0,0,2,0,0,0,0,0,0,0,0,0,0,0
MYD17A2H.A2017281.h12v02.006.2017290134720.Psn_QC_500m,MYD17A2H,A2017281,Lat65.9255Lon-137.4220833Samp13Line13,2017290134720,Psn_QC_500m,67,67,67,67,75,75,75,75,67,75,75,83,75,67,67,67,75,75,75,75,67,75,75,75,75,75,67,67,67,67,67,75,75,75,75,75,75,75,67,67,67,75,75,67,75,75,75,75,75,67,67,67,67,67,67,75,75,75,75,75,75,67,67,67,67,67,75,75,75,67,75,67,67,67,67,67,67,75,75,75,67,67,75,75,67,67,75,75,75,75,75,75,67,75,75,83,83,83,83,75,75,75,83,83,75,75,83,83,83,75,75,75,75,75,67,67,67,75,75,75,75,75,75,75,75,67,67,67,67,67,75,75,75,75,75,75,67,67,75,75,67,67,75,75,75,75,75,75,75,75,75,75,67,75,83,83,75,75,75,75,75,75,75,83,83,83,83,83,75
MYD17A2H.A2017289.h12v02.006.2017298043629.Gpp_500m,MYD17A2H,A2017289,Lat65.9255Lon-137.4220833Samp13Line13,2017298043629,Gpp_500m,0,0,0,0,0,0,0,0,0,0,0,0,0,0,0,0,0,0,0,0,0,0,0,0,0,0,0,0,0,0,0,0,0,0,0,0,0,0,0,0,0,0,0,0,0,0,0,0,0,0,0,0,0,0,0,0,0,0,0,0,0,0,0,0,0,0,0,0,0,0,0,0,0,0,0,0,0,0,0,0,0,0,0,0,0,0,0,0,0,0,0,0,0,0,0,0,0,0,0,0,0,0,0,0,0,0,0,0,0,0,0,0,0,0,0,0,0,0,0,0,0,0,0,0,0,0,0,0,0,0,0,0,0,0,0,0,0,0,0,0,0,0,0,0,0,0,0,0,0,0,0,0,0,0,0,0,0,0,0,0,0,0,0,0,0,0,0,0,0
MYD17A2H.A2017289.h12v02.006.2017298043629.PsnNet_500m,MYD17A2H,A2017289,Lat65.9255Lon-137.4220833Samp13Line13,2017298043629,PsnNet_500m,0,0,0,0,0,0,0,0,0,0,0,0,0,0,0,0,0,0,0,0,0,0,0,0,0,0,0,0,0,0,0,0,0,0,0,0,0,0,0,0,0,0,0,0,0,0,0,0,0,0,0,0,0,0,0,0,0,0,0,0,0,0,0,0,0,0,0,0,0,0,0,0,0,0,0,0,0,0,0,0,0,0,0,0,0,0,0,0,0,0,0,0,0,0,0,0,0,0,0,0,0,0,0,0,0,0,0,0,0,0,0,0,0,0,0,0,0,0,0,0,0,0,0,0,0,0,0,0,0,0,0,0,0,0,0,0,0,0,0,0,0,0,0,0,0,0,0,0,0,0,0,0,0,0,0,0,0,0,0,0,0,0,0,0,0,0,0,0,0
MYD17A2H.A2017289.h12v02.006.2017298043629.Psn_QC_500m,MYD17A2H,A2017289,Lat65.9255Lon-137.4220833Samp13Line13,2017298043629,Psn_QC_500m,75,75,75,75,75,75,75,75,75,75,75,75,75,75,75,75,75,75,75,75,75,75,75,75,75,75,75,75,75,75,75,75,75,75,75,75,75,75,75,75,75,75,75,75,75,75,75,75,75,75,75,75,75,75,75,75,75,75,75,75,75,75,75,75,75,75,75,75,75,75,75,75,75,75,75,75,75,75,75,75,75,75,75,75,75,75,75,75,67,67,75,75,75,75,75,75,75,75,75,67,67,75,75,75,75,75,75,75,75,75,75,75,75,75,75,75,75,75,75,75,75,75,67,75,75,75,75,75,75,75,75,67,67,67,67,75,75,67,67,75,75,75,75,67,75,67,67,67,67,67,67,75,75,75,75,75,67,67,67,67,67,67,75,75,75,75,75,75,75
MYD17A2H.A2017297.h12v02.006.2017310201930.Gpp_500m,MYD17A2H,A2017297,Lat65.9255Lon-137.4220833Samp13Line13,2017310201930,Gpp_500m,0,0,0,0,0,0,0,0,0,0,0,0,0,0,0,0,0,0,0,0,0,0,0,0,0,0,0,0,0,0,0,0,0,0,0,0,0,0,0,0,0,0,0,0,0,0,0,0,0,0,0,0,0,0,0,0,0,0,0,0,0,0,0,0,0,0,0,0,0,0,0,0,0,0,0,0,0,0,0,0,0,0,0,0,0,0,0,0,0,0,0,0,0,0,0,0,0,0,0,0,0,0,0,0,0,0,0,0,0,0,0,0,0,0,0,0,0,0,0,0,0,0,0,0,0,0,0,0,0,0,0,0,0,0,0,0,0,0,0,0,0,0,0,0,0,0,0,0,0,0,0,0,0,0,0,0,0,0,0,0,0,0,0,0,0,0,0,0,0
MYD17A2H.A2017297.h12v02.006.2017310201930.PsnNet_500m,MYD17A2H,A2017297,Lat65.9255Lon-137.4220833Samp13Line13,2017310201930,PsnNet_500m,0,0,0,0,0,0,0,0,0,0,0,0,0,0,0,0,0,0,0,0,0,0,0,0,0,0,0,0,0,0,0,0,0,0,0,0,0,0,0,0,0,0,0,0,0,0,0,0,0,0,0,0,0,0,0,0,0,0,0,0,0,0,0,0,0,0,0,0,0,0,0,0,0,0,0,0,0,0,0,0,0,0,0,0,0,0,0,0,0,0,0,0,0,0,0,0,0,0,0,0,0,0,0,0,0,0,0,0,0,0,0,0,0,0,0,0,0,0,0,0,0,0,0,0,0,0,0,0,0,0,0,0,0,0,0,0,0,0,0,0,0,0,0,0,0,0,0,0,0,0,0,0,0,0,0,0,0,0,0,0,0,0,0,0,0,0,0,0,0
MYD17A2H.A2017297.h12v02.006.2017310201930.Psn_QC_500m,MYD17A2H,A2017297,Lat65.9255Lon-137.4220833Samp13Line13,2017310201930,Psn_QC_500m,67,67,67,67,67,67,67,75,75,75,67,67,75,75,67,75,75,67,75,75,67,67,75,75,67,75,67,67,67,67,67,67,67,67,67,75,67,67,67,67,67,67,67,75,67,75,67,67,67,67,75,67,75,75,75,67,67,67,67,67,67,67,67,67,67,67,67,67,67,75,67,67,67,67,67,67,67,67,67,75,67,67,67,75,67,67,67,67,67,67,67,75,67,67,67,75,67,67,67,67,67,67,67,67,67,67,67,67,67,67,67,67,67,67,67,67,67,67,67,67,67,67,67,67,67,67,67,67,67,67,67,67,67,67,67,67,67,67,75,75,67,67,67,67,67,67,67,67,67,67,67,67,67,67,67,67,67,67,67,67,67,67,67,67,67,67,67,67,67
MYD17A2H.A2017305.h12v02.006.2017314034612.Gpp_500m,MYD17A2H,A2017305,Lat65.9255Lon-137.4220833Samp13Line13,2017314034612,Gpp_500m,0,0,0,0,0,0,0,0,0,0,0,0,0,0,0,0,0,0,0,0,0,0,0,0,0,0,0,0,0,0,0,0,0,0,0,0,0,0,0,0,0,0,0,0,0,0,0,0,0,0,0,0,0,0,0,0,0,0,0,0,0,0,0,0,0,0,0,0,0,0,0,0,0,0,0,0,0,0,0,0,0,0,0,0,0,0,0,0,0,0,0,0,0,0,0,0,0,0,0,0,0,0,0,0,0,0,0,0,0,0,0,0,0,0,0,0,0,0,0,0,0,0,0,0,0,0,0,0,0,0,0,0,0,0,0,0,0,0,0,0,0,0,0,0,0,0,0,0,0,0,0,0,0,0,0,0,0,0,0,0,0,0,0,0,0,0,0,0,0
MYD17A2H.A2017305.h12v02.006.2017314034612.PsnNet_500m,MYD17A2H,A2017305,Lat65.9255Lon-137.4220833Samp13Line13,2017314034612,PsnNet_500m,0,0,0,0,0,0,0,0,0,0,0,0,0,0,0,0,0,0,0,0,0,0,0,0,0,0,0,0,0,0,0,0,0,0,0,0,0,0,0,0,0,0,0,0,0,0,0,0,0,0,0,0,0,0,0,0,0,0,0,0,0,0,0,0,0,0,0,0,0,0,0,0,0,0,0,0,0,0,0,0,0,0,0,0,0,0,0,0,0,0,0,0,0,0,0,0,0,0,0,0,0,0,0,0,0,0,0,0,0,0,0,0,0,0,0,0,0,0,0,0,0,0,0,0,0,0,0,0,0,0,0,0,0,0,0,0,0,0,0,0,0,0,0,0,0,0,0,0,0,0,0,0,0,0,0,0,0,0,0,0,0,0,0,0,0,0,0,0,0
MYD17A2H.A2017305.h12v02.006.2017314034612.Psn_QC_500m,MYD17A2H,A2017305,Lat65.9255Lon-137.4220833Samp13Line13,2017314034612,Psn_QC_500m,75,67,67,75,75,75,75,75,75,75,75,67,67,67,75,75,75,75,75,75,75,75,67,67,67,67,75,67,83,67,67,75,75,67,67,67,67,67,67,67,75,75,67,67,75,67,67,67,67,67,75,67,67,67,67,75,75,67,67,67,67,67,67,67,67,67,67,67,67,67,67,75,67,67,67,75,75,67,67,67,67,67,75,75,75,75,75,67,67,75,67,67,75,75,75,67,67,67,67,75,75,75,67,67,75,75,75,67,75,75,75,67,67,67,75,75,75,75,67,67,75,67,67,67,67,67,75,75,67,67,67,67,67,67,67,75,67,67,67,67,67,75,67,75,75,75,75,67,67,67,67,67,75,67,75,75,75,75,67,67,75,67,75,75,75,67,67,67,67
MYD17A2H.A2017313.h12v02.006.2017325172811.Gpp_500m,MYD17A2H,A2017313,Lat65.9255Lon-137.4220833Samp13Line13,2017325172811,Gpp_500m,0,0,0,0,0,0,0,0,0,0,0,0,0,0,0,0,0,0,0,0,0,0,0,0,0,0,0,0,0,0,0,0,0,0,0,0,0,0,0,0,0,0,0,0,0,0,0,0,0,0,0,0,0,0,0,0,0,0,0,0,0,0,0,0,0,0,0,0,0,0,0,0,0,0,0,0,0,0,0,0,0,0,0,0,0,0,0,0,0,0,0,0,0,0,0,0,0,0,0,0,0,0,0,0,0,0,0,0,0,0,0,0,0,0,0,0,0,0,0,0,0,0,0,0,0,0,0,0,0,0,0,0,0,0,0,0,0,0,0,0,0,0,0,0,0,0,0,0,0,0,0,0,0,0,0,0,0,0,0,0,0,0,0,0,0,0,0,0,0
MYD17A2H.A2017313.h12v02.006.2017325172811.PsnNet_500m,MYD17A2H,A2017313,Lat65.9255Lon-137.4220833Samp13Line13,2017325172811,PsnNet_500m,0,0,0,0,0,0,0,0,0,0,0,0,0,0,0,0,0,0,0,0,0,0,0,0,0,0,0,0,0,0,0,0,0,0,0,0,0,0,0,0,0,0,0,0,0,0,0,0,0,0,0,0,0,0,0,0,0,0,0,0,0,0,0,0,0,0,0,0,0,0,0,0,0,0,0,0,0,0,0,0,0,0,0,0,0,0,0,0,0,0,0,0,0,0,0,0,0,0,0,0,0,0,0,0,0,0,0,0,0,0,0,0,0,0,0,0,0,0,0,0,0,0,0,0,0,0,0,0,0,0,0,0,0,0,0,0,0,0,0,0,0,0,0,0,0,0,0,0,0,0,0,0,0,0,0,0,0,0,0,0,0,0,0,0,0,0,0,0,0
MYD17A2H.A2017313.h12v02.006.2017325172811.Psn_QC_500m,MYD17A2H,A2017313,Lat65.9255Lon-137.4220833Samp13Line13,2017325172811,Psn_QC_500m,75,75,75,75,75,75,75,75,75,75,75,75,75,75,75,75,75,75,75,75,75,75,75,75,75,75,75,75,75,75,75,75,75,75,75,75,75,75,75,75,75,75,75,75,75,75,75,75,75,75,75,75,75,75,75,75,75,75,75,75,75,75,75,75,75,75,75,75,75,75,75,75,75,75,75,75,75,75,75,75,75,75,75,75,75,75,75,75,75,75,75,75,75,75,75,75,75,75,75,75,75,75,75,75,75,75,75,75,75,75,75,75,75,75,75,75,75,75,75,75,75,75,75,75,75,75,75,75,75,75,75,75,67,75,75,75,75,67,75,75,75,75,75,67,75,75,67,67,67,67,75,75,75,75,75,75,75,67,67,67,67,67,67,67,67,75,75,75,75
MYD17A2H.A2017321.h12v02.006.2017331221216.Gpp_500m,MYD17A2H,A2017321,Lat65.9255Lon-137.4220833Samp13Line13,2017331221216,Gpp_500m,0,0,0,0,0,0,0,0,0,0,0,0,0,0,0,0,0,0,0,0,0,0,0,0,0,0,0,0,0,0,0,0,0,0,0,0,0,0,0,0,0,0,0,0,0,0,0,0,0,0,0,0,0,0,0,0,0,0,0,0,0,0,0,0,0,0,0,0,0,0,0,0,0,0,0,0,0,0,0,0,0,0,0,0,0,0,0,0,0,0,0,0,0,0,0,0,0,0,0,0,0,0,0,0,0,0,0,0,0,0,0,0,0,0,0,0,0,0,0,0,0,0,0,0,0,0,0,0,0,0,0,0,0,0,0,0,0,0,0,0,0,0,0,0,0,0,0,0,0,0,0,0,0,0,0,0,0,0,0,0,0,0,0,0,0,0,0,0,0
MYD17A2H.A2017321.h12v02.006.2017331221216.PsnNet_500m,MYD17A2H,A2017321,Lat65.9255Lon-137.4220833Samp13Line13,2017331221216,PsnNet_500m,0,0,0,0,0,0,0,0,0,0,0,0,0,0,0,0,0,0,0,0,0,0,0,0,0,0,0,0,0,0,0,0,0,0,0,0,0,0,0,0,0,0,0,0,0,0,0,0,0,0,0,0,0,0,0,0,0,0,0,0,0,0,0,0,0,0,0,0,0,0,0,0,0,0,0,0,0,0,0,0,0,0,0,0,0,0,0,0,0,0,0,0,0,0,0,0,0,0,0,0,0,0,0,0,0,0,0,0,0,0,0,0,0,0,0,0,0,0,0,0,0,0,0,0,0,0,0,0,0,0,0,0,0,0,0,0,0,0,0,0,0,0,0,0,0,0,0,0,0,0,0,0,0,0,0,0,0,0,0,0,0,0,0,0,0,0,0,0,0
MYD17A2H.A2017321.h12v02.006.2017331221216.Psn_QC_500m,MYD17A2H,A2017321,Lat65.9255Lon-137.4220833Samp13Line13,2017331221216,Psn_QC_500m,75,75,75,75,75,75,75,83,83,83,83,75,75,75,75,75,75,75,75,83,75,75,75,83,75,75,75,75,75,75,83,83,75,75,75,75,75,75,75,75,75,75,75,75,75,75,75,75,75,75,75,75,75,75,75,75,75,75,75,75,75,75,75,75,75,75,75,75,75,75,75,75,75,75,75,75,75,75,75,75,75,75,75,75,75,75,75,75,75,75,75,75,75,75,75,67,75,75,75,75,75,75,75,75,75,75,75,83,75,75,75,75,75,75,75,75,75,83,83,75,75,75,75,75,75,75,75,75,75,75,75,75,75,75,75,75,75,75,75,75,75,75,75,75,75,75,75,75,75,75,75,75,75,75,75,75,75,75,75,75,75,75,75,75,75,75,75,75,75
MYD17A2H.A2017329.h12v02.006.2017341201154.Gpp_500m,MYD17A2H,A2017329,Lat65.9255Lon-137.4220833Samp13Line13,2017341201154,Gpp_500m,32767,32767,32767,32767,32767,32767,32767,32767,32767,32767,32767,32767,32767,32767,32767,32767,32767,32767,32767,32767,32767,32767,32767,32767,32767,32767,32767,32767,32767,32767,32767,32767,32767,32767,32767,32767,32767,32767,32767,32767,32767,32767,32767,32767,32767,32767,32767,32767,32767,32767,32767,32767,32767,32767,32767,32767,32767,32767,32767,32767,32767,32767,32767,32767,32767,32767,32767,32767,32767,32767,32767,32767,32767,32767,32767,32767,32767,32767,32767,32767,32767,32767,32767,32767,32767,32767,32767,32767,32767,32767,32767,32767,32767,32767,32767,32767,32767,32767,32767,32767,32767,32767,32767,32767,32767,32767,32767,32767,32767,32767,32767,32767,32767,32767,32767,32767,32767,32767,32767,32767,32767,32767,32767,32767,32767,32767,32767,32767,32767,32767,32767,32767,32767,32767,32767,32767,32767,32767,32767,32767,32767,32767,32767,32767,32767,32767,32767,32767,32767,32767,32767,32767,32767,32767,32767,32767,32767,32767,32767,32767,32767,32767,32767,32767,32767,32767,32767,32767,32767
MYD17A2H.A2017329.h12v02.006.2017341201154.PsnNet_500m,MYD17A2H,A2017329,Lat65.9255Lon-137.4220833Samp13Line13,2017341201154,PsnNet_500m,32767,32767,32767,32767,32767,32767,32767,32767,32767,32767,32767,32767,32767,32767,32767,32767,32767,32767,32767,32767,32767,32767,32767,32767,32767,32767,32767,32767,32767,32767,32767,32767,32767,32767,32767,32767,32767,32767,32767,32767,32767,32767,32767,32767,32767,32767,32767,32767,32767,32767,32767,32767,32767,32767,32767,32767,32767,32767,32767,32767,32767,32767,32767,32767,32767,32767,32767,32767,32767,32767,32767,32767,32767,32767,32767,32767,32767,32767,32767,32767,32767,32767,32767,32767,32767,32767,32767,32767,32767,32767,32767,32767,32767,32767,32767,32767,32767,32767,32767,32767,32767,32767,32767,32767,32767,32767,32767,32767,32767,32767,32767,32767,32767,32767,32767,32767,32767,32767,32767,32767,32767,32767,32767,32767,32767,32767,32767,32767,32767,32767,32767,32767,32767,32767,32767,32767,32767,32767,32767,32767,32767,32767,32767,32767,32767,32767,32767,32767,32767,32767,32767,32767,32767,32767,32767,32767,32767,32767,32767,32767,32767,32767,32767,32767,32767,32767,32767,32767,32767
MYD17A2H.A2017329.h12v02.006.2017341201154.Psn_QC_500m,MYD17A2H,A2017329,Lat65.9255Lon-137.4220833Samp13Line13,2017341201154,Psn_QC_500m,255,255,255,255,255,255,255,255,255,255,255,255,255,255,255,255,255,255,255,255,255,255,255,255,255,255,255,255,255,255,255,255,255,255,255,255,255,255,255,255,255,255,255,255,255,255,255,255,255,255,255,255,255,255,255,255,255,255,255,255,255,255,255,255,255,255,255,255,255,255,255,255,255,255,255,255,255,255,255,255,255,255,255,255,255,255,255,255,255,255,255,255,255,255,255,255,255,255,255,255,255,255,255,255,255,255,255,255,255,255,255,255,255,255,255,255,255,255,255,255,255,255,255,255,255,255,255,255,255,255,255,255,255,255,255,255,255,255,255,255,255,255,255,255,255,255,255,255,255,255,255,255,255,255,255,255,255,255,255,255,255,255,255,255,255,255,255,255,255
MYD17A2H.A2017337.h12v02.006.2017346041754.Gpp_500m,MYD17A2H,A2017337,Lat65.9255Lon-137.4220833Samp13Line13,2017346041754,Gpp_500m,32767,32767,32767,32767,32767,32767,32767,32767,32767,32767,32767,32767,32767,32767,32767,32767,32767,32767,32767,32767,32767,32767,32767,32767,32767,32767,32767,32767,32767,32767,32767,32767,32767,32767,32767,32767,32767,32767,32767,32767,32767,32767,32767,32767,32767,32767,32767,32767,32767,32767,32767,32767,32767,32767,32767,32767,32767,32767,32767,32767,32767,32767,32767,32767,32767,32767,32767,32767,32767,32767,32767,32767,32767,32767,32767,32767,32767,32767,32767,32767,32767,32767,32767,32767,32767,32767,32767,32767,32767,32767,32767,32767,32767,32767,32767,32767,32767,32767,32767,32767,32767,32767,32767,32767,32767,32767,32767,32767,32767,32767,32767,32767,32767,32767,32767,32767,32767,32767,32767,32767,32767,32767,32767,32767,32767,32767,32767,32767,32767,32767,32767,32767,32767,32767,32767,32767,32767,32767,32767,32767,32767,32767,32767,32767,32767,32767,32767,32767,32767,32767,32767,32767,32767,32767,32767,32767,32767,32767,32767,32767,32767,32767,32767,32767,32767,32767,32767,32767,32767
MYD17A2H.A2017337.h12v02.006.2017346041754.PsnNet_500m,MYD17A2H,A2017337,Lat65.9255Lon-137.4220833Samp13Line13,2017346041754,PsnNet_500m,32767,32767,32767,32767,32767,32767,32767,32767,32767,32767,32767,32767,32767,32767,32767,32767,32767,32767,32767,32767,32767,32767,32767,32767,32767,32767,32767,32767,32767,32767,32767,32767,32767,32767,32767,32767,32767,32767,32767,32767,32767,32767,32767,32767,32767,32767,32767,32767,32767,32767,32767,32767,32767,32767,32767,32767,32767,32767,32767,32767,32767,32767,32767,32767,32767,32767,32767,32767,32767,32767,32767,32767,32767,32767,32767,32767,32767,32767,32767,32767,32767,32767,32767,32767,32767,32767,32767,32767,32767,32767,32767,32767,32767,32767,32767,32767,32767,32767,32767,32767,32767,32767,32767,32767,32767,32767,32767,32767,32767,32767,32767,32767,32767,32767,32767,32767,32767,32767,32767,32767,32767,32767,32767,32767,32767,32767,32767,32767,32767,32767,32767,32767,32767,32767,32767,32767,32767,32767,32767,32767,32767,32767,32767,32767,32767,32767,32767,32767,32767,32767,32767,32767,32767,32767,32767,32767,32767,32767,32767,32767,32767,32767,32767,32767,32767,32767,32767,32767,32767
MYD17A2H.A2017337.h12v02.006.2017346041754.Psn_QC_500m,MYD17A2H,A2017337,Lat65.9255Lon-137.4220833Samp13Line13,2017346041754,Psn_QC_500m,255,255,255,255,255,255,255,255,255,255,255,255,255,255,255,255,255,255,255,255,255,255,255,255,255,255,255,255,255,255,255,255,255,255,255,255,255,255,255,255,255,255,255,255,255,255,255,255,255,255,255,255,255,255,255,255,255,255,255,255,255,255,255,255,255,255,255,255,255,255,255,255,255,255,255,255,255,255,255,255,255,255,255,255,255,255,255,255,255,255,255,255,255,255,255,255,255,255,255,255,255,255,255,255,255,255,255,255,255,255,255,255,255,255,255,255,255,255,255,255,255,255,255,255,255,255,255,255,255,255,255,255,255,255,255,255,255,255,255,255,255,255,255,255,255,255,255,255,255,255,255,255,255,255,255,255,255,255,255,255,255,255,255,255,255,255,255,255,255
MYD17A2H.A2017345.h12v02.006.2017354035953.Gpp_500m,MYD17A2H,A2017345,Lat65.9255Lon-137.4220833Samp13Line13,2017354035953,Gpp_500m,32767,32767,32767,32767,32767,32767,32767,32767,32767,32767,32767,32767,32767,32767,32767,32767,32767,32767,32767,32767,32767,32767,32767,32767,32767,32767,32767,32767,32767,32767,32767,32767,32767,32767,32767,32767,32767,32767,32767,32767,32767,32767,32767,32767,32767,32767,32767,32767,32767,32767,32767,32767,32767,32767,32767,32767,32767,32767,32767,32767,32767,32767,32767,32767,32767,32767,32767,32767,32767,32767,32767,32767,32767,32767,32767,32767,32767,32767,32767,32767,32767,32767,32767,32767,32767,32767,32767,32767,32767,32767,32767,32767,32767,32767,32767,32767,32767,32767,32767,32767,32767,32767,32767,32767,32767,32767,32767,32767,32767,32767,32767,32767,32767,32767,32767,32767,32767,32767,32767,32767,32767,32767,32767,32767,32767,32767,32767,32767,32767,32767,32767,32767,32767,32767,32767,32767,32767,32767,32767,32767,32767,32767,32767,32767,32767,32767,32767,32767,32767,32767,32767,32767,32767,32767,32767,32767,32767,32767,32767,32767,32767,32767,32767,32767,32767,32767,32767,32767,32767
MYD17A2H.A2017345.h12v02.006.2017354035953.PsnNet_500m,MYD17A2H,A2017345,Lat65.9255Lon-137.4220833Samp13Line13,2017354035953,PsnNet_500m,32767,32767,32767,32767,32767,32767,32767,32767,32767,32767,32767,32767,32767,32767,32767,32767,32767,32767,32767,32767,32767,32767,32767,32767,32767,32767,32767,32767,32767,32767,32767,32767,32767,32767,32767,32767,32767,32767,32767,32767,32767,32767,32767,32767,32767,32767,32767,32767,32767,32767,32767,32767,32767,32767,32767,32767,32767,32767,32767,32767,32767,32767,32767,32767,32767,32767,32767,32767,32767,32767,32767,32767,32767,32767,32767,32767,32767,32767,32767,32767,32767,32767,32767,32767,32767,32767,32767,32767,32767,32767,32767,32767,32767,32767,32767,32767,32767,32767,32767,32767,32767,32767,32767,32767,32767,32767,32767,32767,32767,32767,32767,32767,32767,32767,32767,32767,32767,32767,32767,32767,32767,32767,32767,32767,32767,32767,32767,32767,32767,32767,32767,32767,32767,32767,32767,32767,32767,32767,32767,32767,32767,32767,32767,32767,32767,32767,32767,32767,32767,32767,32767,32767,32767,32767,32767,32767,32767,32767,32767,32767,32767,32767,32767,32767,32767,32767,32767,32767,32767
MYD17A2H.A2017345.h12v02.006.2017354035953.Psn_QC_500m,MYD17A2H,A2017345,Lat65.9255Lon-137.4220833Samp13Line13,2017354035953,Psn_QC_500m,255,255,255,255,255,255,255,255,255,255,255,255,255,255,255,255,255,255,255,255,255,255,255,255,255,255,255,255,255,255,255,255,255,255,255,255,255,255,255,255,255,255,255,255,255,255,255,255,255,255,255,255,255,255,255,255,255,255,255,255,255,255,255,255,255,255,255,255,255,255,255,255,255,255,255,255,255,255,255,255,255,255,255,255,255,255,255,255,255,255,255,255,255,255,255,255,255,255,255,255,255,255,255,255,255,255,255,255,255,255,255,255,255,255,255,255,255,255,255,255,255,255,255,255,255,255,255,255,255,255,255,255,255,255,255,255,255,255,255,255,255,255,255,255,255,255,255,255,255,255,255,255,255,255,255,255,255,255,255,255,255,255,255,255,255,255,255,255,255
MYD17A2H.A2017353.h12v02.006.2017362044812.Gpp_500m,MYD17A2H,A2017353,Lat65.9255Lon-137.4220833Samp13Line13,2017362044812,Gpp_500m,32767,32767,32767,32767,32767,32767,32767,32767,32767,32767,32767,32767,32767,32767,32767,32767,32767,32767,32767,32767,32767,32767,32767,32767,32767,32767,32767,32767,32767,32767,32767,32767,32767,32767,32767,32767,32767,32767,32767,32767,32767,32767,32767,32767,32767,32767,32767,32767,32767,32767,32767,32767,32767,32767,32767,32767,32767,32767,32767,32767,32767,32767,32767,32767,32767,32767,32767,32767,32767,32767,32767,32767,32767,32767,32767,32767,32767,32767,32767,32767,32767,32767,32767,32767,32767,32767,32767,32767,32767,32767,32767,32767,32767,32767,32767,32767,32767,32767,32767,32767,32767,32767,32767,32767,32767,32767,32767,32767,32767,32767,32767,32767,32767,32767,32767,32767,32767,32767,32767,32767,32767,32767,32767,32767,32767,32767,32767,32767,32767,32767,32767,32767,32767,32767,32767,32767,32767,32767,32767,32767,32767,32767,32767,32767,32767,32767,32767,32767,32767,32767,32767,32767,32767,32767,32767,32767,32767,32767,32767,32767,32767,32767,32767,32767,32767,32767,32767,32767,32767
MYD17A2H.A2017353.h12v02.006.2017362044812.PsnNet_500m,MYD17A2H,A2017353,Lat65.9255Lon-137.4220833Samp13Line13,2017362044812,PsnNet_500m,32767,32767,32767,32767,32767,32767,32767,32767,32767,32767,32767,32767,32767,32767,32767,32767,32767,32767,32767,32767,32767,32767,32767,32767,32767,32767,32767,32767,32767,32767,32767,32767,32767,32767,32767,32767,32767,32767,32767,32767,32767,32767,32767,32767,32767,32767,32767,32767,32767,32767,32767,32767,32767,32767,32767,32767,32767,32767,32767,32767,32767,32767,32767,32767,32767,32767,32767,32767,32767,32767,32767,32767,32767,32767,32767,32767,32767,32767,32767,32767,32767,32767,32767,32767,32767,32767,32767,32767,32767,32767,32767,32767,32767,32767,32767,32767,32767,32767,32767,32767,32767,32767,32767,32767,32767,32767,32767,32767,32767,32767,32767,32767,32767,32767,32767,32767,32767,32767,32767,32767,32767,32767,32767,32767,32767,32767,32767,32767,32767,32767,32767,32767,32767,32767,32767,32767,32767,32767,32767,32767,32767,32767,32767,32767,32767,32767,32767,32767,32767,32767,32767,32767,32767,32767,32767,32767,32767,32767,32767,32767,32767,32767,32767,32767,32767,32767,32767,32767,32767
MYD17A2H.A2017353.h12v02.006.2017362044812.Psn_QC_500m,MYD17A2H,A2017353,Lat65.9255Lon-137.4220833Samp13Line13,2017362044812,Psn_QC_500m,255,255,255,255,255,255,255,255,255,255,255,255,255,255,255,255,255,255,255,255,255,255,255,255,255,255,255,255,255,255,255,255,255,255,255,255,255,255,255,255,255,255,255,255,255,255,255,255,255,255,255,255,255,255,255,255,255,255,255,255,255,255,255,255,255,255,255,255,255,255,255,255,255,255,255,255,255,255,255,255,255,255,255,255,255,255,255,255,255,255,255,255,255,255,255,255,255,255,255,255,255,255,255,255,255,255,255,255,255,255,255,255,255,255,255,255,255,255,255,255,255,255,255,255,255,255,255,255,255,255,255,255,255,255,255,255,255,255,255,255,255,255,255,255,255,255,255,255,255,255,255,255,255,255,255,255,255,255,255,255,255,255,255,255,255,255,255,255,255
MYD17A2H.A2017361.h12v02.006.2018005040703.Gpp_500m,MYD17A2H,A2017361,Lat65.9255Lon-137.4220833Samp13Line13,2018005040703,Gpp_500m,32767,32767,32767,32767,32767,32767,32767,32767,32767,32767,32767,32767,32767,32767,32767,32767,32767,32767,32767,32767,32767,32767,32767,32767,32767,32767,32767,32767,32767,32767,32767,32767,32767,32767,32767,32767,32767,32767,32767,32767,32767,32767,32767,32767,32767,32767,32767,32767,32767,32767,32767,32767,32767,32767,32767,32767,32767,32767,32767,32767,32767,32767,32767,32767,32767,32767,32767,32767,32767,32767,32767,32767,32767,32767,32767,32767,32767,32767,32767,32767,32767,32767,32767,32767,32767,32767,32767,32767,32767,32767,32767,32767,32767,32767,32767,32767,32767,32767,32767,32767,32767,32767,32767,32767,32767,32767,32767,32767,32767,32767,32767,32767,32767,32767,32767,32767,32767,32767,32767,32767,32767,32767,32767,32767,32767,32767,32767,32767,32767,32767,32767,32767,32767,32767,32767,32767,32767,32767,32767,32767,32767,32767,32767,32767,32767,32767,32767,32767,32767,32767,32767,32767,32767,32767,32767,32767,32767,32767,32767,32767,32767,32767,32767,32767,32767,32767,32767,32767,32767
MYD17A2H.A2017361.h12v02.006.2018005040703.PsnNet_500m,MYD17A2H,A2017361,Lat65.9255Lon-137.4220833Samp13Line13,2018005040703,PsnNet_500m,32767,32767,32767,32767,32767,32767,32767,32767,32767,32767,32767,32767,32767,32767,32767,32767,32767,32767,32767,32767,32767,32767,32767,32767,32767,32767,32767,32767,32767,32767,32767,32767,32767,32767,32767,32767,32767,32767,32767,32767,32767,32767,32767,32767,32767,32767,32767,32767,32767,32767,32767,32767,32767,32767,32767,32767,32767,32767,32767,32767,32767,32767,32767,32767,32767,32767,32767,32767,32767,32767,32767,32767,32767,32767,32767,32767,32767,32767,32767,32767,32767,32767,32767,32767,32767,32767,32767,32767,32767,32767,32767,32767,32767,32767,32767,32767,32767,32767,32767,32767,32767,32767,32767,32767,32767,32767,32767,32767,32767,32767,32767,32767,32767,32767,32767,32767,32767,32767,32767,32767,32767,32767,32767,32767,32767,32767,32767,32767,32767,32767,32767,32767,32767,32767,32767,32767,32767,32767,32767,32767,32767,32767,32767,32767,32767,32767,32767,32767,32767,32767,32767,32767,32767,32767,32767,32767,32767,32767,32767,32767,32767,32767,32767,32767,32767,32767,32767,32767,32767
MYD17A2H.A2017361.h12v02.006.2018005040703.Psn_QC_500m,MYD17A2H,A2017361,Lat65.9255Lon-137.4220833Samp13Line13,2018005040703,Psn_QC_500m,255,255,255,255,255,255,255,255,255,255,255,255,255,255,255,255,255,255,255,255,255,255,255,255,255,255,255,255,255,255,255,255,255,255,255,255,255,255,255,255,255,255,255,255,255,255,255,255,255,255,255,255,255,255,255,255,255,255,255,255,255,255,255,255,255,255,255,255,255,255,255,255,255,255,255,255,255,255,255,255,255,255,255,255,255,255,255,255,255,255,255,255,255,255,255,255,255,255,255,255,255,255,255,255,255,255,255,255,255,255,255,255,255,255,255,255,255,255,255,255,255,255,255,255,255,255,255,255,255,255,255,255,255,255,255,255,255,255,255,255,255,255,255,255,255,255,255,255,255,255,255,255,255,255,255,255,255,255,255,255,255,255,255,255,255,255,255,255,255
MYD17A2H.A2018001.h12v02.006.2018011154115.Gpp_500m,MYD17A2H,A2018001,Lat65.9255Lon-137.4220833Samp13Line13,2018011154115,Gpp_500m,32767,32767,32767,32767,32767,32767,32767,32767,32767,32767,32767,32767,32767,32767,32767,32767,32767,32767,32767,32767,32767,32767,32767,32767,32767,32767,32767,32767,32767,32767,32767,32767,32767,32767,32767,32767,32767,32767,32767,32767,32767,32767,32767,32767,32767,32767,32767,32767,32767,32767,32767,32767,32767,32767,32767,32767,32767,32767,32767,32767,32767,32767,32767,32767,32767,32767,32767,32767,32767,32767,32767,32767,32767,32767,32767,32767,32767,32767,32767,32767,32767,32767,32767,32767,32767,32767,32767,32767,32767,32767,32767,32767,32767,32767,32767,32767,32767,32767,32767,32767,32767,32767,32767,32767,32767,32767,32767,32767,32767,32767,32767,32767,32767,32767,32767,32767,32767,32767,32767,32767,32767,32767,32767,32767,32767,32767,32767,32767,32767,32767,32767,32767,32767,32767,32767,32767,32767,32767,32767,32767,32767,32767,32767,32767,32767,32767,32767,32767,32767,32767,32767,32767,32767,32767,32767,32767,32767,32767,32767,32767,32767,32767,32767,32767,32767,32767,32767,32767,32767
MYD17A2H.A2018001.h12v02.006.2018011154115.PsnNet_500m,MYD17A2H,A2018001,Lat65.9255Lon-137.4220833Samp13Line13,2018011154115,PsnNet_500m,32767,32767,32767,32767,32767,32767,32767,32767,32767,32767,32767,32767,32767,32767,32767,32767,32767,32767,32767,32767,32767,32767,32767,32767,32767,32767,32767,32767,32767,32767,32767,32767,32767,32767,32767,32767,32767,32767,32767,32767,32767,32767,32767,32767,32767,32767,32767,32767,32767,32767,32767,32767,32767,32767,32767,32767,32767,32767,32767,32767,32767,32767,32767,32767,32767,32767,32767,32767,32767,32767,32767,32767,32767,32767,32767,32767,32767,32767,32767,32767,32767,32767,32767,32767,32767,32767,32767,32767,32767,32767,32767,32767,32767,32767,32767,32767,32767,32767,32767,32767,32767,32767,32767,32767,32767,32767,32767,32767,32767,32767,32767,32767,32767,32767,32767,32767,32767,32767,32767,32767,32767,32767,32767,32767,32767,32767,32767,32767,32767,32767,32767,32767,32767,32767,32767,32767,32767,32767,32767,32767,32767,32767,32767,32767,32767,32767,32767,32767,32767,32767,32767,32767,32767,32767,32767,32767,32767,32767,32767,32767,32767,32767,32767,32767,32767,32767,32767,32767,32767
MYD17A2H.A2018001.h12v02.006.2018011154115.Psn_QC_500m,MYD17A2H,A2018001,Lat65.9255Lon-137.4220833Samp13Line13,2018011154115,Psn_QC_500m,255,255,255,255,255,255,255,255,255,255,255,255,255,255,255,255,255,255,255,255,255,255,255,255,255,255,255,255,255,255,255,255,255,255,255,255,255,255,255,255,255,255,255,255,255,255,255,255,255,255,255,255,255,255,255,255,255,255,255,255,255,255,255,255,255,255,255,255,255,255,255,255,255,255,255,255,255,255,255,255,255,255,255,255,255,255,255,255,255,255,255,255,255,255,255,255,255,255,255,255,255,255,255,255,255,255,255,255,255,255,255,255,255,255,255,255,255,255,255,255,255,255,255,255,255,255,255,255,255,255,255,255,255,255,255,255,255,255,255,255,255,255,255,255,255,255,255,255,255,255,255,255,255,255,255,255,255,255,255,255,255,255,255,255,255,255,255,255,255
MYD17A2H.A2018009.h12v02.006.2018018042517.Gpp_500m,MYD17A2H,A2018009,Lat65.9255Lon-137.4220833Samp13Line13,2018018042517,Gpp_500m,32767,32767,32767,32767,32767,32767,32767,32767,32767,32767,32767,32767,32767,32767,32767,32767,32767,32767,32767,32767,32767,32767,32767,32767,32767,32767,32767,32767,32767,32767,32767,32767,32767,32767,32767,32767,32767,32767,32767,32767,32767,32767,32767,32767,32767,32767,32767,32767,32767,32767,32767,32767,32767,32767,32767,32767,32767,32767,32767,32767,32767,32767,32767,32767,32767,32767,32767,32767,32767,32767,32767,32767,32767,32767,32767,32767,32767,32767,32767,32767,32767,32767,32767,32767,32767,32767,32767,32767,32767,32767,32767,32767,32767,32767,32767,32767,32767,32767,32767,32767,32767,32767,32767,32767,32767,32767,32767,32767,32767,32767,32767,32767,32767,32767,32767,32767,32767,32767,32767,32767,32767,32767,32767,32767,32767,32767,32767,32767,32767,32767,32767,32767,32767,32767,32767,32767,32767,32767,32767,32767,32767,32767,32767,32767,32767,32767,32767,32767,32767,32767,32767,32767,32767,32767,32767,32767,32767,32767,32767,32767,32767,32767,32767,32767,32767,32767,32767,32767,32767
MYD17A2H.A2018009.h12v02.006.2018018042517.PsnNet_500m,MYD17A2H,A2018009,Lat65.9255Lon-137.4220833Samp13Line13,2018018042517,PsnNet_500m,32767,32767,32767,32767,32767,32767,32767,32767,32767,32767,32767,32767,32767,32767,32767,32767,32767,32767,32767,32767,32767,32767,32767,32767,32767,32767,32767,32767,32767,32767,32767,32767,32767,32767,32767,32767,32767,32767,32767,32767,32767,32767,32767,32767,32767,32767,32767,32767,32767,32767,32767,32767,32767,32767,32767,32767,32767,32767,32767,32767,32767,32767,32767,32767,32767,32767,32767,32767,32767,32767,32767,32767,32767,32767,32767,32767,32767,32767,32767,32767,32767,32767,32767,32767,32767,32767,32767,32767,32767,32767,32767,32767,32767,32767,32767,32767,32767,32767,32767,32767,32767,32767,32767,32767,32767,32767,32767,32767,32767,32767,32767,32767,32767,32767,32767,32767,32767,32767,32767,32767,32767,32767,32767,32767,32767,32767,32767,32767,32767,32767,32767,32767,32767,32767,32767,32767,32767,32767,32767,32767,32767,32767,32767,32767,32767,32767,32767,32767,32767,32767,32767,32767,32767,32767,32767,32767,32767,32767,32767,32767,32767,32767,32767,32767,32767,32767,32767,32767,32767
MYD17A2H.A2018009.h12v02.006.2018018042517.Psn_QC_500m,MYD17A2H,A2018009,Lat65.9255Lon-137.4220833Samp13Line13,2018018042517,Psn_QC_500m,255,255,255,255,255,255,255,255,255,255,255,255,255,255,255,255,255,255,255,255,255,255,255,255,255,255,255,255,255,255,255,255,255,255,255,255,255,255,255,255,255,255,255,255,255,255,255,255,255,255,255,255,255,255,255,255,255,255,255,255,255,255,255,255,255,255,255,255,255,255,255,255,255,255,255,255,255,255,255,255,255,255,255,255,255,255,255,255,255,255,255,255,255,255,255,255,255,255,255,255,255,255,255,255,255,255,255,255,255,255,255,255,255,255,255,255,255,255,255,255,255,255,255,255,255,255,255,255,255,255,255,255,255,255,255,255,255,255,255,255,255,255,255,255,255,255,255,255,255,255,255,255,255,255,255,255,255,255,255,255,255,255,255,255,255,255,255,255,255
MYD17A2H.A2018017.h12v02.006.2018026163640.Gpp_500m,MYD17A2H,A2018017,Lat65.9255Lon-137.4220833Samp13Line13,2018026163640,Gpp_500m,0,0,0,0,0,0,0,0,0,0,0,0,0,0,0,0,0,0,0,0,0,0,0,0,0,0,0,0,0,0,0,0,0,0,0,0,0,0,0,0,0,0,0,0,0,0,0,0,0,0,0,0,0,0,0,0,0,0,0,0,0,0,0,0,0,0,0,0,0,0,0,0,0,0,0,0,0,0,0,0,0,0,0,0,0,0,0,0,0,0,0,0,0,0,0,0,0,0,0,0,0,0,0,0,0,0,0,0,0,0,0,0,0,0,0,0,0,0,0,0,0,0,0,0,0,0,0,0,0,0,0,0,0,0,0,0,0,0,0,0,0,0,0,0,0,0,0,0,0,0,0,0,0,0,0,0,0,0,0,0,0,0,0,0,0,0,0,0,0
MYD17A2H.A2018017.h12v02.006.2018026163640.PsnNet_500m,MYD17A2H,A2018017,Lat65.9255Lon-137.4220833Samp13Line13,2018026163640,PsnNet_500m,0,0,0,0,0,0,0,0,0,0,0,0,0,0,0,0,0,0,0,0,0,0,0,0,0,0,0,0,0,0,0,0,0,0,0,0,0,0,0,0,0,0,0,0,0,0,0,0,0,0,0,0,0,0,0,0,0,0,0,0,0,0,0,0,0,0,0,0,0,0,0,0,0,0,0,0,0,0,0,0,0,0,0,0,0,0,0,0,0,0,0,0,0,0,0,0,0,0,0,0,0,0,0,0,0,0,0,0,0,0,0,0,0,0,0,0,0,0,0,0,0,0,0,0,0,0,0,0,0,0,0,0,0,0,0,0,0,0,0,0,0,0,0,0,0,0,0,0,0,0,0,0,0,0,0,0,0,0,0,0,0,0,0,0,0,0,0,0,0
MYD17A2H.A2018017.h12v02.006.2018026163640.Psn_QC_500m,MYD17A2H,A2018017,Lat65.9255Lon-137.4220833Samp13Line13,2018026163640,Psn_QC_500m,67,67,67,67,75,75,75,75,75,75,75,75,83,67,83,83,75,75,67,75,83,83,83,75,75,67,83,75,67,67,67,67,75,75,67,67,75,75,83,67,67,67,75,75,67,83,83,83,83,75,67,67,67,75,83,83,83,75,75,75,75,75,67,75,75,75,75,75,67,67,75,67,67,67,75,67,75,75,67,83,75,83,83,67,67,75,75,75,75,75,75,67,67,75,75,75,75,75,75,75,75,75,75,75,67,67,75,75,67,67,75,75,75,75,75,83,83,75,67,75,75,75,75,75,75,75,75,83,83,75,75,75,75,75,75,75,75,75,75,83,83,83,75,75,75,75,75,75,75,75,83,83,83,75,75,75,75,75,75,83,83,75,75,75,75,75,75,75,75
MYD17A2H.A2018025.h12v02.006.2018034042040.Gpp_500m,MYD17A2H,A2018025,Lat65.9255Lon-137.4220833Samp13Line13,2018034042040,Gpp_500m,0,0,0,0,0,0,0,0,0,0,0,0,0,0,0,0,0,0,0,0,0,0,0,0,0,0,0,0,0,0,0,0,0,0,0,0,0,0,0,0,0,0,0,0,0,0,0,0,0,0,0,0,0,0,0,0,0,0,0,0,0,0,0,0,0,0,0,0,0,0,0,0,0,0,0,0,0,0,0,0,0,0,0,0,0,0,0,0,0,0,0,0,0,0,0,0,0,0,0,0,0,0,0,0,0,0,0,0,0,0,0,0,0,0,0,0,0,0,0,0,0,0,0,0,0,0,0,0,0,0,0,0,0,0,0,0,0,0,0,0,0,0,0,0,0,0,0,0,0,0,0,0,0,0,0,0,0,0,0,0,0,0,0,0,0,0,0,0,0
MYD17A2H.A2018025.h12v02.006.2018034042040.PsnNet_500m,MYD17A2H,A2018025,Lat65.9255Lon-137.4220833Samp13Line13,2018034042040,PsnNet_500m,0,0,0,0,0,0,0,0,0,0,0,0,0,0,0,0,0,0,0,0,0,0,0,0,0,0,0,0,0,0,0,0,0,0,0,0,0,0,0,0,0,0,0,0,0,0,0,0,0,0,0,0,0,0,0,0,0,0,0,0,0,0,0,0,0,0,0,0,0,0,0,0,0,0,0,0,0,0,0,0,0,0,0,0,0,0,0,0,0,0,0,0,0,0,0,0,0,0,0,0,0,0,0,0,0,0,0,0,0,0,0,0,0,0,0,0,0,0,0,0,0,0,0,0,0,0,0,0,0,0,0,0,0,0,0,0,0,0,0,0,0,0,0,0,0,0,0,0,0,0,0,0,0,0,0,0,0,0,0,0,0,0,0,0,0,0,0,0,0
MYD17A2H.A2018025.h12v02.006.2018034042040.Psn_QC_500m,MYD17A2H,A2018025,Lat65.9255Lon-137.4220833Samp13Line13,2018034042040,Psn_QC_500m,67,67,67,67,67,67,67,67,67,67,67,67,67,67,67,67,67,67,67,67,67,67,67,67,67,67,67,67,67,67,83,83,67,67,67,67,67,67,67,75,83,67,83,67,67,67,67,67,67,67,67,67,67,67,67,67,67,67,67,67,67,67,67,67,67,67,67,67,67,67,67,67,67,83,67,83,83,83,67,67,83,67,83,83,83,83,67,83,83,83,83,67,67,67,83,83,67,83,83,83,83,67,83,83,67,67,67,67,67,83,83,67,67,83,83,83,83,67,67,67,67,67,67,67,67,83,67,67,67,67,67,67,67,67,67,67,67,75,75,75,67,67,67,67,67,67,67,75,75,67,67,67,67,67,67,83,67,67,67,67,67,75,75,83,83,83,83,83,83
MYD17A2H.A2018033.h12v02.006.2018042041848.Gpp_500m,MYD17A2H,A2018033,Lat65.9255Lon-137.4220833Samp13Line13,2018042041848,Gpp_500m,0,0,0,0,0,0,0,0,0,0,0,0,0,0,0,0,0,0,0,0,0,0,0,0,0,0,0,0,0,0,0,0,0,0,0,0,0,0,0,0,0,0,0,0,0,0,0,0,0,0,0,0,0,0,0,0,0,0,0,0,0,0,0,0,0,0,0,0,0,0,0,0,0,0,0,0,0,0,0,0,0,0,0,0,0,0,0,0,0,0,0,0,0,0,0,0,0,0,0,0,0,0,0,0,0,0,0,0,0,0,0,0,0,0,0,0,0,0,0,0,0,0,0,0,0,0,0,0,0,0,0,0,0,0,0,0,0,0,0,0,0,0,0,0,0,0,0,0,0,0,0,0,0,0,0,0,0,0,0,0,0,0,0,0,0,0,0,0,0
MYD17A2H.A2018033.h12v02.006.2018042041848.PsnNet_500m,MYD17A2H,A2018033,Lat65.9255Lon-137.4220833Samp13Line13,2018042041848,PsnNet_500m,0,0,0,0,0,0,0,0,0,0,0,0,0,0,0,0,0,0,0,0,0,0,0,0,0,0,0,0,0,0,0,0,0,0,0,0,0,0,0,0,0,0,0,0,0,0,0,0,0,0,0,0,0,0,0,0,0,0,0,0,0,0,0,0,0,0,0,0,0,0,0,0,0,0,0,0,0,0,0,0,0,0,0,0,0,0,0,0,0,0,0,0,0,0,0,0,0,0,0,0,0,0,0,0,0,0,0,0,0,0,0,0,0,0,0,0,0,0,0,0,0,0,0,0,0,0,0,0,0,0,0,0,0,0,0,0,0,0,0,0,0,0,0,0,0,0,0,0,0,0,0,0,0,0,0,0,0,0,0,0,0,0,0,0,0,0,0,0,0
MYD17A2H.A2018033.h12v02.006.2018042041848.Psn_QC_500m,MYD17A2H,A2018033,Lat65.9255Lon-137.4220833Samp13Line13,2018042041848,Psn_QC_500m,67,67,67,67,67,75,75,75,75,75,75,75,75,67,67,67,67,75,75,75,75,75,75,75,75,75,67,67,67,75,75,75,75,75,75,67,67,67,67,67,67,67,67,75,75,75,67,67,75,67,67,67,67,67,75,75,75,75,75,67,67,75,67,67,67,75,75,67,67,67,67,75,67,67,75,75,67,67,75,75,67,67,67,67,67,67,67,67,67,67,67,67,67,67,67,67,67,67,67,67,67,67,67,67,67,67,67,67,67,67,67,67,67,67,67,67,67,67,75,67,67,67,67,67,67,67,75,75,67,67,67,75,67,67,67,67,67,67,67,67,67,67,67,67,67,67,67,67,67,67,67,67,67,67,67,67,67,67,67,67,67,67,67,75,67,67,67,75,67
MYD17A2H.A2018041.h12v02.006.2018052104343.Gpp_500m,MYD17A2H,A2018041,Lat65.9255Lon-137.4220833Samp13Line13,2018052104343,Gpp_500m,0,0,0,0,0,0,0,0,0,0,0,0,0,0,0,0,0,0,0,0,0,0,0,0,0,0,0,0,0,0,0,0,0,0,0,0,0,0,0,0,0,0,0,0,0,0,0,0,0,0,0,0,0,0,0,0,0,0,0,0,0,0,0,0,0,0,0,0,0,0,0,0,0,0,0,0,0,0,0,0,0,0,0,0,0,0,0,0,0,0,0,0,0,0,0,0,0,0,0,0,0,0,0,0,0,0,0,0,0,0,0,0,0,0,0,0,0,0,0,0,0,0,0,0,0,0,0,0,0,0,0,0,0,0,0,0,0,0,0,0,0,0,0,0,0,0,0,0,0,0,0,0,0,0,0,0,0,0,0,0,0,0,0,0,0,0,0,0,0
MYD17A2H.A2018041.h12v02.006.2018052104343.PsnNet_500m,MYD17A2H,A2018041,Lat65.9255Lon-137.4220833Samp13Line13,2018052104343,PsnNet_500m,0,0,0,0,0,0,0,0,0,0,0,0,0,0,0,0,0,0,0,0,0,0,0,0,0,0,0,0,0,0,0,0,0,0,0,0,0,0,0,0,0,0,0,0,0,0,0,0,0,0,0,0,0,0,0,0,0,0,0,0,0,0,0,0,0,0,0,0,0,0,0,0,0,0,0,0,0,0,0,0,0,0,0,0,0,0,0,0,0,0,0,0,0,0,0,0,0,0,0,0,0,0,0,0,0,0,0,0,0,0,0,0,0,0,0,0,0,0,0,0,0,0,0,0,0,0,0,0,0,0,0,0,0,0,0,0,0,0,0,0,0,0,0,0,0,0,0,0,0,0,0,0,0,0,0,0,0,0,0,0,0,0,0,0,0,0,0,0,0
MYD17A2H.A2018041.h12v02.006.2018052104343.Psn_QC_500m,MYD17A2H,A2018041,Lat65.9255Lon-137.4220833Samp13Line13,2018052104343,Psn_QC_500m,67,67,75,75,75,75,75,75,75,75,75,75,75,67,67,75,67,75,75,75,75,75,75,75,75,75,67,75,67,75,75,75,75,75,75,75,75,75,75,75,67,75,75,75,75,75,75,75,67,67,67,67,75,75,75,75,75,75,75,75,75,67,67,75,75,75,75,75,75,75,75,67,67,67,75,67,67,67,75,75,75,75,75,67,75,67,75,67,67,67,67,75,67,67,67,75,67,75,67,67,67,75,67,67,67,75,67,67,67,67,75,75,67,67,67,67,75,67,67,75,75,67,75,67,67,67,67,67,67,67,75,67,67,67,67,67,67,67,67,67,67,67,67,67,67,67,67,67,67,67,67,67,67,67,75,67,67,67,67,67,67,75,67,67,67,75,75,75,67
MYD17A2H.A2018049.h12v02.006.2018059172234.Gpp_500m,MYD17A2H,A2018049,Lat65.9255Lon-137.4220833Samp13Line13,2018059172234,Gpp_500m,0,0,0,0,0,0,0,0,0,0,0,0,0,0,0,0,0,0,0,0,0,0,0,0,0,0,0,0,0,0,0,0,0,0,0,0,0,0,0,0,0,0,0,0,0,0,0,0,0,0,0,0,0,0,0,0,0,0,0,0,0,0,0,0,0,0,0,0,0,0,0,0,0,0,0,0,0,0,0,0,0,0,0,0,0,0,0,0,0,0,0,0,0,0,0,0,0,0,0,0,0,0,0,0,0,0,0,0,0,0,0,0,0,0,0,0,0,0,0,0,0,0,0,0,0,0,0,0,0,0,0,0,0,0,0,0,0,0,0,0,0,0,0,0,0,0,0,0,0,0,0,0,0,0,0,0,0,0,0,0,0,0,0,0,0,0,0,0,0
MYD17A2H.A2018049.h12v02.006.2018059172234.PsnNet_500m,MYD17A2H,A2018049,Lat65.9255Lon-137.4220833Samp13Line13,2018059172234,PsnNet_500m,0,0,0,0,0,0,0,0,0,0,0,0,0,0,0,0,0,0,0,0,0,0,0,0,0,0,0,0,0,0,0,0,0,0,0,0,0,0,0,0,0,0,0,0,0,0,0,0,0,0,0,0,0,0,0,0,0,0,0,0,0,0,0,0,0,0,0,0,0,0,0,0,0,0,0,0,0,0,0,0,0,0,0,0,0,0,0,0,0,0,0,0,0,0,0,0,0,0,0,0,0,0,0,0,0,0,0,0,0,0,0,0,0,0,0,0,0,0,0,0,0,0,0,0,0,0,0,0,0,0,0,0,0,0,0,0,0,0,0,0,0,0,0,0,0,0,0,0,0,0,0,0,0,0,0,0,0,0,0,0,0,0,0,0,0,0,0,0,0
MYD17A2H.A2018049.h12v02.006.2018059172234.Psn_QC_500m,MYD17A2H,A2018049,Lat65.9255Lon-137.4220833Samp13Line13,2018059172234,Psn_QC_500m,75,75,75,75,75,75,75,75,75,75,75,75,75,75,75,75,75,75,75,75,75,75,75,75,75,75,75,75,75,75,75,75,75,75,75,75,75,75,75,75,75,75,75,75,75,75,75,75,75,75,75,75,75,75,75,75,75,75,75,75,75,75,75,75,75,75,75,75,75,75,75,75,67,67,67,67,75,75,75,75,75,67,67,67,75,75,75,75,75,75,75,75,67,67,67,75,67,67,75,75,75,75,75,75,67,67,67,67,67,75,75,75,75,75,75,75,67,75,75,67,67,67,67,75,75,75,67,67,67,67,75,67,67,67,75,67,67,67,67,67,67,67,67,75,75,75,75,67,67,67,67,75,75,75,75,75,75,75,75,67,67,67,75,75,75,67,67,83,75
MYD17A2H.A2018057.h12v02.006.2018067145410.Gpp_500m,MYD17A2H,A2018057,Lat65.9255Lon-137.4220833Samp13Line13,2018067145410,Gpp_500m,0,0,0,0,0,0,0,0,0,0,0,0,0,0,0,0,0,0,0,0,0,0,0,0,0,0,0,0,0,0,0,0,0,0,0,0,0,0,0,0,0,0,0,0,0,0,0,0,0,0,0,0,0,0,0,0,0,0,0,0,0,0,0,0,0,0,0,0,0,0,0,0,0,0,0,0,0,0,0,0,0,0,0,0,0,0,0,0,0,0,0,0,0,0,0,0,0,0,0,0,0,0,0,0,0,0,0,0,0,0,0,0,0,0,0,0,0,0,0,0,0,0,0,0,0,0,0,0,0,0,0,0,0,0,0,0,0,0,0,0,0,0,0,0,0,0,0,0,0,0,0,0,0,0,0,0,0,0,0,0,0,0,0,0,0,0,0,0,0
MYD17A2H.A2018057.h12v02.006.2018067145410.PsnNet_500m,MYD17A2H,A2018057,Lat65.9255Lon-137.4220833Samp13Line13,2018067145410,PsnNet_500m,0,0,0,0,0,0,0,0,0,0,0,0,0,0,0,0,0,0,0,0,0,0,0,0,0,0,0,0,0,0,0,0,0,0,0,0,0,0,0,0,0,0,0,0,0,0,0,0,0,0,0,0,0,0,0,0,0,0,0,0,0,0,0,0,0,0,0,0,0,0,0,0,0,0,0,0,0,0,0,0,0,0,0,0,0,0,0,0,0,0,0,0,0,0,0,0,0,0,0,0,0,0,0,0,0,0,0,0,0,0,0,0,0,0,0,0,0,0,0,0,0,0,0,0,0,0,0,0,0,0,0,0,0,0,0,0,0,0,0,0,0,0,0,0,0,0,0,0,0,0,0,0,0,0,0,0,0,0,0,0,0,0,0,0,0,0,0,0,0
MYD17A2H.A2018057.h12v02.006.2018067145410.Psn_QC_500m,MYD17A2H,A2018057,Lat65.9255Lon-137.4220833Samp13Line13,2018067145410,Psn_QC_500m,75,75,75,75,75,75,75,75,75,75,83,83,83,75,75,75,75,75,75,75,75,83,75,75,75,75,75,75,75,75,83,83,83,75,75,75,75,75,75,75,75,75,75,75,75,75,75,75,75,75,75,67,75,75,75,75,75,75,75,75,75,67,67,67,67,75,75,75,75,75,67,75,67,67,67,67,67,75,75,75,75,75,75,67,67,67,75,75,75,67,75,75,67,75,67,75,67,75,75,75,75,75,75,67,75,67,75,75,67,67,67,75,75,75,75,67,67,75,75,67,67,75,75,75,67,67,67,75,75,67,75,75,75,75,75,75,75,75,75,75,67,67,67,75,75,75,75,75,75,75,75,75,67,67,67,75,75,75,67,75,75,75,75,75,75,75,67,67,67
MYD17A2H.A2018065.h12v02.006.2018074042840.Gpp_500m,MYD17A2H,A2018065,Lat65.9255Lon-137.4220833Samp13Line13,2018074042840,Gpp_500m,0,0,0,0,0,0,0,0,0,0,0,0,0,0,0,0,0,0,0,0,0,0,0,0,0,0,0,0,0,0,0,0,0,0,0,0,0,0,0,0,0,0,0,0,0,0,0,0,0,0,0,0,0,0,0,0,0,0,0,0,0,0,0,0,0,0,0,0,0,0,0,0,0,0,0,0,0,0,0,0,0,0,0,0,0,0,0,0,0,0,0,0,0,0,0,0,0,0,0,0,0,0,0,0,0,0,0,0,0,0,0,0,0,0,0,0,0,0,0,0,0,0,0,0,0,0,0,0,0,0,0,0,0,0,0,0,0,0,0,0,0,0,0,0,0,0,0,0,0,0,0,0,0,0,0,0,0,0,0,0,0,0,0,0,0,0,0,0,0
MYD17A2H.A2018065.h12v02.006.2018074042840.PsnNet_500m,MYD17A2H,A2018065,Lat65.9255Lon-137.4220833Samp13Line13,2018074042840,PsnNet_500m,0,0,0,0,0,0,0,0,0,0,0,0,0,0,0,0,0,0,0,0,0,0,0,0,0,0,0,0,0,0,0,0,0,0,0,0,0,0,0,0,0,0,0,0,0,0,0,0,0,0,0,0,0,0,0,0,0,0,0,0,0,0,0,0,0,0,0,0,0,0,0,0,0,0,0,0,0,0,0,0,0,0,0,0,0,0,0,0,0,0,0,0,0,0,0,0,0,0,0,0,0,0,0,0,0,0,0,0,0,0,0,0,0,0,0,0,0,0,0,0,0,0,0,0,0,0,0,0,0,0,0,0,0,0,0,0,0,0,0,0,0,0,0,0,0,0,0,0,0,0,0,0,0,0,0,0,0,0,0,0,0,0,0,0,0,0,0,0,0
MYD17A2H.A2018065.h12v02.006.2018074042840.Psn_QC_500m,MYD17A2H,A2018065,Lat65.9255Lon-137.4220833Samp13Line13,2018074042840,Psn_QC_500m,75,75,67,67,67,67,75,67,2,2,75,75,75,75,67,67,75,75,2,10,10,10,75,75,75,75,10,10,10,10,10,10,10,2,75,75,75,75,2,10,83,75,2,10,10,75,75,75,75,67,2,2,83,75,75,2,75,75,75,75,2,2,2,2,2,75,10,2,2,75,10,2,2,2,2,10,10,2,67,75,75,2,2,2,2,10,10,2,2,2,2,67,67,67,67,67,2,2,2,2,2,2,2,2,67,67,67,67,67,2,2,2,2,2,2,2,2,67,67,2,67,2,2,2,2,2,2,2,2,2,2,2,67,67,2,2,2,2,2,2,2,2,2,2,67,2,2,67,67,67,2,2,2,2,2,2,2,67,67,67,67,67,67,67,2,2,2,10,10
MYD17A2H.A2018073.h12v02.006.2018082220436.Gpp_500m,MYD17A2H,A2018073,Lat65.9255Lon-137.4220833Samp13Line13,2018082220436,Gpp_500m,0,0,0,0,0,0,0,0,0,0,0,0,0,0,0,0,0,0,0,0,0,0,0,0,0,0,0,0,0,0,0,0,0,0,0,0,0,0,0,0,0,0,0,0,0,0,0,0,0,0,0,0,0,0,0,0,0,0,0,0,0,0,0,0,0,0,0,0,0,0,0,0,0,0,0,0,0,0,0,0,0,0,0,0,0,0,0,0,0,0,0,0,0,0,0,0,0,0,0,0,0,0,0,0,0,0,0,0,0,0,0,0,0,0,0,0,0,0,0,0,0,0,0,0,0,0,0,0,0,0,0,0,0,0,0,0,0,0,0,0,0,0,0,0,0,0,0,0,0,0,0,0,0,0,0,0,0,0,0,0,0,0,0,0,0,0,0,0,0
MYD17A2H.A2018073.h12v02.006.2018082220436.PsnNet_500m,MYD17A2H,A2018073,Lat65.9255Lon-137.4220833Samp13Line13,2018082220436,PsnNet_500m,0,0,0,0,0,0,0,0,0,0,0,0,0,0,0,0,0,0,0,0,0,0,0,0,0,0,0,0,0,0,0,0,0,0,0,0,0,0,0,0,0,0,0,0,0,0,0,0,0,0,0,0,0,0,0,0,0,0,0,0,0,0,0,0,0,0,0,0,0,0,0,0,0,0,0,0,0,0,0,0,0,0,0,0,0,0,0,0,0,0,0,0,0,0,0,0,0,0,0,0,0,0,0,0,0,0,0,0,0,0,0,0,0,0,0,0,0,0,0,0,0,0,0,0,0,0,0,0,0,0,0,0,0,0,0,0,0,0,0,0,0,0,0,0,0,0,0,0,0,0,0,0,0,0,0,0,0,0,0,0,0,0,0,0,0,0,0,0,0
MYD17A2H.A2018073.h12v02.006.2018082220436.Psn_QC_500m,MYD17A2H,A2018073,Lat65.9255Lon-137.4220833Samp13Line13,2018082220436,Psn_QC_500m,107,107,107,107,107,107,107,10,10,107,107,107,107,107,107,107,107,107,10,10,107,107,107,107,107,107,107,10,107,107,107,107,107,107,107,107,107,107,2,107,107,107,107,107,107,107,107,107,107,10,10,10,10,107,107,107,107,107,107,99,2,2,10,2,2,107,107,107,107,107,2,2,2,2,2,2,2,10,107,99,99,2,2,2,2,2,2,107,107,10,10,107,99,99,2,10,10,10,10,10,10,10,10,107,99,107,107,99,99,99,10,10,10,2,2,2,107,10,10,2,2,107,107,2,107,107,107,107,107,10,107,2,2,107,107,107,10,10,107,107,107,10,10,2,107,107,10,107,107,107,107,107,10,10,10,107,107,107,107,107,107,107,10,10,107,107,107,107,107
MYD17A2H.A2018081.h12v02.006.2018095174555.Gpp_500m,MYD17A2H,A2018081,Lat65.9255Lon-137.4220833Samp13Line13,2018095174555,Gpp_500m,0,0,0,0,0,0,0,0,0,0,0,0,0,0,0,0,0,0,0,0,0,0,0,0,0,0,0,0,0,0,0,0,0,0,0,0,0,0,0,0,0,0,0,0,0,0,0,0,0,0,0,0,0,0,0,0,0,0,0,0,0,0,0,0,0,0,0,0,0,0,0,0,0,0,0,0,0,0,0,0,0,0,0,0,0,0,0,0,0,0,0,0,0,0,0,0,0,0,0,0,0,0,0,0,0,0,0,0,0,0,0,0,0,0,0,0,0,0,0,0,0,0,0,0,0,0,0,0,0,0,0,0,0,0,0,0,0,0,0,0,0,0,0,0,0,0,0,0,0,0,0,0,0,0,0,0,0,0,0,0,0,0,0,0,0,0,0,0,0
MYD17A2H.A2018081.h12v02.006.2018095174555.PsnNet_500m,MYD17A2H,A2018081,Lat65.9255Lon-137.4220833Samp13Line13,2018095174555,PsnNet_500m,0,0,0,0,0,0,0,0,0,0,0,0,0,0,0,0,0,0,0,0,0,0,0,0,0,0,0,0,0,0,0,0,0,0,0,0,0,0,0,0,0,0,0,0,0,0,0,0,0,0,0,0,0,0,0,0,0,0,0,0,0,0,0,0,0,0,0,0,0,0,0,0,0,0,0,0,0,0,0,0,0,0,0,0,0,0,0,0,0,0,0,0,0,0,0,0,0,0,0,0,0,0,0,0,0,0,0,0,0,0,0,0,0,0,0,0,0,0,0,0,0,0,0,0,0,0,0,0,0,0,0,0,0,0,0,0,0,0,0,0,0,0,0,0,0,0,0,0,0,0,0,0,0,0,0,0,0,0,0,0,0,0,0,0,0,0,0,0,0
MYD17A2H.A2018081.h12v02.006.2018095174555.Psn_QC_500m,MYD17A2H,A2018081,Lat65.9255Lon-137.4220833Samp13Line13,2018095174555,Psn_QC_500m,99,99,99,107,99,99,107,2,10,2,99,99,99,99,107,107,107,107,107,10,10,99,107,99,99,99,2,10,107,107,2,10,2,107,99,99,99,107,2,107,99,107,107,107,107,99,99,99,99,99,2,10,99,99,107,107,99,99,107,99,99,2,2,10,10,99,99,99,99,107,2,2,2,99,2,2,2,2,99,99,99,2,2,2,99,2,2,2,107,107,2,99,99,99,99,99,99,2,2,10,10,10,2,2,99,99,107,99,99,2,2,10,10,107,2,2,10,99,99,99,99,107,10,10,2,2,10,2,2,10,2,2,99,99,99,2,2,10,107,2,2,10,2,99,99,99,99,107,107,107,99,2,2,10,10,10,99,107,107,107,99,99,99,99,99,107,2,10,10
MYD17A2H.A2018089.h12v02.006.2018098044439.Gpp_500m,MYD17A2H,A2018089,Lat65.9255Lon-137.4220833Samp13Line13,2018098044439,Gpp_500m,0,0,0,0,0,0,0,0,0,0,0,0,0,0,0,0,0,0,0,0,0,0,0,0,0,0,0,0,0,0,0,0,0,0,0,0,0,0,0,0,0,0,0,0,0,0,0,0,0,0,0,0,0,0,0,0,0,0,0,0,0,0,0,0,0,0,0,0,0,0,0,0,0,0,0,0,0,0,0,0,0,0,0,0,0,0,0,0,0,0,0,0,0,0,0,0,0,0,0,0,0,0,0,0,0,0,0,0,0,0,0,0,0,0,0,0,0,0,0,0,0,0,0,0,0,0,0,0,0,0,0,0,0,0,0,0,0,0,0,0,0,0,0,0,0,0,0,0,0,0,0,0,0,0,0,0,0,0,0,0,0,0,0,0,0,0,0,0,0
MYD17A2H.A2018089.h12v02.006.2018098044439.PsnNet_500m,MYD17A2H,A2018089,Lat65.9255Lon-137.4220833Samp13Line13,2018098044439,PsnNet_500m,0,0,0,0,0,0,0,0,0,0,0,0,0,0,0,0,0,0,0,0,0,0,0,0,0,0,0,0,0,0,0,0,0,0,0,0,0,0,0,0,0,0,0,0,0,0,0,0,0,0,0,0,0,0,0,0,0,0,0,0,0,0,0,0,0,0,0,0,0,0,0,0,0,0,0,0,0,0,0,0,0,0,0,0,0,0,0,0,0,0,0,0,0,0,0,0,0,0,0,0,0,0,0,0,0,0,0,0,0,0,0,0,0,0,0,0,0,0,0,0,0,0,0,0,0,0,0,0,0,0,0,0,0,0,0,0,0,0,0,0,0,0,0,0,0,0,0,0,0,0,0,0,0,0,0,0,0,0,0,0,0,0,0,0,0,0,0,0,0
MYD17A2H.A2018089.h12v02.006.2018098044439.Psn_QC_500m,MYD17A2H,A2018089,Lat65.9255Lon-137.4220833Samp13Line13,2018098044439,Psn_QC_500m,99,107,107,107,107,107,107,107,2,107,99,99,99,99,99,107,107,107,107,2,107,99,107,107,107,107,107,99,107,107,107,2,99,107,107,107,99,107,99,99,107,99,107,107,99,107,107,107,99,99,99,2,99,107,99,99,107,107,107,99,99,99,2,99,107,107,107,107,107,107,2,2,2,99,2,2,2,2,99,107,107,107,2,2,99,2,2,2,10,107,2,99,99,99,99,107,107,2,2,2,10,2,2,99,99,107,99,107,2,2,2,2,2,10,10,10,99,107,99,10,99,107,2,2,10,2,10,99,10,99,107,10,107,107,2,99,99,99,10,10,99,99,99,99,99,107,99,99,99,99,99,2,2,99,99,2,107,10,10,10,10,99,107,99,107,107,2,2,99
MYD17A2H.A2018097.h12v02.006.2018108200837.Gpp_500m,MYD17A2H,A2018097,Lat65.9255Lon-137.4220833Samp13Line13,2018108200837,Gpp_500m,0,0,0,0,0,0,0,0,0,0,0,0,0,0,0,0,0,0,0,0,0,0,0,0,0,0,0,0,0,0,0,0,0,0,0,0,0,0,0,0,0,0,0,0,0,0,0,0,0,0,0,0,0,0,0,0,0,0,0,0,0,0,0,0,0,0,0,0,0,0,0,0,0,0,0,0,0,0,0,0,0,0,0,0,0,0,0,0,0,0,0,0,0,0,0,0,0,0,0,0,0,0,0,0,0,0,0,0,0,0,0,0,0,0,0,0,0,0,0,0,0,0,0,0,0,0,0,0,1,1,0,0,0,0,0,0,0,0,0,0,0,0,1,0,0,0,0,0,0,0,0,0,0,0,0,1,0,0,0,0,1,0,0,0,0,0,0,1,1
MYD17A2H.A2018097.h12v02.006.2018108200837.PsnNet_500m,MYD17A2H,A2018097,Lat65.9255Lon-137.4220833Samp13Line13,2018108200837,PsnNet_500m,0,0,0,0,0,0,0,0,0,0,0,0,0,0,0,0,0,0,0,0,0,0,0,0,0,0,0,0,0,0,0,0,0,0,0,0,0,0,0,0,0,0,0,0,0,0,0,0,0,0,0,0,0,0,0,0,0,0,0,0,0,0,0,0,0,0,0,0,0,0,0,0,0,0,0,0,0,0,0,0,0,0,0,0,0,0,0,0,0,0,0,0,0,0,0,0,0,0,0,0,0,0,0,0,0,0,0,0,0,0,0,0,0,0,0,0,0,0,0,0,0,0,0,0,0,0,0,0,0,0,0,0,0,0,0,0,0,0,0,0,0,0,0,0,0,0,0,0,0,0,0,0,0,0,0,0,0,0,0,0,0,0,0,0,0,0,0,0,0
MYD17A2H.A2018097.h12v02.006.2018108200837.Psn_QC_500m,MYD17A2H,A2018097,Lat65.9255Lon-137.4220833Samp13Line13,2018108200837,Psn_QC_500m,107,99,99,99,107,107,107,2,2,2,99,99,107,99,99,107,99,107,99,107,107,99,107,107,107,107,107,107,107,107,99,99,99,107,107,107,107,107,107,99,107,107,107,107,107,99,107,107,99,107,99,2,107,99,99,99,107,107,107,99,99,2,2,2,99,107,107,107,107,99,99,99,99,99,99,2,2,2,99,107,107,99,99,99,99,99,2,2,2,10,2,107,99,99,99,107,99,10,2,2,2,2,2,99,99,99,99,99,99,2,99,2,2,99,99,99,99,99,99,99,99,10,10,99,99,99,99,99,10,10,99,99,99,99,99,99,99,99,99,99,99,99,10,99,99,99,99,10,99,99,99,99,99,99,99,2,99,99,99,10,10,99,99,99,99,99,99,2,2
MYD17A2H.A2018105.h12v02.006.2018114042051.Gpp_500m,MYD17A2H,A2018105,Lat65.9255Lon-137.4220833Samp13Line13,2018114042051,Gpp_500m,0,0,0,0,0,0,0,0,0,0,0,0,0,0,0,0,0,0,0,0,0,0,0,0,0,0,0,0,0,0,0,0,0,0,0,0,0,0,0,0,0,0,0,0,0,0,0,0,0,0,0,0,0,0,0,0,0,0,0,0,0,0,0,0,0,0,0,0,0,0,0,0,0,0,0,0,0,0,0,0,0,0,0,0,0,0,0,0,0,0,0,0,0,0,0,0,0,0,0,0,0,0,0,0,0,0,0,0,0,0,0,0,0,0,0,0,0,0,0,0,0,0,0,0,0,0,0,0,0,0,0,0,0,0,0,0,0,0,0,0,0,0,0,0,0,0,0,0,0,0,0,0,0,0,0,0,0,0,0,0,0,0,0,0,0,0,0,0,0
MYD17A2H.A2018105.h12v02.006.2018114042051.PsnNet_500m,MYD17A2H,A2018105,Lat65.9255Lon-137.4220833Samp13Line13,2018114042051,PsnNet_500m,0,0,0,0,0,0,0,0,0,0,0,0,0,0,0,0,0,0,0,0,0,0,0,0,0,0,0,0,0,0,0,0,0,0,0,0,0,0,0,0,0,0,0,0,0,0,0,0,0,0,0,0,0,0,0,0,0,0,0,0,0,0,0,0,0,0,0,0,0,0,0,0,0,0,0,0,0,0,0,0,0,0,0,0,0,0,0,0,0,0,0,0,0,0,0,0,0,0,0,0,0,0,0,0,0,0,0,0,0,0,0,0,0,0,0,0,0,0,0,0,0,0,0,0,0,0,0,0,0,0,0,0,0,0,0,0,0,0,0,0,0,0,0,0,0,0,0,0,0,0,0,0,0,0,0,0,0,0,0,0,0,0,0,0,0,0,0,0,0
MYD17A2H.A2018105.h12v02.006.2018114042051.Psn_QC_500m,MYD17A2H,A2018105,Lat65.9255Lon-137.4220833Samp13Line13,2018114042051,Psn_QC_500m,99,99,99,99,99,99,99,2,2,99,99,99,99,99,99,99,99,99,99,99,99,99,99,99,99,99,2,107,99,99,99,99,99,99,99,99,99,99,2,99,99,99,99,99,99,99,99,99,99,99,2,2,99,99,99,99,99,99,99,99,99,2,99,99,2,99,99,99,99,99,99,99,99,99,99,10,2,10,99,99,99,99,99,99,99,99,99,99,99,2,99,99,99,99,99,99,99,99,99,107,107,10,10,99,99,99,99,99,99,107,107,2,2,99,107,107,99,99,99,99,99,99,99,99,107,99,99,99,99,99,99,99,99,99,99,99,99,99,99,99,99,99,99,99,99,99,99,99,99,99,99,99,99,99,2,2,99,99,107,107,107,107,99,99,99,99,99,99,2
MYD17A2H.A2018113.h12v02.006.2018122044616.Gpp_500m,MYD17A2H,A2018113,Lat65.9255Lon-137.4220833Samp13Line13,2018122044616,Gpp_500m,0,0,0,0,0,0,0,0,0,0,0,0,0,0,0,0,0,0,0,0,0,0,0,0,0,0,1,6,6,0,0,0,0,0,0,0,0,0,6,0,0,0,0,0,0,0,0,0,0,1,9,9,0,0,0,0,0,0,0,0,9,9,9,9,9,0,0,0,0,0,0,6,6,6,6,9,8,8,0,0,1,1,3,6,1,6,6,6,6,4,8,0,3,3,1,0,1,6,4,8,8,8,8,12,1,0,0,3,6,8,8,8,8,8,14,8,8,0,0,9,8,8,4,8,8,8,6,4,4,4,9,8,6,8,4,4,4,6,6,6,6,8,8,0,4,4,0,5,5,0,0,8,8,8,12,8,4,4,5,8,8,8,8,8,8,8,6,6,8
MYD17A2H.A2018113.h12v02.006.2018122044616.PsnNet_500m,MYD17A2H,A2018113,Lat65.9255Lon-137.4220833Samp13Line13,2018122044616,PsnNet_500m,0,0,0,0,0,0,0,0,0,0,0,0,0,0,0,0,0,0,0,0,0,0,0,0,0,0,1,5,5,0,0,0,0,0,0,0,0,0,5,0,0,0,0,0,0,0,0,0,0,1,8,8,0,0,0,0,0,0,0,0,8,8,8,8,8,0,0,0,0,0,0,5,5,5,5,8,8,8,0,0,1,1,3,5,1,5,5,5,5,3,8,0,3,3,1,0,1,5,3,8,8,8,8,9,1,0,0,3,5,8,8,8,8,8,13,8,8,0,0,8,8,8,3,8,8,8,5,3,3,3,8,8,5,8,3,3,3,5,5,5,5,8,8,0,3,3,0,4,4,0,0,8,8,8,9,8,3,3,4,8,8,8,8,8,8,8,5,5,8
MYD17A2H.A2018113.h12v02.006.2018122044616.Psn_QC_500m,MYD17A2H,A2018113,Lat65.9255Lon-137.4220833Samp13Line13,2018122044616,Psn_QC_500m,107,107,107,107,107,107,107,99,99,107,107,107,107,107,107,107,107,107,107,107,107,107,107,107,107,99,99,2,2,99,99,99,107,107,107,107,107,107,2,99,99,99,99,107,107,107,107,107,107,99,10,10,107,107,107,107,107,107,107,107,10,2,2,2,10,107,107,107,107,107,107,2,2,2,2,2,2,2,107,107,99,99,99,2,99,2,2,2,10,99,10,107,99,99,99,99,99,2,99,10,2,2,2,2,99,99,107,99,2,10,10,10,10,10,10,2,2,107,107,2,2,10,99,2,2,2,2,99,99,99,10,10,10,2,99,99,99,10,10,2,2,10,10,75,99,99,75,99,99,75,75,2,2,2,10,2,99,99,99,10,2,2,2,2,2,2,2,2,10
MYD17A2H.A2018121.h12v02.006.2018130043755.Gpp_500m,MYD17A2H,A2018121,Lat65.9255Lon-137.4220833Samp13Line13,2018130043755,Gpp_500m,10,10,10,10,10,11,9,10,10,4,9,10,10,10,10,10,11,10,10,10,10,10,10,10,16,9,16,16,10,9,10,0,10,10,10,9,9,10,9,16,10,0,0,0,10,10,10,9,10,10,17,17,10,0,0,0,9,10,9,10,17,17,22,21,21,10,0,0,10,10,10,21,21,22,17,22,22,17,9,10,10,10,10,17,10,10,10,22,21,10,10,10,17,17,17,10,10,10,10,22,22,22,21,21,21,17,17,14,14,21,21,10,21,21,21,21,22,17,17,17,10,10,10,22,22,22,22,22,22,22,10,10,17,17,17,10,10,21,10,10,10,10,17,22,10,10,22,22,22,22,10,10,10,10,10,10,22,22,22,22,22,17,17,22,10,10,10,10,14
MYD17A2H.A2018121.h12v02.006.2018130043755.PsnNet_500m,MYD17A2H,A2018121,Lat65.9255Lon-137.4220833Samp13Line13,2018130043755,PsnNet_500m,10,10,10,10,10,11,9,10,10,4,9,10,10,10,10,10,11,10,10,10,10,10,10,10,16,8,13,13,10,9,10,0,10,10,10,8,8,10,8,15,10,0,0,0,10,10,10,8,10,10,16,16,10,0,0,0,8,10,8,10,16,16,20,17,17,10,0,0,10,10,10,17,17,20,16,22,22,16,8,10,10,10,10,16,10,10,10,22,17,10,10,10,16,16,16,10,10,10,10,20,20,20,17,17,17,16,16,11,11,17,17,10,17,17,17,17,21,16,16,16,10,10,10,20,20,21,21,21,21,21,10,10,14,16,16,10,10,17,10,10,10,10,17,22,10,10,20,21,21,21,10,10,10,10,10,10,22,22,21,21,21,14,14,21,10,10,10,10,11
MYD17A2H.A2018121.h12v02.006.2018130043755.Psn_QC_500m,MYD17A2H,A2018121,Lat65.9255Lon-137.4220833Samp13Line13,2018130043755,Psn_QC_500m,2,2,2,2,2,99,2,10,10,115,18,10,10,10,2,2,99,10,10,10,10,10,10,10,115,18,18,18,10,18,10,107,10,10,10,18,18,10,18,18,10,107,107,107,10,10,10,18,10,2,18,18,10,107,107,99,18,10,10,10,18,18,10,18,18,10,99,99,10,2,10,10,10,10,18,10,10,10,10,10,10,2,2,10,2,10,10,10,10,2,2,2,10,10,10,10,2,2,2,10,10,10,10,2,10,10,10,10,10,10,10,2,10,10,2,2,10,10,10,10,10,10,10,2,2,2,2,10,10,2,10,10,2,2,2,2,2,2,10,10,10,10,10,2,10,2,2,2,2,2,10,10,10,10,10,2,10,10,2,2,2,2,2,2,10,10,2,10,10
MYD17A2H.A2018129.h12v02.006.2018143211129.Gpp_500m,MYD17A2H,A2018129,Lat65.9255Lon-137.4220833Samp13Line13,2018143211129,Gpp_500m,23,23,23,19,23,23,46,20,20,20,23,23,24,19,19,23,19,54,46,20,20,20,46,47,39,47,38,38,20,20,66,66,20,31,20,44,24,24,47,20,35,81,20,31,20,20,20,47,44,44,72,62,38,20,20,35,35,44,44,39,39,72,72,59,59,20,23,35,50,20,20,50,66,66,72,50,72,72,24,24,24,39,39,39,39,50,50,72,121,121,102,8,8,62,66,66,62,102,102,114,114,102,145,145,44,50,50,72,156,156,125,98,99,138,138,103,62,89,125,133,133,145,121,121,130,114,125,88,39,50,48,121,133,133,125,130,130,98,79,50,50,39,51,145,138,130,130,90,75,62,50,50,39,39,56,72,121,121,114,118,75,59,59,39,39,51,45,39,39
MYD17A2H.A2018129.h12v02.006.2018143211129.PsnNet_500m,MYD17A2H,A2018129,Lat65.9255Lon-137.4220833Samp13Line13,2018143211129,PsnNet_500m,22,22,22,16,22,22,45,16,16,16,22,22,22,16,16,22,16,50,45,16,16,16,45,45,37,45,37,37,16,16,62,62,16,30,17,39,22,22,45,16,31,76,16,30,16,17,17,45,39,39,66,59,37,16,16,31,32,39,39,37,37,66,66,55,55,16,22,32,49,17,17,49,62,62,66,49,66,66,22,22,22,37,37,37,37,49,49,66,112,112,94,8,8,59,62,62,59,94,94,105,105,94,133,133,39,49,49,66,142,142,116,92,92,125,125,94,59,83,115,121,122,133,112,112,119,103,115,80,37,49,45,112,122,122,116,119,119,92,72,49,49,37,49,133,126,119,119,83,71,59,49,49,37,37,50,66,112,112,105,109,69,55,55,37,37,49,39,37,37
MYD17A2H.A2018129.h12v02.006.2018143211129.Psn_QC_500m,MYD17A2H,A2018129,Lat65.9255Lon-137.4220833Samp13Line13,2018143211129,Psn_QC_500m,10,10,10,2,10,10,10,2,2,10,10,10,10,2,2,10,2,99,99,2,2,2,10,10,10,10,2,2,2,99,99,99,2,99,2,10,10,10,2,2,115,99,18,99,2,2,2,99,10,10,2,2,115,2,18,18,18,2,2,10,10,18,18,18,18,18,18,10,10,2,2,10,18,18,18,10,10,10,10,10,10,10,2,10,2,10,10,10,10,10,2,67,67,10,10,10,10,10,10,2,2,2,2,2,10,10,10,10,2,2,2,2,2,2,2,2,2,18,18,2,2,2,2,2,2,2,2,2,2,2,2,2,2,2,2,2,2,2,2,2,2,2,10,2,2,2,2,2,2,2,2,2,2,2,10,10,2,2,10,10,2,2,2,2,2,2,2,2,2
MYD17A2H.A2018137.h12v02.006.2018151155412.Gpp_500m,MYD17A2H,A2018137,Lat65.9255Lon-137.4220833Samp13Line13,2018151155412,Gpp_500m,21,21,21,21,21,18,21,18,21,21,33,21,34,37,18,18,21,33,42,33,37,37,37,23,23,43,21,21,37,37,37,44,21,18,18,18,18,37,37,44,37,33,33,44,18,23,34,37,43,49,49,97,21,44,33,22,37,37,49,61,61,43,72,72,50,21,37,37,30,37,49,122,61,117,87,87,97,69,23,43,46,72,97,98,61,65,72,72,88,88,72,46,82,64,64,52,108,98,98,82,88,82,97,97,115,80,80,97,118,108,88,108,97,69,72,50,18,87,87,126,126,108,69,43,27,30,23,78,70,89,91,142,142,116,116,23,116,83,97,89,89,99,99,47,169,199,103,103,108,108,99,99,99,89,89,99,103,99,65,99,99,99,89,70,65,99,99,84,61
MYD17A2H.A2018137.h12v02.006.2018151155412.PsnNet_500m,MYD17A2H,A2018137,Lat65.9255Lon-137.4220833Samp13Line13,2018151155412,PsnNet_500m,19,19,19,19,19,18,19,18,19,19,31,19,31,33,18,18,19,32,37,32,33,33,33,19,19,37,19,19,33,33,33,43,19,18,18,18,18,34,34,43,33,32,31,44,18,19,31,34,37,47,47,89,19,44,31,19,34,34,47,56,56,37,68,69,47,19,33,34,28,34,47,111,56,109,80,80,90,63,19,37,43,67,89,91,56,61,66,66,80,80,66,43,77,61,61,50,98,91,91,80,80,80,90,90,105,73,73,90,109,98,80,98,90,64,69,46,18,80,80,116,116,98,64,37,26,29,20,71,64,81,83,129,129,106,106,20,106,79,90,81,82,91,91,43,153,179,97,97,98,98,91,91,91,82,82,91,95,91,60,91,91,91,82,64,60,91,91,79,58
MYD17A2H.A2018137.h12v02.006.2018151155412.Psn_QC_500m,MYD17A2H,A2018137,Lat65.9255Lon-137.4220833Samp13Line13,2018151155412,Psn_QC_500m,10,10,10,10,10,2,10,2,10,10,10,10,10,10,2,2,10,10,2,10,10,2,10,10,10,10,10,10,10,10,10,10,10,18,75,75,2,10,10,10,10,10,10,10,10,10,10,10,10,10,10,10,75,10,10,2,10,10,10,2,2,10,10,10,10,10,10,10,10,10,10,2,2,18,10,10,10,10,10,2,10,2,2,18,2,10,10,10,10,10,10,10,2,10,10,2,18,10,10,10,10,10,10,10,18,18,18,18,10,10,10,10,10,10,10,2,2,18,18,10,10,10,10,2,75,75,2,10,10,2,18,10,10,10,10,2,10,10,10,2,2,2,2,75,67,10,10,10,10,10,2,2,2,2,2,2,10,10,10,2,2,2,10,10,2,2,2,10,2
MYD17A2H.A2018145.h12v02.006.2019120213835.Gpp_500m,MYD17A2H,A2018145,Lat65.9255Lon-137.4220833Samp13Line13,2019120213835,Gpp_500m,21,41,41,21,26,26,41,41,45,32,29,41,41,41,41,50,78,32,50,41,41,21,26,26,0,41,45,66,78,54,54,54,45,66,41,41,41,66,71,82,45,41,50,50,66,66,50,41,26,66,125,120,26,21,21,37,35,35,41,66,91,144,183,167,167,21,26,26,26,41,101,144,175,175,175,144,144,194,26,26,66,107,127,127,167,171,167,167,212,221,176,88,88,136,116,127,127,171,125,167,161,161,144,132,167,154,125,150,150,136,120,125,117,144,132,117,136,120,167,167,183,171,171,171,125,120,144,161,129,136,127,125,127,171,161,125,154,136,136,171,171,112,107,171,158,161,144,158,188,158,154,188,45,67,121,126,171,171,188,154,154,144,176,176,107,79,162,167,121
MYD17A2H.A2018145.h12v02.006.2019120213835.PsnNet_500m,MYD17A2H,A2018145,Lat65.9255Lon-137.4220833Samp13Line13,2019120213835,PsnNet_500m,17,39,39,18,24,24,39,39,42,29,27,39,39,39,39,46,72,29,46,39,39,18,24,24,0,39,42,61,72,51,50,50,42,61,39,39,39,61,67,77,42,39,44,44,61,61,46,39,24,61,115,112,24,18,18,35,29,29,39,61,86,132,166,152,152,18,24,24,24,39,91,132,160,160,159,132,132,177,24,24,61,99,116,116,150,156,150,150,191,199,161,79,79,126,106,117,117,156,116,150,149,149,132,123,150,143,115,137,137,126,112,116,106,132,122,106,127,112,150,150,166,156,156,156,116,112,132,149,118,126,117,116,117,156,149,116,143,127,127,156,158,104,99,156,145,149,132,145,171,146,141,173,42,61,111,116,156,156,171,141,141,132,161,161,99,75,150,151,111
MYD17A2H.A2018145.h12v02.006.2019120213835.Psn_QC_500m,MYD17A2H,A2018145,Lat65.9255Lon-137.4220833Samp13Line13,2019120213835,Psn_QC_500m,2,2,2,2,10,10,10,10,10,10,10,18,18,2,2,10,2,18,18,2,2,2,18,18,75,10,10,2,2,2,2,2,2,18,10,10,10,2,10,2,18,2,18,18,18,18,18,10,10,2,2,2,10,2,10,10,18,18,10,2,2,2,2,10,10,10,10,10,10,10,2,2,2,2,2,2,2,2,10,10,2,18,2,2,2,2,2,2,2,18,18,2,2,2,2,2,2,2,2,18,18,18,18,10,2,2,2,2,2,2,2,2,2,18,2,2,10,2,2,2,2,2,2,2,18,2,10,10,2,2,2,2,2,2,2,2,2,2,2,10,2,10,2,2,2,2,2,2,18,2,2,2,10,2,2,2,18,18,18,2,2,18,18,18,18,10,10,2,2
MYD17A2H.A2018153.h12v02.006.2019120215154.Gpp_500m,MYD17A2H,A2018153,Lat65.9255Lon-137.4220833Samp13Line13,2019120215154,Gpp_500m,29,29,60,37,29,37,37,60,97,60,60,60,60,110,60,54,37,29,29,29,60,60,37,30,30,60,60,116,73,29,60,60,60,60,60,30,30,60,170,60,60,37,30,60,60,60,30,37,30,195,195,256,30,30,37,97,60,30,49,159,244,256,285,256,256,30,97,97,60,60,280,291,291,298,280,280,244,267,54,30,127,201,237,280,237,267,292,267,267,243,249,159,230,213,230,201,262,244,244,244,231,242,292,292,267,244,213,237,262,262,237,237,268,268,292,256,280,201,195,188,244,256,256,249,280,280,256,256,286,322,231,244,256,256,249,231,231,262,280,256,242,238,238,274,213,213,213,256,280,242,299,232,269,232,202,195,263,292,242,262,280,273,291,256,273,249,225,261,232
MYD17A2H.A2018153.h12v02.006.2019120215154.PsnNet_500m,MYD17A2H,A2018153,Lat65.9255Lon-137.4220833Samp13Line13,2019120215154,PsnNet_500m,29,29,58,36,29,36,36,58,92,58,58,58,58,102,58,51,36,29,29,29,58,58,36,29,29,58,58,108,68,29,58,58,58,58,58,29,29,58,157,58,58,36,29,58,58,58,29,36,29,179,180,235,29,29,36,92,58,29,46,147,225,237,263,237,238,29,92,90,58,58,255,267,268,272,256,256,225,247,51,29,119,186,218,255,220,247,267,247,247,225,230,147,214,197,214,186,240,225,225,225,213,224,270,270,246,225,197,219,240,240,219,219,247,247,270,235,257,186,181,174,225,238,238,230,259,259,235,235,263,295,214,225,234,234,230,213,213,239,258,238,225,221,221,255,198,198,197,238,257,224,274,213,246,214,187,179,239,270,224,239,257,253,268,235,254,230,208,240,213
MYD17A2H.A2018153.h12v02.006.2019120215154.Psn_QC_500m,MYD17A2H,A2018153,Lat65.9255Lon-137.4220833Samp13Line13,2019120215154,Psn_QC_500m,2,2,2,10,2,10,10,2,2,2,2,2,2,2,2,2,10,2,2,2,2,2,10,2,2,2,2,2,2,2,2,2,2,2,2,2,2,10,2,2,2,10,2,2,2,2,2,10,2,2,2,2,2,2,10,2,2,2,2,2,2,2,2,2,2,2,2,2,2,2,2,2,2,2,2,2,2,2,10,2,2,2,2,2,2,2,2,2,2,2,2,2,2,2,2,2,2,2,2,2,2,2,2,2,2,2,2,2,2,2,2,2,2,2,2,2,2,2,2,2,2,2,2,2,2,2,2,2,2,2,2,2,2,2,2,2,2,2,2,2,2,2,2,2,2,2,2,2,2,2,2,2,2,2,2,2,2,2,2,2,2,2,2,2,2,2,2,2,2
MYD17A2H.A2018161.h12v02.006.2019121124744.Gpp_500m,MYD17A2H,A2018161,Lat65.9255Lon-137.4220833Samp13Line13,2019121124744,Gpp_500m,92,75,93,34,30,30,34,34,34,34,93,71,70,133,93,93,58,93,58,58,34,34,34,70,70,118,58,58,58,58,58,174,151,53,70,58,58,77,134,58,168,70,71,133,64,30,70,70,30,205,205,270,58,58,122,169,170,70,70,221,311,311,152,152,194,58,112,113,105,148,148,276,311,187,187,58,118,100,95,87,217,217,276,311,187,152,148,247,311,311,329,87,164,382,264,311,176,177,205,282,282,276,293,294,292,382,258,287,177,322,235,264,288,288,288,277,281,230,164,340,276,311,270,318,288,288,282,288,281,281,247,318,311,311,329,293,282,277,304,288,288,288,259,322,322,288,317,334,322,334,294,294,277,270,277,288,288,334,376,370,370,304,304,288,304,288,265,265,222
MYD17A2H.A2018161.h12v02.006.2019121124744.PsnNet_500m,MYD17A2H,A2018161,Lat65.9255Lon-137.4220833Samp13Line13,2019121124744,PsnNet_500m,88,71,88,33,29,29,33,33,33,33,89,66,66,124,88,88,55,88,55,55,33,33,33,66,66,108,55,55,55,55,55,161,141,48,66,55,55,72,126,55,155,66,66,124,61,29,65,64,29,188,189,247,55,55,112,155,157,65,66,205,283,283,141,141,179,55,104,105,99,136,136,253,285,173,173,55,108,94,88,83,203,203,255,285,173,141,137,228,285,285,301,83,153,344,242,287,165,165,192,259,259,254,270,270,267,344,237,267,165,294,216,244,263,263,263,254,259,208,153,310,254,285,248,290,263,263,259,262,259,259,228,290,285,285,299,269,259,254,279,262,263,263,238,294,294,263,290,305,294,305,270,270,254,248,254,263,263,305,339,334,334,279,280,263,280,263,245,245,206
MYD17A2H.A2018161.h12v02.006.2019121124744.Psn_QC_500m,MYD17A2H,A2018161,Lat65.9255Lon-137.4220833Samp13Line13,2019121124744,Psn_QC_500m,2,10,2,10,2,2,10,10,10,10,2,10,10,2,2,2,2,2,2,2,10,10,10,10,2,2,2,2,2,2,2,2,67,83,2,2,2,2,2,2,2,10,10,2,10,2,2,2,2,2,2,2,2,2,2,2,2,2,2,2,2,2,2,2,10,2,67,67,2,2,2,2,2,2,2,2,67,67,2,2,2,2,2,2,2,2,10,2,2,2,2,2,18,2,2,10,10,10,2,2,2,2,2,2,2,2,2,10,10,2,2,10,2,2,2,2,2,2,10,2,2,2,2,2,2,2,2,2,2,2,10,2,2,2,2,2,2,2,2,2,2,2,2,2,2,2,2,2,2,2,2,2,2,2,2,2,2,2,2,2,2,2,2,2,2,2,2,2,2
MYD17A2H.A2018169.h12v02.006.2018184135011.Gpp_500m,MYD17A2H,A2018169,Lat65.9255Lon-137.4220833Samp13Line13,2018184135011,Gpp_500m,78,179,179,78,62,48,62,344,344,235,94,187,141,235,140,203,48,78,141,163,179,273,162,124,124,124,296,297,235,125,78,305,203,162,165,124,124,233,233,219,163,141,78,203,203,124,94,124,203,203,428,428,78,94,235,235,171,165,141,220,220,445,445,445,445,179,179,124,165,250,414,414,485,469,500,500,484,430,78,78,405,469,469,523,445,476,475,460,430,430,430,359,485,485,445,460,492,492,428,422,421,375,375,407,554,492,460,476,475,484,414,430,430,430,407,407,414,484,445,445,445,438,454,454,453,431,384,431,421,431,421,445,438,469,454,453,407,438,431,431,431,382,382,461,430,430,430,438,523,507,431,431,431,382,407,407,461,468,563,501,476,438,437,422,437,407,407,429,429
MYD17A2H.A2018169.h12v02.006.2018184135011.PsnNet_500m,MYD17A2H,A2018169,Lat65.9255Lon-137.4220833Samp13Line13,2018184135011,PsnNet_500m,71,165,165,71,58,44,58,308,309,214,87,173,128,214,128,187,44,71,129,150,165,247,149,117,117,117,270,270,213,117,71,276,186,149,150,117,117,214,214,199,150,129,71,186,186,117,86,117,184,184,385,385,71,87,214,214,157,150,128,199,199,397,397,397,397,165,165,117,150,225,373,373,431,417,444,444,431,386,72,72,365,416,416,461,397,423,423,410,386,386,385,324,430,431,397,411,436,436,386,378,378,337,337,364,486,436,411,423,423,431,373,386,385,385,364,364,373,431,397,397,397,388,405,405,405,385,345,385,380,386,377,397,394,417,405,405,364,394,385,385,386,345,345,410,386,385,385,394,465,447,385,386,386,345,366,366,410,417,490,444,423,394,393,377,393,366,366,386,385
MYD17A2H.A2018169.h12v02.006.2018184135011.Psn_QC_500m,MYD17A2H,A2018169,Lat65.9255Lon-137.4220833Samp13Line13,2018184135011,Psn_QC_500m,2,2,2,2,2,10,2,2,2,2,2,18,2,2,2,2,10,2,2,2,2,2,2,2,2,2,2,2,2,2,2,2,2,2,2,2,2,2,2,2,2,2,2,2,2,2,2,2,2,2,2,2,2,2,2,2,2,2,2,2,2,2,2,2,2,2,2,2,2,2,2,2,2,2,2,2,2,2,10,10,2,2,2,2,2,2,2,2,2,2,2,2,2,2,2,2,2,2,2,2,2,2,2,2,2,2,2,2,2,2,2,2,2,2,2,2,2,2,2,2,2,2,2,2,2,2,2,2,2,2,2,2,2,2,2,2,2,2,2,2,2,2,2,2,2,2,2,2,2,2,2,2,2,2,2,2,2,2,2,2,2,2,2,2,2,2,2,2,2
MYD17A2H.A2018177.h12v02.006.2018190152155.Gpp_500m,MYD17A2H,A2018177,Lat65.9255Lon-137.4220833Samp13Line13,2018190152155,Gpp_500m,148,149,134,112,133,71,169,168,281,34,112,112,194,71,112,133,34,42,42,182,266,210,210,126,83,90,112,64,42,112,112,161,161,182,77,77,90,243,336,42,42,133,204,252,168,168,77,83,77,126,126,126,27,42,42,359,41,90,77,132,224,224,175,77,117,42,42,41,41,97,326,425,425,326,570,515,451,341,41,90,405,97,563,562,548,500,493,494,487,249,105,83,97,528,90,90,548,479,479,473,90,105,145,145,77,61,126,479,506,506,459,465,77,41,139,139,104,69,83,360,360,459,473,126,126,132,132,90,90,90,437,97,83,90,105,105,298,298,90,90,35,367,367,77,77,117,367,195,77,76,76,56,56,367,367,382,83,576,575,97,69,69,76,298,382,382,382,353,345
MYD17A2H.A2018177.h12v02.006.2018190152155.PsnNet_500m,MYD17A2H,A2018177,Lat65.9255Lon-137.4220833Samp13Line13,2018190152155,PsnNet_500m,135,135,124,105,124,66,153,153,256,32,105,105,177,66,105,124,32,41,41,167,243,192,192,116,78,85,105,58,41,105,105,149,149,166,72,72,85,224,305,41,41,123,188,231,155,156,72,78,72,118,118,118,26,41,41,323,41,85,72,122,205,205,160,72,110,41,41,41,41,90,300,384,384,301,493,451,405,309,41,85,360,90,488,488,479,441,436,436,430,230,97,78,90,466,85,85,478,423,423,418,86,97,135,135,72,58,118,423,446,446,409,413,72,40,128,128,97,66,78,324,325,409,418,118,118,122,122,86,86,86,393,90,78,86,97,97,274,274,86,86,31,332,332,72,72,111,329,179,72,72,72,49,49,332,331,343,78,490,490,90,65,65,72,270,343,343,343,318,313
MYD17A2H.A2018177.h12v02.006.2018190152155.Psn_QC_500m,MYD17A2H,A2018177,Lat65.9255Lon-137.4220833Samp13Line13,2018190152155,Psn_QC_500m,2,2,2,2,2,2,2,2,2,2,2,2,2,10,2,2,10,10,10,2,2,2,2,2,10,10,2,10,18,2,2,2,2,2,10,10,10,67,67,10,10,75,67,67,67,67,10,10,10,2,10,10,67,10,10,67,10,10,10,10,10,10,10,10,10,10,10,10,10,10,10,10,10,10,2,2,2,10,10,10,67,10,2,2,2,2,2,2,2,10,10,2,2,2,10,10,2,2,2,2,10,10,10,10,10,10,10,2,2,2,2,2,10,10,10,10,10,10,10,2,2,2,2,10,10,10,10,10,10,10,2,10,10,10,10,10,67,67,10,10,18,2,2,10,10,10,67,67,10,18,18,10,10,2,2,2,10,2,2,67,10,10,10,2,2,2,2,2,2
MYD17A2H.A2018185.h12v02.006.2018199152457.Gpp_500m,MYD17A2H,A2018185,Lat65.9255Lon-137.4220833Samp13Line13,2018199152457,Gpp_500m,201,217,234,159,50,134,135,135,217,217,217,217,50,267,267,134,134,135,134,134,50,92,134,50,50,217,210,217,217,134,134,217,134,217,134,134,134,217,251,134,134,134,134,134,217,134,134,168,284,217,217,375,134,134,217,217,134,134,217,292,292,393,393,450,400,217,217,192,133,292,292,449,458,458,442,409,408,400,50,50,84,333,442,442,458,415,400,400,450,450,399,217,382,382,425,425,400,400,400,400,350,350,359,359,458,466,466,433,433,375,375,450,382,367,367,335,335,442,442,375,375,375,375,382,367,367,367,341,335,376,367,367,367,424,424,424,367,367,399,399,399,399,382,432,424,399,399,415,416,416,399,399,399,375,366,375,376,459,449,475,475,399,399,368,375,390,375,366,384
MYD17A2H.A2018185.h12v02.006.2018199152457.PsnNet_500m,MYD17A2H,A2018185,Lat65.9255Lon-137.4220833Samp13Line13,2018199152457,PsnNet_500m,185,199,216,148,47,124,124,124,199,199,199,199,47,246,246,124,124,124,124,124,47,87,123,47,47,198,191,199,199,124,124,199,123,199,123,124,124,198,228,124,124,124,124,123,199,123,124,153,259,198,198,337,124,124,199,199,123,124,198,266,266,354,354,403,359,199,199,176,124,267,266,403,412,412,398,365,365,359,47,47,76,304,399,399,412,377,359,359,410,410,364,198,347,347,381,381,359,359,363,363,315,315,324,324,410,417,417,391,391,337,337,408,347,330,330,303,303,395,395,337,337,337,337,347,330,330,330,312,305,337,330,330,330,380,380,381,333,333,364,364,359,359,347,391,380,364,364,377,377,377,359,359,359,337,332,340,337,412,402,425,425,364,364,331,337,356,337,332,350
MYD17A2H.A2018185.h12v02.006.2018199152457.Psn_QC_500m,MYD17A2H,A2018185,Lat65.9255Lon-137.4220833Samp13Line13,2018199152457,Psn_QC_500m,18,18,18,2,18,2,2,2,2,2,2,2,10,18,18,2,2,2,2,2,10,75,2,10,10,2,2,2,2,2,2,2,2,2,2,2,2,2,2,2,2,2,2,2,2,2,2,10,10,2,2,2,2,2,2,2,2,2,10,2,2,2,2,2,2,2,2,2,2,2,2,2,2,2,2,2,2,2,10,10,10,10,2,2,2,2,2,2,10,10,2,2,2,2,2,2,2,2,2,2,2,2,2,2,2,2,2,2,2,2,2,10,2,2,2,2,2,2,2,2,2,2,2,2,2,2,2,10,10,2,2,2,2,2,2,2,2,2,2,2,2,2,2,2,2,2,2,2,2,2,2,2,2,2,10,2,2,2,2,2,2,2,2,2,2,10,2,10,10
MYD17A2H.A2018193.h12v02.006.2018204170318.Gpp_500m,MYD17A2H,A2018193,Lat65.9255Lon-137.4220833Samp13Line13,2018204170318,Gpp_500m,106,131,131,117,117,139,139,271,172,173,153,153,120,158,171,178,105,171,85,105,173,225,139,159,159,186,245,271,117,117,278,139,212,106,107,40,34,79,79,171,193,105,105,139,80,79,128,67,85,85,85,107,105,174,126,126,40,79,128,128,128,254,254,254,254,106,219,221,133,67,321,432,314,273,102,288,288,274,40,73,85,247,247,413,314,314,282,288,288,423,348,120,200,200,375,314,400,307,328,282,200,241,73,241,73,454,361,394,401,401,186,288,288,268,160,202,168,375,375,282,274,366,274,308,73,268,260,147,154,154,300,186,321,321,282,282,128,120,120,188,73,361,215,296,296,360,327,282,128,214,40,73,268,308,308,308,296,296,308,308,86,86,173,188,268,348,201,195,242
MYD17A2H.A2018193.h12v02.006.2018204170318.PsnNet_500m,MYD17A2H,A2018193,Lat65.9255Lon-137.4220833Samp13Line13,2018204170318,PsnNet_500m,98,121,121,109,109,126,126,247,156,156,140,140,110,148,156,164,98,156,81,98,156,202,126,144,144,169,223,247,109,109,250,126,192,99,100,37,31,75,75,156,175,98,99,126,75,75,117,63,82,82,82,100,98,156,116,116,37,75,117,117,117,230,230,230,230,99,198,200,124,63,292,383,283,250,94,260,260,249,37,69,82,227,227,370,283,284,256,260,260,378,314,112,186,186,336,286,363,281,298,256,187,218,69,218,69,402,328,354,359,359,171,262,262,243,148,187,155,336,336,253,249,331,249,280,69,243,235,137,144,144,273,171,292,292,252,252,120,112,112,171,69,328,192,265,265,326,298,253,117,196,37,69,244,281,281,277,265,265,280,280,79,83,158,171,244,312,181,177,219
MYD17A2H.A2018193.h12v02.006.2018204170318.Psn_QC_500m,MYD17A2H,A2018193,Lat65.9255Lon-137.4220833Samp13Line13,2018204170318,Psn_QC_500m,2,2,2,2,2,18,18,2,2,2,2,2,2,18,2,2,2,2,10,2,2,2,2,2,2,2,2,2,2,2,2,2,2,2,2,10,10,10,10,2,2,2,2,2,10,10,2,2,2,10,10,10,2,2,18,18,10,10,2,2,2,2,2,2,2,2,10,10,10,10,10,2,2,67,10,2,2,2,10,10,10,18,18,18,2,2,2,2,2,10,10,10,18,18,18,10,10,10,10,2,10,2,10,2,10,2,10,10,10,10,10,10,10,2,10,10,18,10,10,2,2,2,2,10,10,2,2,10,10,10,2,10,10,10,2,2,10,10,10,10,10,10,2,10,2,10,10,2,10,67,10,10,10,10,10,10,2,2,10,10,10,10,2,10,67,10,2,2,10
MYD17A2H.A2018201.h12v02.006.2018211163032.Gpp_500m,MYD17A2H,A2018201,Lat65.9255Lon-137.4220833Samp13Line13,2018211163032,Gpp_500m,214,238,238,155,190,155,155,189,304,171,230,286,172,238,314,213,213,147,147,171,287,353,286,172,188,188,247,247,213,132,212,212,314,205,188,172,172,237,261,385,385,287,287,171,247,188,172,172,333,464,463,569,238,189,189,262,188,245,245,472,578,578,559,495,495,171,262,261,261,261,424,505,505,488,546,481,481,447,188,188,448,488,529,529,537,472,481,481,642,440,431,309,513,521,521,505,578,488,488,440,440,440,440,439,553,553,559,578,504,463,463,454,454,496,463,463,439,553,504,504,504,471,488,504,504,463,439,463,454,454,546,559,471,504,504,513,479,486,486,471,487,487,439,513,471,471,463,567,577,528,513,471,471,463,430,446,528,528,593,593,560,503,486,471,471,471,430,430,430
MYD17A2H.A2018201.h12v02.006.2018211163032.PsnNet_500m,MYD17A2H,A2018201,Lat65.9255Lon-137.4220833Samp13Line13,2018211163032,PsnNet_500m,188,208,208,139,167,139,139,167,265,151,199,247,148,208,278,187,187,131,131,151,247,303,247,148,165,165,216,216,187,118,187,187,272,184,165,148,148,204,226,329,329,247,247,151,216,165,148,148,293,393,393,467,208,167,167,227,165,212,212,401,475,475,458,416,416,151,227,227,226,226,361,419,419,413,452,405,405,376,165,165,386,409,441,441,448,397,405,405,517,372,372,269,427,436,436,425,475,412,412,372,372,372,372,372,460,460,469,475,424,393,393,384,384,416,392,392,372,460,424,424,424,401,412,424,424,392,372,392,384,388,452,464,401,424,424,427,404,412,412,401,412,412,372,427,396,396,393,467,475,437,434,401,400,392,363,376,444,437,486,486,464,424,412,401,400,400,364,364,364
MYD17A2H.A2018201.h12v02.006.2018211163032.Psn_QC_500m,MYD17A2H,A2018201,Lat65.9255Lon-137.4220833Samp13Line13,2018211163032,Psn_QC_500m,2,2,2,2,2,2,2,2,2,2,2,2,2,2,18,2,2,2,2,2,2,2,2,2,2,2,2,2,2,2,2,2,2,10,2,2,2,2,2,2,2,2,2,2,2,2,2,2,2,2,2,2,2,2,2,2,2,2,2,2,2,2,2,2,2,2,2,2,2,2,2,2,2,2,2,2,2,2,2,2,10,2,2,2,2,2,2,2,2,2,18,2,2,2,2,2,2,2,2,2,2,2,2,2,2,2,2,2,2,2,2,2,2,2,2,2,2,2,2,2,2,2,2,2,2,2,2,2,2,2,2,18,2,2,2,2,2,2,2,2,2,2,2,18,2,2,2,2,2,2,2,2,2,2,2,2,2,2,2,2,2,2,2,2,2,10,2,2,2
MYD17A2H.A2018209.h12v02.006.2018221001330.Gpp_500m,MYD17A2H,A2018209,Lat65.9255Lon-137.4220833Samp13Line13,2018221001330,Gpp_500m,195,286,211,75,144,173,194,323,314,314,120,120,243,173,157,157,144,144,194,157,194,194,194,118,213,229,256,299,194,194,255,255,293,89,118,213,213,229,229,277,277,194,194,240,187,169,163,118,200,200,331,449,194,314,314,277,185,237,237,281,390,390,347,243,243,144,255,223,237,237,428,449,414,237,259,223,222,192,169,331,495,495,548,399,259,259,258,222,222,191,191,185,325,325,259,442,259,258,228,222,191,191,250,250,584,523,303,303,228,222,212,212,205,212,278,227,227,376,376,325,484,212,242,235,235,205,205,227,227,227,354,354,501,375,279,278,256,256,256,256,374,352,507,236,528,354,316,265,235,322,322,403,426,308,308,346,316,316,265,565,227,498,520,520,417,417,460,460,518
MYD17A2H.A2018209.h12v02.006.2018221001330.PsnNet_500m,MYD17A2H,A2018209,Lat65.9255Lon-137.4220833Samp13Line13,2018221001330,PsnNet_500m,175,253,186,69,129,155,175,284,276,275,110,110,215,155,140,140,129,129,175,140,175,174,174,107,192,204,228,265,175,175,224,224,256,80,107,192,192,204,204,246,246,175,175,212,169,153,144,107,179,179,291,390,175,275,275,246,167,210,210,249,340,340,308,215,215,129,226,198,210,210,371,388,358,210,228,198,197,172,153,291,419,419,459,352,228,230,229,197,197,172,171,167,290,290,228,390,230,229,202,197,172,171,218,218,477,446,272,272,203,197,190,190,180,189,252,202,202,335,335,289,415,190,215,209,209,180,180,202,202,202,315,315,431,334,252,252,233,233,233,225,332,314,431,210,445,315,281,234,208,289,289,354,373,269,269,301,281,281,234,471,202,429,443,443,360,360,397,397,439
MYD17A2H.A2018209.h12v02.006.2018221001330.Psn_QC_500m,MYD17A2H,A2018209,Lat65.9255Lon-137.4220833Samp13Line13,2018221001330,Psn_QC_500m,2,2,2,18,18,2,18,2,2,2,2,2,10,2,2,2,18,2,2,2,2,2,2,2,10,10,18,2,2,2,2,2,10,18,2,10,10,10,10,2,2,2,2,2,18,2,18,2,10,10,2,2,2,2,2,2,18,2,2,10,2,2,2,2,2,18,2,2,2,2,10,2,2,2,2,2,2,2,2,2,2,2,2,10,2,2,2,2,2,2,2,2,10,10,2,10,2,2,2,2,2,2,2,2,10,2,10,10,2,2,2,2,2,2,10,2,2,10,10,10,10,2,2,2,2,2,2,2,2,2,18,18,10,10,10,10,10,10,10,2,10,10,18,2,10,10,18,2,2,10,10,10,10,2,2,2,18,18,2,10,2,2,2,2,2,2,2,2,2
MYD17A2H.A2018217.h12v02.006.2018232210248.Gpp_500m,MYD17A2H,A2018217,Lat65.9255Lon-137.4220833Samp13Line13,2018232210248,Gpp_500m,85,115,115,71,44,115,114,26,114,114,119,119,123,129,94,93,115,114,44,58,151,150,93,105,105,112,153,153,71,71,71,26,26,114,101,123,123,109,112,71,114,114,114,114,114,113,113,112,112,148,127,162,247,26,150,150,148,342,123,167,179,134,145,201,201,93,114,113,145,145,184,226,226,189,214,214,227,227,113,112,127,58,394,222,210,210,197,197,197,206,206,154,236,236,249,207,207,189,189,189,189,197,197,191,258,249,249,242,241,201,201,189,197,197,206,197,197,245,214,214,201,201,206,201,201,175,197,197,189,149,201,201,201,236,235,191,191,222,197,201,156,154,154,222,210,210,257,257,222,267,206,206,201,201,154,112,210,210,267,267,267,236,228,236,236,192,184,192,214
MYD17A2H.A2018217.h12v02.006.2018232210248.PsnNet_500m,MYD17A2H,A2018217,Lat65.9255Lon-137.4220833Samp13Line13,2018232210248,PsnNet_500m,76,101,101,64,41,101,101,23,100,100,107,107,111,113,83,83,101,101,41,52,131,131,81,95,95,100,136,136,64,64,64,23,23,100,90,109,109,98,100,64,100,100,100,100,100,100,100,100,100,132,114,144,215,23,131,131,131,272,111,148,159,122,131,177,177,81,100,100,131,131,160,196,196,166,187,187,200,200,100,100,114,53,283,195,185,185,174,174,174,179,179,136,207,207,217,179,179,166,166,166,166,173,173,171,223,217,217,207,207,177,177,166,173,173,182,176,177,214,187,187,177,177,179,177,177,157,176,177,168,130,177,177,177,206,206,167,167,195,177,180,142,136,136,194,183,183,224,224,195,228,181,181,176,176,136,102,183,183,229,228,228,209,199,205,204,169,166,170,184
MYD17A2H.A2018217.h12v02.006.2018232210248.Psn_QC_500m,MYD17A2H,A2018217,Lat65.9255Lon-137.4220833Samp13Line13,2018232210248,Psn_QC_500m,2,2,2,2,2,2,2,10,18,18,18,18,2,2,2,2,2,2,10,10,18,18,18,2,2,18,2,2,2,2,2,10,10,2,18,2,2,2,2,2,2,2,2,2,2,2,2,2,18,18,2,2,99,2,2,2,2,115,10,18,18,2,2,2,2,2,2,2,10,10,18,18,18,2,2,2,2,2,2,2,10,10,115,2,2,2,2,2,2,2,2,2,2,2,2,2,2,2,2,2,2,2,2,10,2,2,2,2,2,2,2,2,2,2,10,10,10,2,2,2,2,2,2,2,2,10,10,10,10,2,2,2,2,2,2,2,2,2,10,10,10,2,2,2,2,2,2,2,2,2,2,2,2,2,2,10,2,2,2,2,2,18,2,2,2,2,10,10,2
MYD17A2H.A2018225.h12v02.006.2018235202800.Gpp_500m,MYD17A2H,A2018225,Lat65.9255Lon-137.4220833Samp13Line13,2018235202800,Gpp_500m,88,72,78,93,88,58,73,88,88,88,84,84,88,82,93,88,73,85,73,84,84,185,107,84,84,93,100,100,58,30,84,119,84,84,84,84,84,84,135,111,93,93,84,84,84,123,116,116,139,162,170,181,118,123,123,127,139,146,147,113,139,181,181,181,182,147,147,139,147,147,181,181,197,197,197,182,182,182,119,119,147,181,181,193,193,193,182,182,135,135,119,88,181,181,181,193,193,182,182,84,84,119,119,107,211,207,207,207,182,182,84,123,116,119,119,142,128,193,140,119,119,81,81,123,116,116,124,124,162,155,119,123,63,54,116,116,116,185,185,189,189,189,140,64,31,93,116,117,231,232,204,204,204,160,189,189,70,58,113,231,232,204,204,204,205,205,189,119,147
MYD17A2H.A2018225.h12v02.006.2018235202800.PsnNet_500m,MYD17A2H,A2018225,Lat65.9255Lon-137.4220833Samp13Line13,2018235202800,PsnNet_500m,83,67,70,88,83,53,67,83,83,83,78,78,82,76,88,83,67,79,67,79,78,161,101,79,79,87,90,90,53,30,78,111,78,78,79,79,79,79,123,105,88,88,78,78,78,114,107,107,128,148,155,165,106,112,112,118,128,135,135,101,128,165,166,166,166,134,134,128,135,135,166,166,176,176,176,166,166,166,110,110,135,165,165,175,175,175,166,166,123,123,110,82,165,165,165,175,175,166,166,79,79,110,110,100,190,189,189,189,166,166,79,114,107,110,110,131,119,175,129,110,110,76,76,114,107,107,114,114,150,142,110,114,58,52,109,109,109,167,167,172,172,172,130,62,30,87,109,109,209,209,186,186,186,145,172,172,63,54,105,209,209,186,186,186,186,186,172,110,134
MYD17A2H.A2018225.h12v02.006.2018235202800.Psn_QC_500m,MYD17A2H,A2018225,Lat65.9255Lon-137.4220833Samp13Line13,2018235202800,Psn_QC_500m,18,18,2,2,2,10,10,2,2,2,2,2,2,10,2,2,10,2,10,2,2,10,10,2,2,10,2,2,10,10,2,10,2,2,2,2,2,2,2,10,10,10,2,2,2,18,18,18,2,18,10,2,10,10,10,10,18,18,18,2,2,2,2,2,2,10,10,18,18,18,2,2,2,2,2,2,2,2,18,18,18,2,2,2,2,2,2,2,2,2,18,2,2,2,2,2,2,2,2,18,18,10,10,18,2,2,2,2,2,2,18,10,10,10,10,18,18,2,2,10,10,10,10,10,10,10,2,2,2,2,10,10,10,10,18,18,18,2,2,2,2,2,2,10,10,10,18,18,2,2,2,2,2,2,2,2,10,18,18,2,2,2,2,2,2,2,2,2,2
MYD17A2H.A2018233.h12v02.006.2018242050506.Gpp_500m,MYD17A2H,A2018233,Lat65.9255Lon-137.4220833Samp13Line13,2018242050506,Gpp_500m,21,21,21,26,37,37,21,89,89,21,21,21,57,16,57,41,41,21,57,57,21,21,21,21,57,57,57,37,37,21,57,21,21,21,57,57,57,57,118,37,36,21,21,57,21,21,57,131,21,133,133,129,57,57,57,57,57,57,17,17,129,129,148,118,105,125,21,57,57,90,90,123,109,133,133,118,146,146,132,21,57,109,109,131,133,133,141,123,123,105,109,80,105,105,118,104,105,123,129,90,90,90,109,109,17,118,118,118,118,129,90,90,90,91,34,100,57,109,90,126,99,99,90,22,22,34,57,57,57,22,90,90,99,90,215,199,41,57,64,64,93,93,170,109,109,91,190,22,238,116,116,22,93,21,130,156,93,93,120,120,121,123,86,170,156,156,143,101,109
MYD17A2H.A2018233.h12v02.006.2018242050506.PsnNet_500m,MYD17A2H,A2018233,Lat65.9255Lon-137.4220833Samp13Line13,2018242050506,PsnNet_500m,19,19,19,25,35,35,19,79,79,19,19,19,51,16,51,37,37,19,51,51,19,19,19,19,51,51,51,35,35,19,51,19,19,19,51,51,51,51,104,35,34,19,19,51,19,19,51,109,19,118,118,115,51,51,51,51,51,51,16,16,113,113,130,104,94,107,19,51,51,80,80,109,97,118,118,104,126,126,110,19,51,95,96,115,118,118,123,109,109,94,97,71,94,94,104,93,93,109,115,80,80,80,96,96,16,104,104,104,104,115,80,80,80,80,31,89,51,97,80,112,89,89,80,19,19,31,51,51,51,19,80,80,89,80,149,148,37,51,59,59,83,83,131,96,96,80,142,19,147,104,104,19,83,19,115,138,83,83,107,107,108,109,77,146,138,138,123,89,95
MYD17A2H.A2018233.h12v02.006.2018242050506.Psn_QC_500m,MYD17A2H,A2018233,Lat65.9255Lon-137.4220833Samp13Line13,2018242050506,Psn_QC_500m,10,2,10,10,10,10,10,2,2,10,10,10,2,18,10,2,2,10,2,2,10,10,10,2,2,2,2,2,2,10,2,10,10,2,2,2,2,2,2,2,2,10,10,2,10,10,2,99,10,2,2,2,2,2,2,2,2,2,2,18,2,2,2,2,2,99,2,2,2,2,2,2,2,2,2,2,2,2,99,10,2,2,2,2,2,2,2,2,2,2,2,2,2,2,2,2,2,2,2,2,2,2,2,2,2,2,2,2,2,2,2,2,2,2,10,2,2,2,2,2,2,2,2,10,10,10,2,2,2,10,2,2,2,2,99,115,10,2,10,10,2,2,99,2,2,2,99,10,99,10,10,10,2,10,2,2,2,2,18,18,2,2,10,2,2,2,2,2,2
MYD17A2H.A2018241.h12v02.006.2018250045717.Gpp_500m,MYD17A2H,A2018241,Lat65.9255Lon-137.4220833Samp13Line13,2018250045717,Gpp_500m,41,53,30,30,26,26,26,13,26,25,13,13,38,39,39,39,16,39,16,25,16,16,16,15,25,15,39,39,13,16,16,16,13,16,15,15,15,15,28,39,16,16,13,20,16,15,15,15,20,65,38,38,16,7,16,16,15,15,38,38,83,65,65,21,30,16,25,15,16,41,72,41,25,25,30,30,41,64,30,30,56,68,67,30,47,58,62,41,50,42,42,56,75,30,65,65,65,65,64,64,42,42,42,30,65,65,25,65,65,67,67,56,49,55,55,58,41,41,48,48,38,76,36,44,46,46,57,58,58,78,65,48,46,65,30,32,117,118,114,82,96,30,41,65,65,65,76,112,112,82,67,53,53,41,41,41,65,78,66,66,66,66,66,66,66,66,66,41,41
MYD17A2H.A2018241.h12v02.006.2018250045717.PsnNet_500m,MYD17A2H,A2018241,Lat65.9255Lon-137.4220833Samp13Line13,2018250045717,PsnNet_500m,38,47,26,26,25,25,25,10,25,21,10,10,37,36,36,36,13,36,13,21,13,13,13,13,23,13,36,36,10,13,13,13,10,13,13,13,13,13,25,36,13,13,10,17,13,13,13,13,17,56,37,37,13,7,13,13,13,13,37,37,72,56,56,19,28,13,21,13,16,38,63,38,23,23,28,28,38,56,26,27,48,62,62,27,42,52,53,38,47,38,38,48,66,27,57,57,57,57,56,56,38,38,38,29,57,57,23,56,57,60,60,49,47,48,48,53,38,38,44,44,37,66,32,38,39,39,49,52,52,70,56,44,38,57,29,29,101,102,96,73,83,27,38,57,57,57,66,96,96,72,61,47,47,38,38,38,57,70,57,57,57,57,57,57,57,57,57,38,38
MYD17A2H.A2018241.h12v02.006.2018250045717.Psn_QC_500m,MYD17A2H,A2018241,Lat65.9255Lon-137.4220833Samp13Line13,2018250045717,Psn_QC_500m,2,2,10,10,2,2,2,10,10,10,2,10,2,2,2,2,10,2,10,10,10,10,10,10,10,10,2,2,2,18,18,18,2,10,10,10,10,10,10,2,18,10,2,99,10,10,10,10,10,10,2,2,10,107,10,2,10,10,2,2,2,2,2,18,10,10,107,10,10,2,2,2,18,18,10,10,2,2,10,2,2,2,2,10,10,10,10,2,10,2,2,2,2,10,2,2,2,2,2,2,2,2,2,10,2,2,10,2,2,10,10,10,10,10,10,10,2,2,2,2,2,10,10,18,18,18,10,10,10,10,10,10,10,2,10,18,2,2,2,2,2,10,2,2,2,2,10,2,2,2,2,2,2,2,2,2,2,10,2,2,2,2,2,2,2,2,2,2,2
MYD17A2H.A2018249.h12v02.006.2018258045050.Gpp_500m,MYD17A2H,A2018249,Lat65.9255Lon-137.4220833Samp13Line13,2018258045050,Gpp_500m,34,34,34,23,34,19,19,24,19,24,19,24,10,34,34,34,19,19,10,10,24,24,24,10,10,10,34,34,24,10,10,10,10,10,10,24,24,34,34,24,19,10,10,20,20,10,10,24,26,53,54,54,34,10,24,24,10,10,34,34,62,62,59,59,55,10,24,10,26,34,42,42,62,62,62,54,54,54,62,62,34,53,53,62,55,62,54,54,54,62,62,34,62,70,70,55,55,74,54,54,54,54,54,59,70,70,62,62,74,74,62,54,54,54,59,59,54,55,55,62,62,62,62,55,85,59,59,62,63,62,54,62,62,63,62,62,69,69,62,62,62,54,80,70,62,62,62,79,79,76,59,59,54,54,111,110,60,68,68,74,71,71,71,62,62,55,86,54,54
MYD17A2H.A2018249.h12v02.006.2018258045050.PsnNet_500m,MYD17A2H,A2018249,Lat65.9255Lon-137.4220833Samp13Line13,2018258045050,PsnNet_500m,32,32,32,20,31,16,16,20,16,20,16,20,9,32,32,31,16,16,8,8,20,20,20,9,9,9,31,31,20,8,8,8,8,8,9,20,20,31,31,20,16,8,8,19,19,9,9,20,24,50,50,50,31,8,20,20,9,9,31,31,57,57,50,50,50,8,20,9,24,31,36,36,57,57,57,50,50,50,54,54,31,50,50,57,50,57,50,50,50,57,57,31,57,62,62,50,50,65,50,50,50,50,50,50,61,61,57,57,65,65,57,50,50,50,50,50,50,50,50,54,54,57,57,50,70,50,50,56,57,54,50,57,57,57,57,56,59,59,54,54,54,50,70,61,56,56,56,69,69,66,50,50,50,50,92,92,52,57,57,65,62,62,62,56,56,50,74,50,50
MYD17A2H.A2018249.h12v02.006.2018258045050.Psn_QC_500m,MYD17A2H,A2018249,Lat65.9255Lon-137.4220833Samp13Line13,2018258045050,Psn_QC_500m,2,2,2,2,2,2,2,2,2,2,2,2,2,2,2,2,2,2,2,2,2,2,2,2,2,2,2,2,2,2,2,2,2,2,2,2,2,2,2,2,2,2,2,2,2,2,2,2,2,2,2,2,2,2,2,2,2,2,2,2,2,2,2,2,2,2,2,2,2,2,2,2,2,2,2,2,2,2,10,10,2,2,2,2,2,2,2,2,2,2,2,2,2,2,2,2,2,2,2,2,2,2,2,2,2,2,2,2,2,2,2,2,2,2,2,2,2,2,2,2,2,2,2,2,10,2,2,10,10,2,2,2,2,10,2,2,2,2,2,2,2,2,10,2,2,2,2,2,2,2,2,2,2,2,10,10,2,2,2,2,2,2,2,2,2,2,10,2,2
MYD17A2H.A2018257.h12v02.006.2018268154005.Gpp_500m,MYD17A2H,A2018257,Lat65.9255Lon-137.4220833Samp13Line13,2018268154005,Gpp_500m,18,35,35,35,35,24,24,35,35,24,15,24,14,35,35,28,24,18,18,15,15,35,15,14,14,24,35,35,35,15,24,15,15,15,14,14,14,35,35,35,27,15,15,15,15,14,35,35,35,48,58,64,35,35,15,15,10,24,18,57,64,72,72,58,71,15,15,14,14,35,35,64,76,76,64,57,57,67,14,26,35,57,57,64,64,58,57,57,71,70,64,35,69,82,71,59,74,74,57,57,64,64,70,70,87,80,64,76,83,79,64,57,57,64,74,64,64,58,57,76,79,69,64,64,62,56,56,56,64,64,57,72,79,64,57,64,78,71,71,64,61,50,56,80,74,59,74,86,86,86,80,64,56,56,56,56,69,79,78,88,78,80,78,74,66,61,56,56,56
MYD17A2H.A2018257.h12v02.006.2018268154005.PsnNet_500m,MYD17A2H,A2018257,Lat65.9255Lon-137.4220833Samp13Line13,2018268154005,PsnNet_500m,15,34,34,34,34,24,24,34,34,24,11,24,11,34,34,24,24,15,15,11,11,34,11,11,11,24,34,34,34,11,23,11,11,11,11,11,11,34,34,34,24,11,11,11,11,11,34,34,34,42,52,57,34,34,11,11,9,22,15,50,57,65,65,53,63,11,11,11,11,34,34,58,67,69,57,50,50,58,11,24,34,50,50,58,58,53,50,50,63,63,58,34,63,72,63,55,66,66,50,50,57,57,63,63,77,72,57,69,72,70,57,50,50,57,65,57,57,53,50,67,70,63,57,57,55,50,50,50,57,57,50,65,70,57,50,57,70,63,63,57,55,46,50,72,66,55,65,77,77,76,72,57,50,50,50,50,63,70,70,79,70,72,70,65,59,55,50,49,50
MYD17A2H.A2018257.h12v02.006.2018268154005.Psn_QC_500m,MYD17A2H,A2018257,Lat65.9255Lon-137.4220833Samp13Line13,2018268154005,Psn_QC_500m,2,2,2,2,2,2,2,2,2,2,10,2,10,2,2,2,2,18,18,10,10,2,10,10,10,2,2,2,2,10,2,10,10,10,10,10,10,2,2,2,2,10,10,10,10,10,2,2,2,2,2,2,2,2,10,10,2,2,10,2,2,2,2,2,2,10,10,10,10,2,2,2,2,2,2,2,2,2,10,2,2,2,2,2,2,2,2,2,2,2,2,2,2,2,2,2,2,2,2,2,2,2,2,2,2,2,2,2,2,2,2,2,2,2,2,2,2,2,2,2,2,2,2,2,2,2,2,2,2,2,2,2,2,2,2,2,2,2,2,2,2,2,2,2,2,2,2,2,2,2,2,2,2,2,2,2,2,2,2,2,2,2,2,2,2,2,2,2,2
MYD17A2H.A2018265.h12v02.006.2018274040838.Gpp_500m,MYD17A2H,A2018265,Lat65.9255Lon-137.4220833Samp13Line13,2018274040838,Gpp_500m,8,8,8,8,8,8,8,8,8,8,8,8,7,8,8,8,8,8,8,8,8,8,8,7,7,7,8,8,8,8,8,8,8,8,7,7,7,7,7,8,8,8,8,8,8,7,7,7,7,7,7,10,8,8,8,8,7,7,7,0,7,7,7,7,15,8,8,7,7,7,7,7,12,12,7,7,7,7,0,7,7,7,7,7,7,7,7,7,7,7,7,7,7,7,7,2,2,7,7,7,7,7,20,20,7,7,7,7,7,7,7,7,7,7,7,12,12,12,12,15,15,12,12,10,10,14,7,7,7,10,14,15,15,15,12,12,8,8,10,10,7,7,7,15,20,10,7,7,9,2,9,7,7,7,7,7,12,12,7,7,7,6,6,7,7,7,9,9,7
MYD17A2H.A2018265.h12v02.006.2018274040838.PsnNet_500m,MYD17A2H,A2018265,Lat65.9255Lon-137.4220833Samp13Line13,2018274040838,PsnNet_500m,7,7,7,7,7,7,7,7,7,7,7,7,7,7,7,7,7,7,7,7,7,7,7,7,7,7,7,7,7,7,7,7,7,7,7,7,7,7,7,7,7,7,7,7,7,7,7,7,7,7,7,8,7,7,7,7,7,7,7,0,7,7,6,7,12,7,7,7,7,7,7,7,10,10,7,7,6,7,0,7,7,7,7,7,7,7,7,7,7,7,7,7,7,7,7,1,1,7,7,7,7,7,16,16,7,7,7,7,7,7,7,7,7,7,7,10,10,10,10,15,15,10,10,9,9,12,7,7,7,8,12,15,15,12,10,10,6,6,8,8,7,7,7,15,16,8,7,7,7,1,7,7,7,7,7,7,10,10,7,7,7,2,2,7,7,7,7,7,7
MYD17A2H.A2018265.h12v02.006.2018274040838.Psn_QC_500m,MYD17A2H,A2018265,Lat65.9255Lon-137.4220833Samp13Line13,2018274040838,Psn_QC_500m,10,10,10,10,10,10,10,10,10,10,10,10,10,10,10,10,10,10,10,10,10,10,10,10,10,10,10,10,10,10,10,10,10,10,10,10,10,10,10,10,10,10,10,10,10,10,2,2,2,2,2,2,10,10,10,10,10,2,2,99,10,10,2,2,2,10,2,2,10,10,2,2,2,2,10,10,2,18,107,10,10,2,2,2,2,2,2,10,10,10,10,10,10,2,2,99,107,2,10,10,10,10,2,2,10,10,10,10,10,10,10,10,10,10,10,18,18,10,10,10,10,10,10,10,10,10,10,10,10,75,10,10,10,10,10,10,67,67,67,67,10,10,10,10,2,10,10,10,67,107,67,75,10,2,2,10,10,10,10,10,10,107,107,10,10,75,75,75,2
MYD17A2H.A2018273.h12v02.006.2018289162148.Gpp_500m,MYD17A2H,A2018273,Lat65.9255Lon-137.4220833Samp13Line13,2018289162148,Gpp_500m,3,5,3,3,3,3,3,3,3,3,3,3,2,3,3,3,3,3,3,3,3,3,3,2,2,2,3,3,3,3,3,3,3,3,2,2,2,2,2,5,3,3,3,3,3,2,2,2,2,7,5,6,3,3,3,3,2,2,2,2,2,11,11,5,7,3,3,2,2,2,2,2,11,11,11,2,2,7,2,2,2,5,4,5,6,6,2,7,7,11,11,2,6,7,7,6,5,7,6,5,8,7,8,11,12,7,6,6,10,10,8,4,6,6,11,11,8,6,5,7,8,8,8,8,8,11,6,2,6,11,6,8,8,8,8,8,6,11,6,6,11,11,6,11,11,10,10,11,13,8,8,6,6,8,2,5,10,6,10,11,11,8,11,12,12,7,7,5,6
MYD17A2H.A2018273.h12v02.006.2018289162148.PsnNet_500m,MYD17A2H,A2018273,Lat65.9255Lon-137.4220833Samp13Line13,2018289162148,PsnNet_500m,2,4,2,2,2,2,2,2,2,2,2,2,2,2,2,2,2,2,2,2,2,2,2,2,2,2,2,2,2,2,2,2,2,2,2,2,2,2,2,5,2,2,2,2,2,2,2,2,2,6,2,6,2,2,2,2,2,2,2,2,2,8,8,2,6,2,2,2,2,2,2,2,8,9,9,2,2,6,2,2,2,5,3,2,5,5,2,6,6,8,8,2,6,7,7,6,5,6,6,5,7,6,7,8,9,6,5,5,7,7,7,2,5,5,8,8,7,5,3,6,7,7,7,7,7,9,6,2,6,9,6,7,7,7,7,7,5,9,6,6,8,8,6,9,9,7,7,9,9,7,7,6,5,7,2,2,7,6,8,9,9,7,8,9,9,6,6,2,6
MYD17A2H.A2018273.h12v02.006.2018289162148.Psn_QC_500m,MYD17A2H,A2018273,Lat65.9255Lon-137.4220833Samp13Line13,2018289162148,Psn_QC_500m,10,2,10,10,10,10,10,10,10,10,10,10,10,10,10,10,10,10,10,10,10,10,10,10,10,10,10,10,10,10,10,10,10,10,10,10,10,10,10,10,10,10,10,10,10,10,10,10,10,2,2,10,10,10,10,10,10,10,10,10,10,2,2,2,2,10,10,10,10,10,10,10,2,2,2,2,10,2,10,10,10,2,2,2,2,2,2,2,2,2,2,10,2,2,2,2,2,2,2,2,2,2,2,2,10,2,2,2,2,2,2,2,2,2,2,2,2,2,10,10,2,2,2,2,2,2,2,2,2,2,10,2,2,2,2,2,2,2,2,2,2,2,2,2,2,2,2,2,2,2,2,2,2,2,2,18,2,2,2,10,10,2,2,2,2,2,2,2,2
MYD17A2H.A2018281.h12v02.006.2018295163748.Gpp_500m,MYD17A2H,A2018281,Lat65.9255Lon-137.4220833Samp13Line13,2018295163748,Gpp_500m,0,0,0,0,0,0,0,0,0,0,0,0,0,0,0,0,0,0,0,0,0,0,0,0,0,0,3,3,0,0,0,0,0,0,0,0,0,0,0,1,0,0,0,0,0,0,0,0,0,0,10,10,0,0,0,0,0,0,0,0,3,5,10,21,16,0,0,0,0,0,2,7,8,8,21,22,22,13,0,0,0,3,6,3,3,22,22,19,8,10,10,0,3,3,3,1,3,3,4,4,9,9,7,22,3,3,1,1,3,3,5,5,6,8,8,22,22,1,3,6,6,5,5,14,19,19,22,22,10,7,6,6,5,5,14,14,16,16,10,10,10,13,14,5,7,15,15,8,8,5,5,13,13,13,7,7,7,3,5,10,11,10,10,7,4,3,3,7,7
MYD17A2H.A2018281.h12v02.006.2018295163748.PsnNet_500m,MYD17A2H,A2018281,Lat65.9255Lon-137.4220833Samp13Line13,2018295163748,PsnNet_500m,0,0,0,0,0,0,0,0,0,0,0,0,0,0,0,0,0,0,0,0,0,0,0,0,0,0,1,1,0,0,0,0,0,0,0,0,0,0,0,0,0,0,0,0,0,0,0,0,0,0,2,2,0,0,0,0,0,0,0,0,1,3,2,-21,-4,0,0,0,0,0,1,3,3,3,-21,-24,-24,0,0,0,0,1,3,2,2,-23,-23,-8,4,3,3,0,2,3,3,0,1,2,2,2,4,4,3,-24,2,1,0,0,2,2,3,3,3,4,4,-24,-24,0,1,3,3,3,3,0,-14,-14,-23,-23,4,3,3,3,3,3,0,0,-5,-5,4,4,4,2,-1,3,3,-3,-3,4,4,3,3,2,2,2,3,3,3,3,3,3,2,4,2,3,2,3,2,3,3
MYD17A2H.A2018281.h12v02.006.2018295163748.Psn_QC_500m,MYD17A2H,A2018281,Lat65.9255Lon-137.4220833Samp13Line13,2018295163748,Psn_QC_500m,75,75,75,75,75,75,75,75,75,75,75,67,67,75,75,75,75,75,75,67,67,67,67,67,67,67,83,75,67,67,75,75,75,75,67,75,67,67,67,83,75,75,75,67,75,75,75,75,83,67,67,67,83,75,75,75,83,75,75,75,67,67,67,83,83,75,75,75,75,67,75,67,67,67,83,75,83,67,75,75,75,67,67,67,67,75,75,75,67,67,67,75,67,67,67,75,67,67,67,67,67,67,67,67,67,67,67,75,67,67,67,67,67,67,67,67,67,67,67,67,67,67,83,67,67,67,67,67,67,67,67,67,67,67,67,67,67,67,67,67,67,67,67,67,67,67,67,67,67,67,67,67,67,67,67,67,67,67,75,67,67,67,67,67,83,67,83,67,67
MYD17A2H.A2018289.h12v02.006.2018303120610.Gpp_500m,MYD17A2H,A2018289,Lat65.9255Lon-137.4220833Samp13Line13,2018303120610,Gpp_500m,2,2,0,0,0,0,0,0,0,0,0,0,0,2,1,1,0,0,0,0,0,0,0,2,0,2,1,2,0,0,0,0,0,0,0,2,2,2,6,2,0,0,0,0,0,0,0,2,0,2,4,5,1,0,0,0,0,0,0,2,2,6,6,8,9,0,0,0,0,0,2,6,4,6,6,6,6,7,0,0,2,2,6,6,6,2,2,4,4,5,5,2,2,4,4,2,2,2,4,4,2,4,4,7,2,2,2,2,2,2,4,7,2,2,7,7,7,2,2,2,4,4,2,2,2,6,6,8,8,6,2,2,8,8,9,9,7,6,8,8,6,6,4,7,9,9,9,9,7,6,6,6,6,8,7,8,5,5,8,8,6,8,8,8,4,6,6,8,8
MYD17A2H.A2018289.h12v02.006.2018303120610.PsnNet_500m,MYD17A2H,A2018289,Lat65.9255Lon-137.4220833Samp13Line13,2018303120610,PsnNet_500m,1,1,0,0,0,0,0,0,0,0,0,0,0,0,0,0,0,0,0,0,0,0,0,2,0,2,0,0,0,0,0,0,0,0,0,2,2,2,2,0,0,0,0,0,0,0,0,1,0,0,2,2,0,0,0,0,0,0,0,2,2,2,2,3,3,0,0,0,0,0,2,2,2,2,2,2,2,2,0,0,2,2,2,2,2,2,2,2,2,2,2,2,2,2,2,2,2,2,2,2,2,2,2,2,2,2,1,2,2,2,2,3,2,2,2,3,3,1,2,2,2,2,2,2,2,2,2,4,4,2,2,2,4,4,4,4,3,2,4,4,2,2,2,3,4,4,4,4,2,2,2,2,2,4,3,4,2,2,3,3,2,4,4,4,2,2,2,4,4
MYD17A2H.A2018289.h12v02.006.2018303120610.Psn_QC_500m,MYD17A2H,A2018289,Lat65.9255Lon-137.4220833Samp13Line13,2018303120610,Psn_QC_500m,75,75,75,75,75,75,75,75,75,75,75,75,75,83,75,75,75,75,75,75,75,75,75,67,75,75,83,67,75,75,75,67,75,75,75,75,75,75,67,75,75,75,67,67,67,67,67,67,67,67,67,67,75,75,75,75,75,67,67,75,67,83,67,83,67,75,75,75,75,67,67,83,67,83,67,67,67,67,75,75,75,75,83,83,83,67,67,67,67,83,83,75,67,83,83,83,83,67,83,83,67,67,67,67,67,67,75,67,67,67,83,75,67,67,67,67,67,67,83,67,83,83,67,67,67,67,67,67,67,67,67,67,75,75,75,75,75,67,67,67,67,67,67,67,75,75,75,75,75,67,67,83,83,67,83,83,67,67,67,67,67,67,67,67,83,83,83,83,83
MYD17A2H.A2018297.h12v02.006.2018311163510.Gpp_500m,MYD17A2H,A2018297,Lat65.9255Lon-137.4220833Samp13Line13,2018311163510,Gpp_500m,0,0,0,0,0,0,0,0,0,0,0,0,0,0,0,0,0,0,0,0,0,0,0,0,0,0,0,0,0,0,0,0,0,0,0,0,0,0,0,0,0,0,0,0,0,0,0,0,0,0,0,0,0,0,0,0,0,0,0,0,0,0,0,0,0,0,0,0,0,0,0,0,0,0,0,0,0,0,0,0,0,0,0,0,0,0,0,0,0,0,0,0,0,0,0,0,0,0,0,0,0,0,0,0,0,0,0,0,0,0,0,0,0,0,0,0,0,0,0,0,0,0,0,0,0,0,0,0,0,0,0,0,0,0,0,0,0,0,0,0,0,0,0,0,0,0,0,0,0,0,0,0,0,0,0,0,0,0,0,0,0,0,0,0,0,0,0,0,0
MYD17A2H.A2018297.h12v02.006.2018311163510.PsnNet_500m,MYD17A2H,A2018297,Lat65.9255Lon-137.4220833Samp13Line13,2018311163510,PsnNet_500m,0,0,0,0,0,0,0,0,0,0,0,0,0,0,0,0,0,0,0,0,0,0,0,0,0,0,0,0,0,0,0,0,0,0,0,0,0,0,0,0,0,0,0,0,0,0,0,0,0,0,0,0,0,0,0,0,0,0,0,0,0,0,0,0,0,0,0,0,0,0,0,0,0,0,0,0,0,0,0,0,0,0,0,0,0,0,0,0,0,0,0,0,0,0,0,0,0,0,0,0,0,0,0,0,0,0,0,0,0,0,0,0,0,0,0,0,0,0,0,0,0,0,0,0,0,0,0,0,0,0,0,0,0,0,0,0,0,0,0,0,0,0,0,0,0,0,0,0,0,0,0,0,0,0,0,0,0,0,0,0,0,0,0,0,0,0,0,0,0
MYD17A2H.A2018297.h12v02.006.2018311163510.Psn_QC_500m,MYD17A2H,A2018297,Lat65.9255Lon-137.4220833Samp13Line13,2018311163510,Psn_QC_500m,75,75,75,75,75,75,75,75,75,75,75,75,75,75,75,67,67,75,75,75,75,75,75,75,75,75,67,67,75,75,75,75,75,75,75,75,75,75,75,75,75,75,75,75,75,75,75,75,75,75,67,75,75,75,75,75,75,75,75,75,83,83,75,75,75,75,75,75,75,75,75,75,75,75,75,75,75,75,67,75,75,75,75,75,67,75,75,67,75,75,75,67,67,67,67,67,75,67,75,75,75,75,67,67,67,67,67,75,75,75,75,75,67,67,67,67,67,75,67,75,75,75,75,75,67,67,67,75,75,67,75,75,75,75,75,67,67,67,75,75,75,75,67,75,75,75,75,67,67,67,67,67,67,67,67,67,75,75,67,67,67,67,67,67,67,67,67,67,83
MYD17A2H.A2018305.h12v02.006.2018316163029.Gpp_500m,MYD17A2H,A2018305,Lat65.9255Lon-137.4220833Samp13Line13,2018316163029,Gpp_500m,0,0,0,0,0,0,0,0,0,0,0,0,0,0,0,0,0,0,0,0,0,0,0,0,0,0,0,0,0,0,0,0,0,0,0,0,0,0,0,0,0,0,0,0,0,0,0,0,0,0,0,0,0,0,0,0,0,0,0,0,0,0,0,0,0,0,0,0,0,0,0,0,0,0,0,0,0,0,0,0,0,0,0,0,0,0,0,0,0,0,0,0,0,0,0,0,0,0,0,0,0,0,0,0,0,0,0,0,0,0,0,0,0,0,0,0,0,0,0,0,0,0,0,0,0,0,0,0,0,0,0,0,0,0,0,0,0,0,0,0,0,0,0,0,0,0,0,0,0,0,0,0,0,0,0,0,0,0,0,0,0,0,0,0,0,0,0,0,0
MYD17A2H.A2018305.h12v02.006.2018316163029.PsnNet_500m,MYD17A2H,A2018305,Lat65.9255Lon-137.4220833Samp13Line13,2018316163029,PsnNet_500m,0,0,0,0,0,0,0,0,0,0,0,0,0,0,0,0,0,0,0,0,0,0,0,0,0,0,0,0,0,0,0,0,0,0,0,0,0,0,0,0,0,0,0,0,0,0,0,0,0,0,0,0,0,0,0,0,0,0,0,0,0,0,0,0,0,0,0,0,0,0,0,0,0,0,0,0,0,0,0,0,0,0,0,0,0,0,0,0,0,0,0,0,0,0,0,0,0,0,0,0,0,0,0,0,0,0,0,0,0,0,0,0,0,0,0,0,0,0,0,0,0,0,0,0,0,0,0,0,0,0,0,0,0,0,0,0,0,0,0,0,0,0,0,0,0,0,0,0,0,0,0,0,0,0,0,0,0,0,0,0,0,0,0,0,0,0,0,0,0
MYD17A2H.A2018305.h12v02.006.2018316163029.Psn_QC_500m,MYD17A2H,A2018305,Lat65.9255Lon-137.4220833Samp13Line13,2018316163029,Psn_QC_500m,67,67,67,67,67,67,67,67,67,67,67,67,67,67,67,67,67,67,67,67,67,67,67,67,67,67,75,75,75,75,67,67,67,67,67,67,67,67,67,75,75,75,67,67,67,67,67,67,67,67,67,67,67,67,67,67,67,67,67,67,67,67,67,67,67,67,67,67,67,67,67,67,67,67,67,67,67,67,67,67,67,67,67,67,67,67,67,67,67,67,67,67,67,67,67,67,67,67,67,67,83,67,67,67,67,67,67,67,67,67,67,67,67,67,67,67,67,67,67,67,67,67,67,67,67,67,67,67,67,67,67,67,67,67,67,67,67,67,83,67,67,67,67,67,67,67,67,67,67,67,67,67,67,67,67,67,67,67,67,75,67,67,67,67,67,67,67,67,67
MYD17A2H.A2018313.h12v02.006.2018323232849.Gpp_500m,MYD17A2H,A2018313,Lat65.9255Lon-137.4220833Samp13Line13,2018323232849,Gpp_500m,0,0,0,0,0,0,0,0,0,0,0,0,0,0,0,0,0,0,0,0,0,0,0,0,0,0,0,0,0,0,0,0,0,0,0,0,0,0,0,0,0,0,0,0,0,0,0,0,0,0,0,0,0,0,0,0,0,0,0,0,0,0,0,0,0,0,0,0,0,0,0,0,0,0,0,0,0,0,0,0,0,0,0,0,0,0,0,0,0,0,0,0,0,0,0,0,0,0,0,0,0,0,0,0,0,0,0,0,0,0,0,0,0,0,0,0,0,0,0,0,0,0,0,0,0,0,0,0,0,0,0,0,0,0,0,0,0,0,0,0,0,0,0,0,0,0,0,0,0,0,0,0,0,0,0,0,0,0,0,0,0,0,0,0,0,0,0,0,0
MYD17A2H.A2018313.h12v02.006.2018323232849.PsnNet_500m,MYD17A2H,A2018313,Lat65.9255Lon-137.4220833Samp13Line13,2018323232849,PsnNet_500m,0,0,0,0,0,0,0,0,0,0,0,0,0,0,0,0,0,0,0,0,0,0,0,0,0,0,0,0,0,0,0,0,0,0,0,0,0,0,0,0,0,0,0,0,0,0,0,0,0,0,0,0,0,0,0,0,0,0,0,0,0,0,0,0,0,0,0,0,0,0,0,0,0,0,0,0,0,0,0,0,0,0,0,0,0,0,0,0,0,0,0,0,0,0,0,0,0,0,0,0,0,0,0,0,0,0,0,0,0,0,0,0,0,0,0,0,0,0,0,0,0,0,0,0,0,0,0,0,0,0,0,0,0,0,0,0,0,0,0,0,0,0,0,0,0,0,0,0,0,0,0,0,0,0,0,0,0,0,0,0,0,0,0,0,0,0,0,0,0
MYD17A2H.A2018313.h12v02.006.2018323232849.Psn_QC_500m,MYD17A2H,A2018313,Lat65.9255Lon-137.4220833Samp13Line13,2018323232849,Psn_QC_500m,67,67,67,67,67,67,67,67,67,67,67,67,67,67,67,67,67,67,67,67,67,67,67,67,67,67,67,83,67,67,67,67,67,67,67,67,67,67,67,67,67,67,67,67,67,67,67,67,67,67,67,67,67,67,67,67,67,83,67,67,67,67,67,67,67,67,67,67,67,67,83,67,67,67,67,67,67,67,67,67,67,67,67,67,67,67,67,67,67,67,67,67,67,67,67,67,67,67,67,67,67,67,67,67,75,67,67,67,67,67,67,67,67,67,67,67,67,67,67,67,67,67,67,67,67,67,67,67,67,67,67,67,67,67,67,67,67,67,67,67,67,67,67,67,67,67,67,67,67,67,67,67,67,67,67,67,67,67,67,67,67,67,67,67,67,67,67,67,67
MYD17A2H.A2018321.h12v02.006.2018331025245.Gpp_500m,MYD17A2H,A2018321,Lat65.9255Lon-137.4220833Samp13Line13,2018331025245,Gpp_500m,0,0,0,0,0,0,0,0,0,0,0,0,0,0,0,0,0,0,0,0,0,0,0,0,0,0,0,0,0,0,0,0,0,0,0,0,0,0,0,0,0,0,0,0,0,0,0,0,0,0,0,0,0,0,0,0,0,0,0,0,0,0,0,0,0,0,0,0,0,0,0,0,0,0,0,0,0,0,0,0,0,0,0,0,0,0,0,0,0,0,0,0,0,0,0,0,0,0,0,0,0,0,0,0,0,0,0,0,0,0,0,0,0,0,0,0,0,0,0,0,0,0,0,0,0,0,0,0,0,0,0,0,0,0,0,0,0,0,0,0,0,0,0,0,0,0,0,0,0,0,0,0,0,0,0,0,0,0,0,0,0,0,0,0,0,0,0,0,0
MYD17A2H.A2018321.h12v02.006.2018331025245.PsnNet_500m,MYD17A2H,A2018321,Lat65.9255Lon-137.4220833Samp13Line13,2018331025245,PsnNet_500m,0,0,0,0,0,0,0,0,0,0,0,0,0,0,0,0,0,0,0,0,0,0,0,0,0,0,0,0,0,0,0,0,0,0,0,0,0,0,0,0,0,0,0,0,0,0,0,0,0,0,0,0,0,0,0,0,0,0,0,0,0,0,0,0,0,0,0,0,0,0,0,0,0,0,0,0,0,0,0,0,0,0,0,0,0,0,0,0,0,0,0,0,0,0,0,0,0,0,0,0,0,0,0,0,0,0,0,0,0,0,0,0,0,0,0,0,0,0,0,0,0,0,0,0,0,0,0,0,0,0,0,0,0,0,0,0,0,0,0,0,0,0,0,0,0,0,0,0,0,0,0,0,0,0,0,0,0,0,0,0,0,0,0,0,0,0,0,0,0
MYD17A2H.A2018321.h12v02.006.2018331025245.Psn_QC_500m,MYD17A2H,A2018321,Lat65.9255Lon-137.4220833Samp13Line13,2018331025245,Psn_QC_500m,75,75,75,75,75,67,67,67,75,75,75,75,67,67,75,75,75,67,67,67,67,67,67,75,75,75,67,67,67,67,75,75,75,75,75,75,75,75,75,75,75,75,75,75,75,75,75,75,75,75,75,75,75,75,75,75,75,75,75,75,75,75,75,75,75,75,75,75,75,75,75,75,75,75,75,75,75,67,75,75,75,75,75,67,67,67,67,67,67,75,75,67,67,67,67,75,75,75,75,75,75,67,67,67,75,75,75,75,67,75,75,75,67,67,67,67,75,75,75,75,75,75,75,67,67,75,75,75,75,67,75,75,75,75,75,75,75,75,75,75,75,75,75,75,75,75,75,75,75,75,75,75,75,75,75,75,75,75,75,75,75,75,75,75,75,75,75,75,75
MYD17A2H.A2018329.h12v02.006.2018338134515.Gpp_500m,MYD17A2H,A2018329,Lat65.9255Lon-137.4220833Samp13Line13,2018338134515,Gpp_500m,32767,32767,32767,32767,32767,32767,32767,32767,32767,32767,32767,32767,32767,32767,32767,32767,32767,32767,32767,32767,32767,32767,32767,32767,32767,32767,32767,32767,32767,32767,32767,32767,32767,32767,32767,32767,32767,32767,32767,32767,32767,32767,32767,32767,32767,32767,32767,32767,32767,32767,32767,32767,32767,32767,32767,32767,32767,32767,32767,32767,32767,32767,32767,32767,32767,32767,32767,32767,32767,32767,32767,32767,32767,32767,32767,32767,32767,32767,32767,32767,32767,32767,32767,32767,32767,32767,32767,32767,32767,32767,32767,32767,32767,32767,32767,32767,32767,32767,32767,32767,32767,32767,32767,32767,32767,32767,32767,32767,32767,32767,32767,32767,32767,32767,32767,32767,32767,32767,32767,32767,32767,32767,32767,32767,32767,32767,32767,32767,32767,32767,32767,32767,32767,32767,32767,32767,32767,32767,32767,32767,32767,32767,32767,32767,32767,32767,32767,32767,32767,32767,32767,32767,32767,32767,32767,32767,32767,32767,32767,32767,32767,32767,32767,32767,32767,32767,32767,32767,32767
MYD17A2H.A2018329.h12v02.006.2018338134515.PsnNet_500m,MYD17A2H,A2018329,Lat65.9255Lon-137.4220833Samp13Line13,2018338134515,PsnNet_500m,32767,32767,32767,32767,32767,32767,32767,32767,32767,32767,32767,32767,32767,32767,32767,32767,32767,32767,32767,32767,32767,32767,32767,32767,32767,32767,32767,32767,32767,32767,32767,32767,32767,32767,32767,32767,32767,32767,32767,32767,32767,32767,32767,32767,32767,32767,32767,32767,32767,32767,32767,32767,32767,32767,32767,32767,32767,32767,32767,32767,32767,32767,32767,32767,32767,32767,32767,32767,32767,32767,32767,32767,32767,32767,32767,32767,32767,32767,32767,32767,32767,32767,32767,32767,32767,32767,32767,32767,32767,32767,32767,32767,32767,32767,32767,32767,32767,32767,32767,32767,32767,32767,32767,32767,32767,32767,32767,32767,32767,32767,32767,32767,32767,32767,32767,32767,32767,32767,32767,32767,32767,32767,32767,32767,32767,32767,32767,32767,32767,32767,32767,32767,32767,32767,32767,32767,32767,32767,32767,32767,32767,32767,32767,32767,32767,32767,32767,32767,32767,32767,32767,32767,32767,32767,32767,32767,32767,32767,32767,32767,32767,32767,32767,32767,32767,32767,32767,32767,32767
MYD17A2H.A2018329.h12v02.006.2018338134515.Psn_QC_500m,MYD17A2H,A2018329,Lat65.9255Lon-137.4220833Samp13Line13,2018338134515,Psn_QC_500m,255,255,255,255,255,255,255,255,255,255,255,255,255,255,255,255,255,255,255,255,255,255,255,255,255,255,255,255,255,255,255,255,255,255,255,255,255,255,255,255,255,255,255,255,255,255,255,255,255,255,255,255,255,255,255,255,255,255,255,255,255,255,255,255,255,255,255,255,255,255,255,255,255,255,255,255,255,255,255,255,255,255,255,255,255,255,255,255,255,255,255,255,255,255,255,255,255,255,255,255,255,255,255,255,255,255,255,255,255,255,255,255,255,255,255,255,255,255,255,255,255,255,255,255,255,255,255,255,255,255,255,255,255,255,255,255,255,255,255,255,255,255,255,255,255,255,255,255,255,255,255,255,255,255,255,255,255,255,255,255,255,255,255,255,255,255,255,255,255
MYD17A2H.A2018337.h12v02.006.2018348154047.Gpp_500m,MYD17A2H,A2018337,Lat65.9255Lon-137.4220833Samp13Line13,2018348154047,Gpp_500m,32767,32767,32767,32767,32767,32767,32767,32767,32767,32767,32767,32767,32767,32767,32767,32767,32767,32767,32767,32767,32767,32767,32767,32767,32767,32767,32767,32767,32767,32767,32767,32767,32767,32767,32767,32767,32767,32767,32767,32767,32767,32767,32767,32767,32767,32767,32767,32767,32767,32767,32767,32767,32767,32767,32767,32767,32767,32767,32767,32767,32767,32767,32767,32767,32767,32767,32767,32767,32767,32767,32767,32767,32767,32767,32767,32767,32767,32767,32767,32767,32767,32767,32767,32767,32767,32767,32767,32767,32767,32767,32767,32767,32767,32767,32767,32767,32767,32767,32767,32767,32767,32767,32767,32767,32767,32767,32767,32767,32767,32767,32767,32767,32767,32767,32767,32767,32767,32767,32767,32767,32767,32767,32767,32767,32767,32767,32767,32767,32767,32767,32767,32767,32767,32767,32767,32767,32767,32767,32767,32767,32767,32767,32767,32767,32767,32767,32767,32767,32767,32767,32767,32767,32767,32767,32767,32767,32767,32767,32767,32767,32767,32767,32767,32767,32767,32767,32767,32767,32767
MYD17A2H.A2018337.h12v02.006.2018348154047.PsnNet_500m,MYD17A2H,A2018337,Lat65.9255Lon-137.4220833Samp13Line13,2018348154047,PsnNet_500m,32767,32767,32767,32767,32767,32767,32767,32767,32767,32767,32767,32767,32767,32767,32767,32767,32767,32767,32767,32767,32767,32767,32767,32767,32767,32767,32767,32767,32767,32767,32767,32767,32767,32767,32767,32767,32767,32767,32767,32767,32767,32767,32767,32767,32767,32767,32767,32767,32767,32767,32767,32767,32767,32767,32767,32767,32767,32767,32767,32767,32767,32767,32767,32767,32767,32767,32767,32767,32767,32767,32767,32767,32767,32767,32767,32767,32767,32767,32767,32767,32767,32767,32767,32767,32767,32767,32767,32767,32767,32767,32767,32767,32767,32767,32767,32767,32767,32767,32767,32767,32767,32767,32767,32767,32767,32767,32767,32767,32767,32767,32767,32767,32767,32767,32767,32767,32767,32767,32767,32767,32767,32767,32767,32767,32767,32767,32767,32767,32767,32767,32767,32767,32767,32767,32767,32767,32767,32767,32767,32767,32767,32767,32767,32767,32767,32767,32767,32767,32767,32767,32767,32767,32767,32767,32767,32767,32767,32767,32767,32767,32767,32767,32767,32767,32767,32767,32767,32767,32767
MYD17A2H.A2018337.h12v02.006.2018348154047.Psn_QC_500m,MYD17A2H,A2018337,Lat65.9255Lon-137.4220833Samp13Line13,2018348154047,Psn_QC_500m,255,255,255,255,255,255,255,255,255,255,255,255,255,255,255,255,255,255,255,255,255,255,255,255,255,255,255,255,255,255,255,255,255,255,255,255,255,255,255,255,255,255,255,255,255,255,255,255,255,255,255,255,255,255,255,255,255,255,255,255,255,255,255,255,255,255,255,255,255,255,255,255,255,255,255,255,255,255,255,255,255,255,255,255,255,255,255,255,255,255,255,255,255,255,255,255,255,255,255,255,255,255,255,255,255,255,255,255,255,255,255,255,255,255,255,255,255,255,255,255,255,255,255,255,255,255,255,255,255,255,255,255,255,255,255,255,255,255,255,255,255,255,255,255,255,255,255,255,255,255,255,255,255,255,255,255,255,255,255,255,255,255,255,255,255,255,255,255,255
MYD17A2H.A2018345.h12v02.006.2018365175355.Gpp_500m,MYD17A2H,A2018345,Lat65.9255Lon-137.4220833Samp13Line13,2018365175355,Gpp_500m,32767,32767,32767,32767,32767,32767,32767,32767,32767,32767,32767,32767,32767,32767,32767,32767,32767,32767,32767,32767,32767,32767,32767,32767,32767,32767,32767,32767,32767,32767,32767,32767,32767,32767,32767,32767,32767,32767,32767,32767,32767,32767,32767,32767,32767,32767,32767,32767,32767,32767,32767,32767,32767,32767,32767,32767,32767,32767,32767,32767,32767,32767,32767,32767,32767,32767,32767,32767,32767,32767,32767,32767,32767,32767,32767,32767,32767,32767,32767,32767,32767,32767,32767,32767,32767,32767,32767,32767,32767,32767,32767,32767,32767,32767,32767,32767,32767,32767,32767,32767,32767,32767,32767,32767,32767,32767,32767,32767,32767,32767,32767,32767,32767,32767,32767,32767,32767,32767,32767,32767,32767,32767,32767,32767,32767,32767,32767,32767,32767,32767,32767,32767,32767,32767,32767,32767,32767,32767,32767,32767,32767,32767,32767,32767,32767,32767,32767,32767,32767,32767,32767,32767,32767,32767,32767,32767,32767,32767,32767,32767,32767,32767,32767,32767,32767,32767,32767,32767,32767
MYD17A2H.A2018345.h12v02.006.2018365175355.PsnNet_500m,MYD17A2H,A2018345,Lat65.9255Lon-137.4220833Samp13Line13,2018365175355,PsnNet_500m,32767,32767,32767,32767,32767,32767,32767,32767,32767,32767,32767,32767,32767,32767,32767,32767,32767,32767,32767,32767,32767,32767,32767,32767,32767,32767,32767,32767,32767,32767,32767,32767,32767,32767,32767,32767,32767,32767,32767,32767,32767,32767,32767,32767,32767,32767,32767,32767,32767,32767,32767,32767,32767,32767,32767,32767,32767,32767,32767,32767,32767,32767,32767,32767,32767,32767,32767,32767,32767,32767,32767,32767,32767,32767,32767,32767,32767,32767,32767,32767,32767,32767,32767,32767,32767,32767,32767,32767,32767,32767,32767,32767,32767,32767,32767,32767,32767,32767,32767,32767,32767,32767,32767,32767,32767,32767,32767,32767,32767,32767,32767,32767,32767,32767,32767,32767,32767,32767,32767,32767,32767,32767,32767,32767,32767,32767,32767,32767,32767,32767,32767,32767,32767,32767,32767,32767,32767,32767,32767,32767,32767,32767,32767,32767,32767,32767,32767,32767,32767,32767,32767,32767,32767,32767,32767,32767,32767,32767,32767,32767,32767,32767,32767,32767,32767,32767,32767,32767,32767
MYD17A2H.A2018345.h12v02.006.2018365175355.Psn_QC_500m,MYD17A2H,A2018345,Lat65.9255Lon-137.4220833Samp13Line13,2018365175355,Psn_QC_500m,255,255,255,255,255,255,255,255,255,255,255,255,255,255,255,255,255,255,255,255,255,255,255,255,255,255,255,255,255,255,255,255,255,255,255,255,255,255,255,255,255,255,255,255,255,255,255,255,255,255,255,255,255,255,255,255,255,255,255,255,255,255,255,255,255,255,255,255,255,255,255,255,255,255,255,255,255,255,255,255,255,255,255,255,255,255,255,255,255,255,255,255,255,255,255,255,255,255,255,255,255,255,255,255,255,255,255,255,255,255,255,255,255,255,255,255,255,255,255,255,255,255,255,255,255,255,255,255,255,255,255,255,255,255,255,255,255,255,255,255,255,255,255,255,255,255,255,255,255,255,255,255,255,255,255,255,255,255,255,255,255,255,255,255,255,255,255,255,255
MYD17A2H.A2018353.h12v02.006.2018365183524.Gpp_500m,MYD17A2H,A2018353,Lat65.9255Lon-137.4220833Samp13Line13,2018365183524,Gpp_500m,32767,32767,32767,32767,32767,32767,32767,32767,32767,32767,32767,32767,32767,32767,32767,32767,32767,32767,32767,32767,32767,32767,32767,32767,32767,32767,32767,32767,32767,32767,32767,32767,32767,32767,32767,32767,32767,32767,32767,32767,32767,32767,32767,32767,32767,32767,32767,32767,32767,32767,32767,32767,32767,32767,32767,32767,32767,32767,32767,32767,32767,32767,32767,32767,32767,32767,32767,32767,32767,32767,32767,32767,32767,32767,32767,32767,32767,32767,32767,32767,32767,32767,32767,32767,32767,32767,32767,32767,32767,32767,32767,32767,32767,32767,32767,32767,32767,32767,32767,32767,32767,32767,32767,32767,32767,32767,32767,32767,32767,32767,32767,32767,32767,32767,32767,32767,32767,32767,32767,32767,32767,32767,32767,32767,32767,32767,32767,32767,32767,32767,32767,32767,32767,32767,32767,32767,32767,32767,32767,32767,32767,32767,32767,32767,32767,32767,32767,32767,32767,32767,32767,32767,32767,32767,32767,32767,32767,32767,32767,32767,32767,32767,32767,32767,32767,32767,32767,32767,32767
MYD17A2H.A2018353.h12v02.006.2018365183524.PsnNet_500m,MYD17A2H,A2018353,Lat65.9255Lon-137.4220833Samp13Line13,2018365183524,PsnNet_500m,32767,32767,32767,32767,32767,32767,32767,32767,32767,32767,32767,32767,32767,32767,32767,32767,32767,32767,32767,32767,32767,32767,32767,32767,32767,32767,32767,32767,32767,32767,32767,32767,32767,32767,32767,32767,32767,32767,32767,32767,32767,32767,32767,32767,32767,32767,32767,32767,32767,32767,32767,32767,32767,32767,32767,32767,32767,32767,32767,32767,32767,32767,32767,32767,32767,32767,32767,32767,32767,32767,32767,32767,32767,32767,32767,32767,32767,32767,32767,32767,32767,32767,32767,32767,32767,32767,32767,32767,32767,32767,32767,32767,32767,32767,32767,32767,32767,32767,32767,32767,32767,32767,32767,32767,32767,32767,32767,32767,32767,32767,32767,32767,32767,32767,32767,32767,32767,32767,32767,32767,32767,32767,32767,32767,32767,32767,32767,32767,32767,32767,32767,32767,32767,32767,32767,32767,32767,32767,32767,32767,32767,32767,32767,32767,32767,32767,32767,32767,32767,32767,32767,32767,32767,32767,32767,32767,32767,32767,32767,32767,32767,32767,32767,32767,32767,32767,32767,32767,32767
MYD17A2H.A2018353.h12v02.006.2018365183524.Psn_QC_500m,MYD17A2H,A2018353,Lat65.9255Lon-137.4220833Samp13Line13,2018365183524,Psn_QC_500m,255,255,255,255,255,255,255,255,255,255,255,255,255,255,255,255,255,255,255,255,255,255,255,255,255,255,255,255,255,255,255,255,255,255,255,255,255,255,255,255,255,255,255,255,255,255,255,255,255,255,255,255,255,255,255,255,255,255,255,255,255,255,255,255,255,255,255,255,255,255,255,255,255,255,255,255,255,255,255,255,255,255,255,255,255,255,255,255,255,255,255,255,255,255,255,255,255,255,255,255,255,255,255,255,255,255,255,255,255,255,255,255,255,255,255,255,255,255,255,255,255,255,255,255,255,255,255,255,255,255,255,255,255,255,255,255,255,255,255,255,255,255,255,255,255,255,255,255,255,255,255,255,255,255,255,255,255,255,255,255,255,255,255,255,255,255,255,255,255
MYD17A2H.A2018361.h12v02.006.2019010174217.Gpp_500m,MYD17A2H,A2018361,Lat65.9255Lon-137.4220833Samp13Line13,2019010174217,Gpp_500m,32767,32767,32767,32767,32767,32767,32767,32767,32767,32767,32767,32767,32767,32767,32767,32767,32767,32767,32767,32767,32767,32767,32767,32767,32767,32767,32767,32767,32767,32767,32767,32767,32767,32767,32767,32767,32767,32767,32767,32767,32767,32767,32767,32767,32767,32767,32767,32767,32767,32767,32767,32767,32767,32767,32767,32767,32767,32767,32767,32767,32767,32767,32767,32767,32767,32767,32767,32767,32767,32767,32767,32767,32767,32767,32767,32767,32767,32767,32767,32767,32767,32767,32767,32767,32767,32767,32767,32767,32767,32767,32767,32767,32767,32767,32767,32767,32767,32767,32767,32767,32767,32767,32767,32767,32767,32767,32767,32767,32767,32767,32767,32767,32767,32767,32767,32767,32767,32767,32767,32767,32767,32767,32767,32767,32767,32767,32767,32767,32767,32767,32767,32767,32767,32767,32767,32767,32767,32767,32767,32767,32767,32767,32767,32767,32767,32767,32767,32767,32767,32767,32767,32767,32767,32767,32767,32767,32767,32767,32767,32767,32767,32767,32767,32767,32767,32767,32767,32767,32767
MYD17A2H.A2018361.h12v02.006.2019010174217.PsnNet_500m,MYD17A2H,A2018361,Lat65.9255Lon-137.4220833Samp13Line13,2019010174217,PsnNet_500m,32767,32767,32767,32767,32767,32767,32767,32767,32767,32767,32767,32767,32767,32767,32767,32767,32767,32767,32767,32767,32767,32767,32767,32767,32767,32767,32767,32767,32767,32767,32767,32767,32767,32767,32767,32767,32767,32767,32767,32767,32767,32767,32767,32767,32767,32767,32767,32767,32767,32767,32767,32767,32767,32767,32767,32767,32767,32767,32767,32767,32767,32767,32767,32767,32767,32767,32767,32767,32767,32767,32767,32767,32767,32767,32767,32767,32767,32767,32767,32767,32767,32767,32767,32767,32767,32767,32767,32767,32767,32767,32767,32767,32767,32767,32767,32767,32767,32767,32767,32767,32767,32767,32767,32767,32767,32767,32767,32767,32767,32767,32767,32767,32767,32767,32767,32767,32767,32767,32767,32767,32767,32767,32767,32767,32767,32767,32767,32767,32767,32767,32767,32767,32767,32767,32767,32767,32767,32767,32767,32767,32767,32767,32767,32767,32767,32767,32767,32767,32767,32767,32767,32767,32767,32767,32767,32767,32767,32767,32767,32767,32767,32767,32767,32767,32767,32767,32767,32767,32767
MYD17A2H.A2018361.h12v02.006.2019010174217.Psn_QC_500m,MYD17A2H,A2018361,Lat65.9255Lon-137.4220833Samp13Line13,2019010174217,Psn_QC_500m,255,255,255,255,255,255,255,255,255,255,255,255,255,255,255,255,255,255,255,255,255,255,255,255,255,255,255,255,255,255,255,255,255,255,255,255,255,255,255,255,255,255,255,255,255,255,255,255,255,255,255,255,255,255,255,255,255,255,255,255,255,255,255,255,255,255,255,255,255,255,255,255,255,255,255,255,255,255,255,255,255,255,255,255,255,255,255,255,255,255,255,255,255,255,255,255,255,255,255,255,255,255,255,255,255,255,255,255,255,255,255,255,255,255,255,255,255,255,255,255,255,255,255,255,255,255,255,255,255,255,255,255,255,255,255,255,255,255,255,255,255,255,255,255,255,255,255,255,255,255,255,255,255,255,255,255,255,255,255,255,255,255,255,255,255,255,255,255,255
MYD17A2H.A2019001.h12v02.006.2019079210213.Gpp_500m,MYD17A2H,A2019001,Lat65.9255Lon-137.4220833Samp13Line13,2019079210213,Gpp_500m,32767,32767,32767,32767,32767,32767,32767,32767,32767,32767,32767,32767,32767,32767,32767,32767,32767,32767,32767,32767,32767,32767,32767,32767,32767,32767,32767,32767,32767,32767,32767,32767,32767,32767,32767,32767,32767,32767,32767,32767,32767,32767,32767,32767,32767,32767,32767,32767,32767,32767,32767,32767,32767,32767,32767,32767,32767,32767,32767,32767,32767,32767,32767,32767,32767,32767,32767,32767,32767,32767,32767,32767,32767,32767,32767,32767,32767,32767,32767,32767,32767,32767,32767,32767,32767,32767,32767,32767,32767,32767,32767,32767,32767,32767,32767,32767,32767,32767,32767,32767,32767,32767,32767,32767,32767,32767,32767,32767,32767,32767,32767,32767,32767,32767,32767,32767,32767,32767,32767,32767,32767,32767,32767,32767,32767,32767,32767,32767,32767,32767,32767,32767,32767,32767,32767,32767,32767,32767,32767,32767,32767,32767,32767,32767,32767,32767,32767,32767,32767,32767,32767,32767,32767,32767,32767,32767,32767,32767,32767,32767,32767,32767,32767,32767,32767,32767,32767,32767,32767
MYD17A2H.A2019001.h12v02.006.2019079210213.PsnNet_500m,MYD17A2H,A2019001,Lat65.9255Lon-137.4220833Samp13Line13,2019079210213,PsnNet_500m,32767,32767,32767,32767,32767,32767,32767,32767,32767,32767,32767,32767,32767,32767,32767,32767,32767,32767,32767,32767,32767,32767,32767,32767,32767,32767,32767,32767,32767,32767,32767,32767,32767,32767,32767,32767,32767,32767,32767,32767,32767,32767,32767,32767,32767,32767,32767,32767,32767,32767,32767,32767,32767,32767,32767,32767,32767,32767,32767,32767,32767,32767,32767,32767,32767,32767,32767,32767,32767,32767,32767,32767,32767,32767,32767,32767,32767,32767,32767,32767,32767,32767,32767,32767,32767,32767,32767,32767,32767,32767,32767,32767,32767,32767,32767,32767,32767,32767,32767,32767,32767,32767,32767,32767,32767,32767,32767,32767,32767,32767,32767,32767,32767,32767,32767,32767,32767,32767,32767,32767,32767,32767,32767,32767,32767,32767,32767,32767,32767,32767,32767,32767,32767,32767,32767,32767,32767,32767,32767,32767,32767,32767,32767,32767,32767,32767,32767,32767,32767,32767,32767,32767,32767,32767,32767,32767,32767,32767,32767,32767,32767,32767,32767,32767,32767,32767,32767,32767,32767
MYD17A2H.A2019001.h12v02.006.2019079210213.Psn_QC_500m,MYD17A2H,A2019001,Lat65.9255Lon-137.4220833Samp13Line13,2019079210213,Psn_QC_500m,255,255,255,255,255,255,255,255,255,255,255,255,255,255,255,255,255,255,255,255,255,255,255,255,255,255,255,255,255,255,255,255,255,255,255,255,255,255,255,255,255,255,255,255,255,255,255,255,255,255,255,255,255,255,255,255,255,255,255,255,255,255,255,255,255,255,255,255,255,255,255,255,255,255,255,255,255,255,255,255,255,255,255,255,255,255,255,255,255,255,255,255,255,255,255,255,255,255,255,255,255,255,255,255,255,255,255,255,255,255,255,255,255,255,255,255,255,255,255,255,255,255,255,255,255,255,255,255,255,255,255,255,255,255,255,255,255,255,255,255,255,255,255,255,255,255,255,255,255,255,255,255,255,255,255,255,255,255,255,255,255,255,255,255,255,255,255,255,255
MYD17A2H.A2019009.h12v02.006.2019079220532.Gpp_500m,MYD17A2H,A2019009,Lat65.9255Lon-137.4220833Samp13Line13,2019079220532,Gpp_500m,32767,32767,32767,32767,32767,32767,32767,32767,32767,32767,32767,32767,32767,32767,32767,32767,32767,32767,32767,32767,32767,32767,32767,32767,32767,32767,32767,32767,32767,32767,32767,32767,32767,32767,32767,32767,32767,32767,32767,32767,32767,32767,32767,32767,32767,32767,32767,32767,32767,32767,32767,32767,32767,32767,32767,32767,32767,32767,32767,32767,32767,32767,32767,32767,32767,32767,32767,32767,32767,32767,32767,32767,32767,32767,32767,32767,32767,32767,32767,32767,32767,32767,32767,32767,32767,32767,32767,32767,32767,32767,32767,32767,32767,32767,32767,32767,32767,32767,32767,32767,32767,32767,32767,32767,32767,32767,32767,32767,32767,32767,32767,32767,32767,32767,32767,32767,32767,32767,32767,32767,32767,32767,32767,32767,32767,32767,32767,32767,32767,32767,32767,32767,32767,32767,32767,32767,32767,32767,32767,32767,32767,32767,32767,32767,32767,32767,32767,32767,32767,32767,32767,32767,32767,32767,32767,32767,32767,32767,32767,32767,32767,32767,32767,32767,32767,32767,32767,32767,32767
MYD17A2H.A2019009.h12v02.006.2019079220532.PsnNet_500m,MYD17A2H,A2019009,Lat65.9255Lon-137.4220833Samp13Line13,2019079220532,PsnNet_500m,32767,32767,32767,32767,32767,32767,32767,32767,32767,32767,32767,32767,32767,32767,32767,32767,32767,32767,32767,32767,32767,32767,32767,32767,32767,32767,32767,32767,32767,32767,32767,32767,32767,32767,32767,32767,32767,32767,32767,32767,32767,32767,32767,32767,32767,32767,32767,32767,32767,32767,32767,32767,32767,32767,32767,32767,32767,32767,32767,32767,32767,32767,32767,32767,32767,32767,32767,32767,32767,32767,32767,32767,32767,32767,32767,32767,32767,32767,32767,32767,32767,32767,32767,32767,32767,32767,32767,32767,32767,32767,32767,32767,32767,32767,32767,32767,32767,32767,32767,32767,32767,32767,32767,32767,32767,32767,32767,32767,32767,32767,32767,32767,32767,32767,32767,32767,32767,32767,32767,32767,32767,32767,32767,32767,32767,32767,32767,32767,32767,32767,32767,32767,32767,32767,32767,32767,32767,32767,32767,32767,32767,32767,32767,32767,32767,32767,32767,32767,32767,32767,32767,32767,32767,32767,32767,32767,32767,32767,32767,32767,32767,32767,32767,32767,32767,32767,32767,32767,32767
MYD17A2H.A2019009.h12v02.006.2019079220532.Psn_QC_500m,MYD17A2H,A2019009,Lat65.9255Lon-137.4220833Samp13Line13,2019079220532,Psn_QC_500m,255,255,255,255,255,255,255,255,255,255,255,255,255,255,255,255,255,255,255,255,255,255,255,255,255,255,255,255,255,255,255,255,255,255,255,255,255,255,255,255,255,255,255,255,255,255,255,255,255,255,255,255,255,255,255,255,255,255,255,255,255,255,255,255,255,255,255,255,255,255,255,255,255,255,255,255,255,255,255,255,255,255,255,255,255,255,255,255,255,255,255,255,255,255,255,255,255,255,255,255,255,255,255,255,255,255,255,255,255,255,255,255,255,255,255,255,255,255,255,255,255,255,255,255,255,255,255,255,255,255,255,255,255,255,255,255,255,255,255,255,255,255,255,255,255,255,255,255,255,255,255,255,255,255,255,255,255,255,255,255,255,255,255,255,255,255,255,255,255
MYD17A2H.A2019017.h12v02.006.2019079233921.Gpp_500m,MYD17A2H,A2019017,Lat65.9255Lon-137.4220833Samp13Line13,2019079233921,Gpp_500m,0,0,0,0,0,0,0,0,0,0,0,0,0,0,0,0,0,0,0,0,0,0,0,0,0,0,0,0,0,0,0,0,0,0,0,0,0,0,0,0,0,0,0,0,0,0,0,0,0,0,0,0,0,0,0,0,0,0,0,0,0,0,0,0,0,0,0,0,0,0,0,0,0,0,0,0,0,0,0,0,0,0,0,0,0,0,0,0,0,0,0,0,0,0,0,0,0,0,0,0,0,0,0,0,0,0,0,0,0,0,0,0,0,0,0,0,0,0,0,0,0,0,0,0,0,0,0,0,0,0,0,0,0,0,0,0,0,0,0,0,0,0,0,0,0,0,0,0,0,0,0,0,0,0,0,0,0,0,0,0,0,0,0,0,0,0,0,0,0
MYD17A2H.A2019017.h12v02.006.2019079233921.PsnNet_500m,MYD17A2H,A2019017,Lat65.9255Lon-137.4220833Samp13Line13,2019079233921,PsnNet_500m,0,0,0,0,0,0,0,0,0,0,0,0,0,0,0,0,0,0,0,0,0,0,0,0,0,0,0,0,0,0,0,0,0,0,0,0,0,0,0,0,0,0,0,0,0,0,0,0,0,0,0,0,0,0,0,0,0,0,0,0,0,0,0,0,0,0,0,0,0,0,0,0,0,0,0,0,0,0,0,0,0,0,0,0,0,0,0,0,0,0,0,0,0,0,0,0,0,0,0,0,0,0,0,0,0,0,0,0,0,0,0,0,0,0,0,0,0,0,0,0,0,0,0,0,0,0,0,0,0,0,0,0,0,0,0,0,0,0,0,0,0,0,0,0,0,0,0,0,0,0,0,0,0,0,0,0,0,0,0,0,0,0,0,0,0,0,0,0,0
MYD17A2H.A2019017.h12v02.006.2019079233921.Psn_QC_500m,MYD17A2H,A2019017,Lat65.9255Lon-137.4220833Samp13Line13,2019079233921,Psn_QC_500m,75,67,67,67,67,75,75,75,75,75,75,75,75,67,75,75,75,75,75,75,75,75,75,75,75,75,67,67,75,75,75,75,75,75,75,75,75,75,75,67,67,67,75,75,75,75,75,75,67,67,75,75,67,75,75,75,75,75,75,75,75,75,75,75,75,75,75,75,75,75,75,75,75,75,75,75,75,75,75,75,75,75,75,75,75,75,75,75,75,75,67,75,75,75,75,75,75,75,75,75,75,75,75,75,75,75,75,75,75,75,75,75,75,75,75,75,75,75,75,75,75,75,75,75,75,75,75,75,75,75,75,75,75,75,75,75,75,75,75,75,75,75,75,75,75,75,75,75,75,75,75,75,75,75,75,75,75,75,75,75,75,75,75,75,75,75,75,75,75
MYD17A2H.A2019025.h12v02.006.2019080004127.Gpp_500m,MYD17A2H,A2019025,Lat65.9255Lon-137.4220833Samp13Line13,2019080004127,Gpp_500m,0,0,0,0,0,0,0,0,0,0,0,0,0,0,0,0,0,0,0,0,0,0,0,0,0,0,0,0,0,0,0,0,0,0,0,0,0,0,0,0,0,0,0,0,0,0,0,0,0,0,0,0,0,0,0,0,0,0,0,0,0,0,0,0,0,0,0,0,0,0,0,0,0,0,0,0,0,0,0,0,0,0,0,0,0,0,0,0,0,0,0,0,0,0,0,0,0,0,0,0,0,0,0,0,0,0,0,0,0,0,0,0,0,0,0,0,0,0,0,0,0,0,0,0,0,0,0,0,0,0,0,0,0,0,0,0,0,0,0,0,0,0,0,0,0,0,0,0,0,0,0,0,0,0,0,0,0,0,0,0,0,0,0,0,0,0,0,0,0
MYD17A2H.A2019025.h12v02.006.2019080004127.PsnNet_500m,MYD17A2H,A2019025,Lat65.9255Lon-137.4220833Samp13Line13,2019080004127,PsnNet_500m,0,0,0,0,0,0,0,0,0,0,0,0,0,0,0,0,0,0,0,0,0,0,0,0,0,0,0,0,0,0,0,0,0,0,0,0,0,0,0,0,0,0,0,0,0,0,0,0,0,0,0,0,0,0,0,0,0,0,0,0,0,0,0,0,0,0,0,0,0,0,0,0,0,0,0,0,0,0,0,0,0,0,0,0,0,0,0,0,0,0,0,0,0,0,0,0,0,0,0,0,0,0,0,0,0,0,0,0,0,0,0,0,0,0,0,0,0,0,0,0,0,0,0,0,0,0,0,0,0,0,0,0,0,0,0,0,0,0,0,0,0,0,0,0,0,0,0,0,0,0,0,0,0,0,0,0,0,0,0,0,0,0,0,0,0,0,0,0,0
MYD17A2H.A2019025.h12v02.006.2019080004127.Psn_QC_500m,MYD17A2H,A2019025,Lat65.9255Lon-137.4220833Samp13Line13,2019080004127,Psn_QC_500m,67,67,75,75,75,75,75,75,75,75,75,75,75,75,75,75,75,75,75,75,75,75,75,75,75,83,75,67,75,75,75,75,75,75,75,75,75,67,75,67,75,75,75,75,75,75,67,75,75,67,67,75,75,75,75,75,75,75,75,75,75,75,75,75,75,83,67,67,75,67,67,75,67,75,75,75,75,75,75,75,75,75,75,75,75,75,75,75,67,67,67,67,67,67,67,75,67,67,67,75,75,67,67,75,67,67,67,67,67,67,67,67,75,75,67,67,67,75,75,67,67,67,67,75,67,75,75,75,67,67,75,67,67,75,75,75,75,75,67,67,67,75,75,67,67,67,67,67,67,67,75,75,75,67,75,75,67,67,75,67,67,67,67,67,75,75,75,75,75
MYD17A2H.A2019033.h12v02.006.2019080014318.Gpp_500m,MYD17A2H,A2019033,Lat65.9255Lon-137.4220833Samp13Line13,2019080014318,Gpp_500m,0,0,0,0,0,0,0,0,0,0,0,0,0,0,0,0,0,0,0,0,0,0,0,0,0,0,0,0,0,0,0,0,0,0,0,0,0,0,0,0,0,0,0,0,0,0,0,0,0,0,0,0,0,0,0,0,0,0,0,0,0,0,0,0,0,0,0,0,0,0,0,0,0,0,0,0,0,0,0,0,0,0,0,0,0,0,0,0,0,0,0,0,0,0,0,0,0,0,0,0,0,0,0,0,0,0,0,0,0,0,0,0,0,0,0,0,0,0,0,0,0,0,0,0,0,0,0,0,0,0,0,0,0,0,0,0,0,0,0,0,0,0,0,0,0,0,0,0,0,0,0,0,0,0,0,0,0,0,0,0,0,0,0,0,0,0,0,0,0
MYD17A2H.A2019033.h12v02.006.2019080014318.PsnNet_500m,MYD17A2H,A2019033,Lat65.9255Lon-137.4220833Samp13Line13,2019080014318,PsnNet_500m,0,0,0,0,0,0,0,0,0,0,0,0,0,0,0,0,0,0,0,0,0,0,0,0,0,0,0,0,0,0,0,0,0,0,0,0,0,0,0,0,0,0,0,0,0,0,0,0,0,0,0,0,0,0,0,0,0,0,0,0,0,0,0,0,0,0,0,0,0,0,0,0,0,0,0,0,0,0,0,0,0,0,0,0,0,0,0,0,0,0,0,0,0,0,0,0,0,0,0,0,0,0,0,0,0,0,0,0,0,0,0,0,0,0,0,0,0,0,0,0,0,0,0,0,0,0,0,0,0,0,0,0,0,0,0,0,0,0,0,0,0,0,0,0,0,0,0,0,0,0,0,0,0,0,0,0,0,0,0,0,0,0,0,0,0,0,0,0,0
MYD17A2H.A2019033.h12v02.006.2019080014318.Psn_QC_500m,MYD17A2H,A2019033,Lat65.9255Lon-137.4220833Samp13Line13,2019080014318,Psn_QC_500m,75,67,67,67,67,67,67,67,67,67,67,67,67,67,67,75,67,67,67,67,67,67,67,67,67,67,75,67,67,75,75,67,67,67,67,67,67,67,67,67,67,67,67,67,67,67,67,67,67,67,75,75,67,67,67,67,67,67,67,83,67,67,67,67,67,75,67,67,67,67,67,67,67,67,75,75,75,67,67,67,67,67,67,67,75,67,67,67,67,67,67,67,67,67,67,67,67,67,67,67,67,67,67,67,67,67,67,67,67,67,67,67,67,67,67,67,67,67,67,67,67,67,67,67,67,67,67,75,67,67,67,67,67,67,67,75,75,75,67,67,67,67,67,67,67,75,75,67,75,67,67,67,67,67,67,67,67,67,75,67,67,67,67,67,67,67,67,67,67
MYD17A2H.A2019041.h12v02.006.2019080024105.Gpp_500m,MYD17A2H,A2019041,Lat65.9255Lon-137.4220833Samp13Line13,2019080024105,Gpp_500m,0,0,0,0,0,0,0,0,0,0,0,0,0,0,0,0,0,0,0,0,0,0,0,0,0,0,0,0,0,0,0,0,0,0,0,0,0,0,0,0,0,0,0,0,0,0,0,0,0,0,0,0,0,0,0,0,0,0,0,0,0,0,0,0,0,0,0,0,0,0,0,0,0,0,0,0,0,0,0,0,0,0,0,0,0,0,0,0,0,0,0,0,0,0,0,0,0,0,0,0,0,0,0,0,0,0,0,0,0,0,0,0,0,0,0,0,0,0,0,0,0,0,0,0,0,0,0,0,0,0,0,0,0,0,0,0,0,0,0,0,0,0,0,0,0,0,0,0,0,0,0,0,0,0,0,0,0,0,0,0,0,0,0,0,0,0,0,0,0
MYD17A2H.A2019041.h12v02.006.2019080024105.PsnNet_500m,MYD17A2H,A2019041,Lat65.9255Lon-137.4220833Samp13Line13,2019080024105,PsnNet_500m,0,0,0,0,0,0,0,0,0,0,0,0,0,0,0,0,0,0,0,0,0,0,0,0,0,0,0,0,0,0,0,0,0,0,0,0,0,0,0,0,0,0,0,0,0,0,0,0,0,0,0,0,0,0,0,0,0,0,0,0,0,0,0,0,0,0,0,0,0,0,0,0,0,0,0,0,0,0,0,0,0,0,0,0,0,0,0,0,0,0,0,0,0,0,0,0,0,0,0,0,0,0,0,0,0,0,0,0,0,0,0,0,0,0,0,0,0,0,0,0,0,0,0,0,0,0,0,0,0,0,0,0,0,0,0,0,0,0,0,0,0,0,0,0,0,0,0,0,0,0,0,0,0,0,0,0,0,0,0,0,0,0,0,0,0,0,0,0,0
MYD17A2H.A2019041.h12v02.006.2019080024105.Psn_QC_500m,MYD17A2H,A2019041,Lat65.9255Lon-137.4220833Samp13Line13,2019080024105,Psn_QC_500m,75,75,75,67,75,75,67,83,75,67,67,67,75,75,75,75,67,75,67,83,67,67,75,75,67,67,75,75,67,75,75,75,75,75,83,83,67,67,67,75,75,75,75,75,83,83,83,83,67,67,67,67,75,67,83,83,83,75,75,75,67,67,67,67,75,75,75,75,67,67,75,67,67,67,67,67,67,67,67,67,67,67,67,67,67,67,75,75,67,67,67,67,67,67,67,67,67,67,67,67,75,75,67,67,67,67,67,67,67,67,67,67,75,67,67,67,67,75,75,67,67,67,67,67,67,67,67,67,67,67,67,67,67,67,67,67,67,67,67,67,75,75,67,67,67,67,67,67,67,75,67,67,67,67,67,67,67,67,67,75,75,67,67,67,67,67,67,83,67
MYD17A2H.A2019049.h12v02.006.2019080033749.Gpp_500m,MYD17A2H,A2019049,Lat65.9255Lon-137.4220833Samp13Line13,2019080033749,Gpp_500m,0,0,0,0,0,0,0,0,0,0,0,0,0,0,0,0,0,0,0,0,0,0,0,0,0,0,0,0,0,0,0,0,0,0,0,0,0,0,0,0,0,0,0,0,0,0,0,0,0,0,0,0,0,0,0,0,0,0,0,0,0,0,0,0,0,0,0,0,0,0,0,0,0,0,0,0,0,0,0,0,0,0,0,0,0,0,0,0,0,0,0,0,0,0,0,0,0,0,0,0,0,0,0,0,0,0,0,0,0,0,0,0,0,0,0,0,0,0,0,0,0,0,0,0,0,0,0,0,0,0,0,0,0,0,0,0,0,0,0,0,0,0,0,0,0,0,0,0,0,0,0,0,0,0,0,0,0,0,0,0,0,0,0,0,0,0,0,0,0
MYD17A2H.A2019049.h12v02.006.2019080033749.PsnNet_500m,MYD17A2H,A2019049,Lat65.9255Lon-137.4220833Samp13Line13,2019080033749,PsnNet_500m,0,0,0,0,0,0,0,0,0,0,0,0,0,0,0,0,0,0,0,0,0,0,0,0,0,0,0,0,0,0,0,0,0,0,0,0,0,0,0,0,0,0,0,0,0,0,0,0,0,0,0,0,0,0,0,0,0,0,0,0,0,0,0,0,0,0,0,0,0,0,0,0,0,0,0,0,0,0,0,0,0,0,0,0,0,0,0,0,0,0,0,0,0,0,0,0,0,0,0,0,0,0,0,0,0,0,0,0,0,0,0,0,0,0,0,0,0,0,0,0,0,0,0,0,0,0,0,0,0,0,0,0,0,-16,-16,0,0,0,0,0,0,0,0,0,0,-16,0,0,0,0,0,0,0,0,0,0,0,0,0,0,0,0,0,0,0,0,0,0,0
MYD17A2H.A2019049.h12v02.006.2019080033749.Psn_QC_500m,MYD17A2H,A2019049,Lat65.9255Lon-137.4220833Samp13Line13,2019080033749,Psn_QC_500m,75,67,67,67,75,75,75,75,75,75,75,75,75,75,67,75,67,75,75,75,67,67,75,67,75,75,75,75,75,67,67,67,75,75,75,75,75,67,67,75,75,67,75,75,75,75,75,67,67,75,67,67,67,67,75,75,75,75,75,67,67,67,67,75,67,75,75,75,75,75,67,67,67,67,75,75,67,67,75,67,75,67,67,67,67,67,67,67,67,67,67,67,67,67,75,67,67,67,83,83,75,75,75,67,67,67,67,67,67,67,75,75,75,67,67,67,67,67,67,67,75,75,75,67,67,67,67,75,67,75,67,75,75,67,67,67,75,75,75,75,75,75,67,75,75,67,75,75,75,75,67,67,83,83,67,75,75,67,67,67,67,67,67,67,75,75,67,67,67
MYD17A2H.A2019057.h12v02.006.2019080042100.Gpp_500m,MYD17A2H,A2019057,Lat65.9255Lon-137.4220833Samp13Line13,2019080042100,Gpp_500m,0,0,0,0,0,0,0,0,0,0,0,0,0,0,0,0,0,0,0,0,0,0,0,0,0,0,0,0,0,0,0,0,0,0,0,0,0,0,0,0,0,0,0,0,0,0,0,0,0,0,0,0,0,0,0,0,0,0,0,0,0,0,0,0,0,0,0,0,0,0,0,0,0,0,0,0,0,0,0,0,0,0,0,0,0,0,0,0,0,0,0,0,0,0,0,0,0,0,0,0,0,0,0,0,0,0,0,0,0,0,0,0,0,0,0,0,0,0,0,0,0,0,0,0,0,0,0,0,0,0,0,0,0,0,0,0,0,0,0,0,0,0,0,0,0,0,0,0,0,0,0,0,0,0,0,0,0,0,0,0,0,0,0,0,0,0,0,0,0
MYD17A2H.A2019057.h12v02.006.2019080042100.PsnNet_500m,MYD17A2H,A2019057,Lat65.9255Lon-137.4220833Samp13Line13,2019080042100,PsnNet_500m,0,0,0,0,0,0,0,0,0,0,0,0,0,0,0,0,0,0,0,0,0,0,0,0,0,0,0,0,0,0,0,0,0,0,0,0,0,0,0,0,0,0,0,0,0,0,0,0,0,0,0,0,0,0,0,0,0,0,0,0,0,0,0,0,0,0,0,0,0,0,0,0,0,0,0,0,0,0,0,0,0,0,0,0,0,0,0,0,0,0,0,0,0,0,0,0,0,0,0,0,0,0,0,0,0,0,0,0,0,0,0,0,0,0,0,0,0,0,0,0,0,0,0,0,0,0,0,0,0,0,0,0,0,0,0,0,0,0,0,0,0,0,0,0,0,0,0,0,0,0,0,0,0,0,0,0,0,0,0,0,0,0,0,0,0,0,0,0,0
MYD17A2H.A2019057.h12v02.006.2019080042100.Psn_QC_500m,MYD17A2H,A2019057,Lat65.9255Lon-137.4220833Samp13Line13,2019080042100,Psn_QC_500m,67,67,67,67,67,67,67,67,67,75,67,67,67,67,67,75,67,67,67,75,75,67,67,67,67,67,75,67,75,67,75,75,67,67,67,67,75,75,75,75,75,67,67,67,67,67,67,67,67,67,67,67,67,67,67,67,67,67,67,67,67,67,83,83,67,67,67,67,75,75,67,67,67,67,67,67,67,67,67,67,67,67,67,67,67,67,67,67,67,67,67,67,67,67,67,67,67,67,67,67,67,67,67,67,67,67,67,67,67,67,67,67,67,67,67,67,67,67,67,67,67,67,67,67,67,67,67,67,67,67,67,67,67,67,67,67,67,67,67,67,67,67,67,67,67,67,67,67,67,67,67,67,67,67,67,67,67,67,67,67,67,67,67,67,67,67,67,67,67
MYD17A2H.A2019065.h12v02.006.2019083220327.Gpp_500m,MYD17A2H,A2019065,Lat65.9255Lon-137.4220833Samp13Line13,2019083220327,Gpp_500m,0,0,0,0,0,0,0,0,0,0,0,0,0,0,0,0,0,0,0,0,0,0,0,0,0,0,0,0,0,0,0,0,0,0,0,0,0,0,0,0,0,0,0,0,0,0,0,0,0,0,0,0,0,0,0,0,0,0,0,0,0,0,0,0,0,0,0,0,0,0,0,0,0,0,0,0,0,0,0,0,0,0,0,0,0,0,0,0,0,0,0,0,0,0,0,0,0,0,0,0,0,0,0,0,0,0,0,0,0,0,0,0,0,0,0,0,0,0,0,0,0,0,0,0,0,0,0,0,0,0,0,0,0,0,0,0,0,0,0,0,0,0,0,0,0,0,0,0,0,0,0,0,0,0,0,0,0,0,0,0,0,0,0,0,0,0,0,0,0
MYD17A2H.A2019065.h12v02.006.2019083220327.PsnNet_500m,MYD17A2H,A2019065,Lat65.9255Lon-137.4220833Samp13Line13,2019083220327,PsnNet_500m,0,0,0,0,0,0,0,0,0,0,0,0,0,0,0,0,0,0,0,0,0,0,0,0,0,0,0,0,0,0,0,0,0,0,0,0,0,0,0,0,0,0,0,0,0,0,0,0,0,0,0,0,0,0,0,0,0,0,0,0,0,0,0,0,0,0,0,0,0,0,0,0,0,0,0,0,0,0,0,0,0,0,0,0,0,0,0,0,0,0,0,0,0,0,0,0,0,0,0,0,0,0,0,0,0,0,0,0,0,0,0,0,0,0,0,0,0,0,0,0,0,0,0,0,0,0,0,0,0,0,0,0,0,0,0,0,0,0,0,0,0,0,0,0,0,0,0,0,0,0,0,0,0,0,0,0,0,0,0,0,0,0,0,0,0,0,0,0,0
MYD17A2H.A2019065.h12v02.006.2019083220327.Psn_QC_500m,MYD17A2H,A2019065,Lat65.9255Lon-137.4220833Samp13Line13,2019083220327,Psn_QC_500m,75,75,67,67,75,75,75,75,75,75,75,75,75,75,75,75,75,75,75,75,75,75,75,75,75,75,75,75,75,75,75,75,75,75,75,75,75,75,75,75,75,75,75,75,75,75,75,75,75,2,2,10,75,75,75,75,75,75,75,75,75,2,10,10,2,75,75,75,75,10,2,2,2,10,2,2,2,2,75,75,10,2,2,2,2,2,2,2,2,2,10,67,2,2,2,2,2,2,2,2,2,2,2,10,2,75,67,67,2,2,2,2,2,2,2,10,10,75,10,2,2,2,2,2,2,10,10,10,10,10,2,2,2,2,2,2,2,2,10,10,10,10,10,2,2,2,75,75,75,10,2,10,10,10,10,10,2,10,10,10,2,10,10,10,67,67,10,10,10
MYD17A2H.A2019073.h12v02.006.2019084034914.Gpp_500m,MYD17A2H,A2019073,Lat65.9255Lon-137.4220833Samp13Line13,2019084034914,Gpp_500m,0,0,0,0,0,0,0,2,2,0,0,0,0,2,0,0,0,0,2,2,2,0,0,0,0,0,2,2,0,0,2,2,2,0,0,0,0,2,2,2,2,2,0,0,0,0,0,0,0,2,2,2,0,0,0,0,0,0,0,0,2,2,2,2,2,0,0,0,0,0,2,2,2,2,2,2,3,3,0,0,0,2,2,2,2,2,2,2,2,2,2,0,2,0,2,0,2,2,2,2,2,3,2,4,0,0,0,0,2,2,4,4,4,4,4,4,2,0,0,2,4,4,2,4,4,3,4,2,2,2,2,2,2,2,2,2,2,2,2,2,4,2,4,2,2,2,2,2,1,1,1,2,2,2,2,4,2,2,2,2,1,1,2,2,4,2,2,2,4
MYD17A2H.A2019073.h12v02.006.2019084034914.PsnNet_500m,MYD17A2H,A2019073,Lat65.9255Lon-137.4220833Samp13Line13,2019084034914,PsnNet_500m,0,0,0,0,0,0,0,1,1,0,0,0,0,1,0,0,0,0,1,1,1,0,0,0,0,0,1,1,0,0,1,1,1,0,0,0,0,1,1,1,1,1,0,0,0,0,0,0,0,1,1,1,0,0,0,0,0,0,0,0,1,1,1,1,1,0,0,0,0,0,1,1,1,1,1,1,1,1,0,0,0,1,1,1,1,1,1,1,1,1,1,0,1,0,1,0,1,1,1,1,1,1,1,3,0,0,0,0,1,1,4,4,4,4,4,3,1,0,0,1,3,4,1,4,4,1,3,1,1,1,1,1,1,1,1,1,1,1,1,1,3,1,3,1,1,1,1,1,1,1,1,1,1,1,1,4,1,1,1,1,1,1,1,1,4,1,1,1,3
MYD17A2H.A2019073.h12v02.006.2019084034914.Psn_QC_500m,MYD17A2H,A2019073,Lat65.9255Lon-137.4220833Samp13Line13,2019084034914,Psn_QC_500m,99,99,107,107,107,107,107,2,2,107,107,107,99,2,107,107,107,107,10,2,10,107,107,107,107,107,2,10,107,107,10,10,2,107,107,107,107,2,2,10,10,10,107,107,107,107,107,107,107,2,2,10,107,107,107,99,107,107,107,107,2,2,2,2,2,107,107,107,107,107,10,2,2,2,2,2,2,2,107,107,99,2,2,2,2,2,2,2,2,10,10,99,2,99,2,99,2,2,2,2,10,2,10,10,99,99,107,99,2,2,10,10,10,2,2,2,2,107,107,10,2,10,10,2,2,2,10,2,2,2,2,2,2,2,2,2,10,10,2,2,10,2,10,2,2,2,2,10,99,99,99,2,10,10,10,10,2,2,10,10,99,99,2,2,10,2,2,2,2
MYD17A2H.A2019081.h12v02.006.2019090042611.Gpp_500m,MYD17A2H,A2019081,Lat65.9255Lon-137.4220833Samp13Line13,2019090042611,Gpp_500m,0,0,0,0,0,0,0,0,0,0,0,0,0,0,0,0,0,0,0,0,0,0,0,0,0,0,0,0,0,0,0,0,0,0,0,0,0,0,0,0,0,0,0,0,0,0,0,0,0,0,0,0,0,0,0,0,0,0,0,0,0,0,0,0,0,0,0,0,0,0,0,0,0,0,0,0,0,0,0,0,0,0,0,0,0,0,0,0,0,0,0,0,0,0,0,0,0,0,0,0,0,0,0,0,0,0,0,0,0,0,0,0,0,0,4,0,0,0,0,0,0,0,0,0,0,0,0,0,0,0,0,0,0,0,0,0,0,0,0,0,0,0,0,0,0,0,0,0,0,0,0,0,0,0,0,0,0,0,0,0,0,0,0,0,0,0,0,0,0
MYD17A2H.A2019081.h12v02.006.2019090042611.PsnNet_500m,MYD17A2H,A2019081,Lat65.9255Lon-137.4220833Samp13Line13,2019090042611,PsnNet_500m,0,0,0,0,0,0,0,0,0,0,0,0,0,0,0,0,0,0,0,0,0,0,0,0,0,0,0,0,0,0,0,0,0,0,0,0,0,0,0,0,0,0,0,0,0,0,0,0,0,0,0,0,0,0,0,0,0,0,0,0,0,0,0,0,0,0,0,0,0,0,0,0,0,0,0,0,0,0,0,0,0,0,0,0,0,0,0,0,0,0,0,0,0,0,0,0,0,0,0,0,0,0,0,0,0,0,0,0,0,0,0,0,0,0,3,0,0,0,0,0,0,0,0,0,0,0,0,0,0,0,0,0,0,0,0,0,0,0,0,0,0,0,0,0,0,0,0,0,0,0,0,0,0,0,0,0,0,0,0,0,0,0,0,0,0,0,0,0,0
MYD17A2H.A2019081.h12v02.006.2019090042611.Psn_QC_500m,MYD17A2H,A2019081,Lat65.9255Lon-137.4220833Samp13Line13,2019090042611,Psn_QC_500m,107,107,107,107,107,107,107,107,2,107,107,107,107,107,107,107,107,107,107,107,107,107,107,107,107,107,10,2,2,2,107,107,107,107,107,107,107,107,107,10,107,107,107,107,107,107,107,107,107,107,10,10,107,107,107,107,107,107,107,107,10,2,10,10,2,107,107,107,107,107,107,2,107,10,2,10,10,2,107,107,99,2,2,2,10,10,2,10,2,2,2,99,99,2,99,99,99,10,2,2,2,2,2,2,99,107,107,99,99,2,2,2,2,2,2,2,2,107,2,2,2,2,2,2,2,2,2,2,10,10,2,2,2,2,2,2,10,10,10,10,10,10,10,10,10,10,10,10,10,2,2,10,10,10,10,10,2,2,2,2,10,10,2,10,2,2,2,10,10
MYD17A2H.A2019089.h12v02.006.2019099200144.Gpp_500m,MYD17A2H,A2019089,Lat65.9255Lon-137.4220833Samp13Line13,2019099200144,Gpp_500m,0,0,0,0,0,0,0,1,1,1,0,0,0,0,0,1,0,1,1,1,1,0,0,0,0,0,1,1,1,1,0,1,1,0,0,0,0,0,0,0,0,1,0,0,0,0,0,0,0,0,0,2,0,0,1,1,0,0,0,0,0,0,0,0,2,0,0,0,0,0,0,0,0,0,0,0,2,2,0,0,0,0,0,0,0,0,0,0,2,2,2,0,0,0,0,0,0,0,0,0,2,2,2,2,0,0,0,0,0,2,2,2,2,2,2,2,2,0,0,0,0,0,0,2,2,2,0,0,0,2,0,2,2,0,0,0,2,2,0,2,2,0,0,2,2,0,0,0,0,0,0,0,0,0,2,2,0,2,0,0,0,0,0,0,0,0,0,2,2
MYD17A2H.A2019089.h12v02.006.2019099200144.PsnNet_500m,MYD17A2H,A2019089,Lat65.9255Lon-137.4220833Samp13Line13,2019099200144,PsnNet_500m,0,0,0,0,0,0,0,0,0,0,0,0,0,0,0,0,0,0,0,0,0,0,0,0,0,0,0,0,0,0,0,0,0,0,0,0,0,0,0,0,0,0,0,0,0,0,0,0,0,0,0,1,0,0,0,0,0,0,0,0,0,0,0,0,1,0,0,0,0,0,0,0,0,0,0,0,1,1,0,0,0,0,0,0,0,0,0,0,2,2,2,0,0,0,0,0,0,0,0,0,1,1,1,1,0,0,0,0,0,2,2,1,1,2,2,2,2,0,0,0,0,0,0,1,1,2,0,0,0,2,0,2,2,0,0,0,1,1,0,1,2,0,0,2,1,0,0,0,0,0,0,0,0,0,1,1,0,2,0,0,0,0,0,0,0,0,0,1,1
MYD17A2H.A2019089.h12v02.006.2019099200144.Psn_QC_500m,MYD17A2H,A2019089,Lat65.9255Lon-137.4220833Samp13Line13,2019099200144,Psn_QC_500m,107,107,107,99,107,99,99,2,2,2,107,107,99,107,107,10,99,2,10,2,10,107,107,107,107,107,10,10,10,10,107,10,2,107,107,107,107,99,10,107,107,10,107,107,107,99,99,107,107,2,2,10,107,107,10,10,99,99,107,107,10,2,2,2,10,99,99,99,99,2,2,2,10,10,10,2,10,10,107,107,10,10,10,10,10,2,2,2,10,10,10,107,2,107,2,107,2,2,2,2,10,10,10,2,107,99,107,99,107,10,10,10,10,10,10,2,2,107,107,99,2,2,2,10,10,10,2,2,2,10,2,2,2,2,2,10,10,10,2,10,10,10,10,2,10,99,2,2,2,2,10,10,10,10,2,2,2,10,2,2,10,99,107,107,2,2,2,2,2
MYD17A2H.A2019097.h12v02.006.2019106070322.Gpp_500m,MYD17A2H,A2019097,Lat65.9255Lon-137.4220833Samp13Line13,2019106070322,Gpp_500m,0,0,0,0,0,0,0,0,1,1,0,0,0,0,0,0,0,0,0,0,0,0,0,0,0,0,1,1,0,0,0,1,1,0,0,0,0,0,0,1,1,1,0,0,0,0,0,0,0,0,0,0,0,0,0,0,0,0,0,0,0,0,0,0,0,0,0,0,0,0,0,0,0,0,0,0,0,0,0,0,0,0,0,0,0,0,0,0,0,0,0,0,0,0,0,0,0,0,0,0,1,0,0,1,0,0,0,0,0,0,0,0,0,0,1,1,1,0,0,0,0,0,0,0,0,1,1,0,0,0,0,0,0,0,0,0,0,0,0,0,0,0,0,0,0,0,0,1,0,0,0,0,0,1,0,0,0,0,0,0,0,0,1,0,0,0,1,1,0
MYD17A2H.A2019097.h12v02.006.2019106070322.PsnNet_500m,MYD17A2H,A2019097,Lat65.9255Lon-137.4220833Samp13Line13,2019106070322,PsnNet_500m,0,0,0,0,0,0,0,0,0,0,0,0,0,0,0,0,0,0,0,0,0,0,0,0,0,0,0,0,0,0,0,0,0,0,0,0,0,0,0,0,0,0,0,0,0,0,0,0,0,0,0,0,0,0,0,0,0,0,0,0,0,0,0,0,0,0,0,0,0,0,0,0,0,0,0,0,0,0,0,0,0,0,0,0,0,0,0,0,0,0,0,0,0,0,0,0,0,0,0,0,1,0,0,1,0,0,0,0,0,0,0,0,0,0,1,1,1,0,0,0,0,0,0,0,0,1,1,0,0,0,0,0,0,0,0,0,0,0,0,0,0,0,0,0,0,0,0,0,0,0,0,0,0,1,0,0,0,0,0,0,0,0,0,0,0,0,1,1,0
MYD17A2H.A2019097.h12v02.006.2019106070322.Psn_QC_500m,MYD17A2H,A2019097,Lat65.9255Lon-137.4220833Samp13Line13,2019106070322,Psn_QC_500m,99,99,99,99,99,99,99,99,2,2,99,99,99,99,99,99,99,99,99,99,99,99,99,99,99,99,2,2,99,99,99,2,2,99,99,99,99,107,2,2,2,2,99,99,99,99,99,99,99,107,2,2,99,99,99,99,99,99,99,107,99,2,2,2,2,99,99,99,99,99,2,2,2,2,2,2,2,2,99,99,99,2,2,2,2,2,2,2,2,2,2,107,99,2,99,107,99,2,2,2,10,2,2,2,99,99,99,99,2,2,2,2,2,2,2,2,10,99,99,107,2,2,2,2,10,10,10,2,2,2,2,2,2,2,2,2,2,2,2,2,2,2,2,2,2,2,2,107,99,99,99,2,2,10,2,2,107,107,107,2,2,2,107,107,107,10,10,2,2
MYD17A2H.A2019105.h12v02.006.2019114053202.Gpp_500m,MYD17A2H,A2019105,Lat65.9255Lon-137.4220833Samp13Line13,2019114053202,Gpp_500m,0,0,0,0,0,0,0,2,2,0,0,0,0,0,0,2,0,0,0,0,0,0,0,0,0,0,2,2,0,0,2,2,2,0,1,0,0,1,0,2,2,0,0,0,0,0,0,1,0,0,0,1,0,0,0,0,0,0,0,0,1,1,1,1,1,0,0,0,0,0,1,1,1,0,1,1,1,3,0,0,0,0,1,1,1,1,1,1,1,1,1,0,0,1,1,1,0,1,1,1,1,1,1,1,0,0,0,0,0,1,1,1,1,1,3,3,1,0,0,1,1,0,0,1,1,1,3,3,1,1,0,0,1,1,1,1,3,3,3,3,3,1,1,1,1,1,1,1,1,1,1,1,1,1,3,1,1,1,1,1,1,1,1,1,1,1,1,1,1
MYD17A2H.A2019105.h12v02.006.2019114053202.PsnNet_500m,MYD17A2H,A2019105,Lat65.9255Lon-137.4220833Samp13Line13,2019114053202,PsnNet_500m,0,0,0,0,0,0,0,1,1,0,0,0,0,0,0,1,0,0,0,0,0,0,0,0,0,0,1,1,0,0,1,1,1,0,1,0,0,1,0,1,1,0,0,0,0,0,0,1,0,0,0,1,0,0,0,0,0,0,0,0,1,1,1,1,1,0,0,0,0,0,1,1,1,0,1,1,1,2,0,0,0,0,1,1,1,1,1,1,1,1,1,0,0,1,1,1,0,1,1,1,1,1,1,1,0,0,0,0,0,1,1,1,1,1,2,2,1,0,0,1,1,0,0,1,1,1,2,2,1,1,0,0,1,1,1,1,2,2,2,2,2,1,1,1,1,1,1,1,1,1,1,1,1,1,2,1,1,1,1,1,1,1,1,1,1,1,1,1,1
MYD17A2H.A2019105.h12v02.006.2019114053202.Psn_QC_500m,MYD17A2H,A2019105,Lat65.9255Lon-137.4220833Samp13Line13,2019114053202,Psn_QC_500m,107,107,107,107,107,107,107,2,2,107,107,107,107,107,107,10,107,107,107,107,107,107,107,107,107,107,10,10,107,107,2,2,2,107,2,107,107,2,107,2,18,107,107,107,107,107,107,2,107,99,107,2,107,107,107,107,107,107,107,107,2,2,2,2,10,107,107,107,107,107,2,2,2,99,2,2,10,10,107,107,99,99,2,2,2,2,2,10,10,10,10,99,99,2,2,2,99,2,2,2,2,10,10,2,99,99,107,107,99,10,10,10,2,10,2,2,10,107,107,2,2,107,99,10,10,10,10,10,10,10,99,99,10,2,10,10,10,10,10,10,10,2,2,10,10,10,10,10,10,2,2,2,2,2,10,2,10,10,2,2,2,2,2,2,2,2,2,2,2
MYD17A2H.A2019113.h12v02.006.2019122153927.Gpp_500m,MYD17A2H,A2019113,Lat65.9255Lon-137.4220833Samp13Line13,2019122153927,Gpp_500m,0,0,0,0,0,0,0,0,5,0,0,0,0,0,0,0,0,0,0,0,0,0,0,0,0,0,2,2,2,0,0,5,5,0,0,0,0,2,2,5,0,0,0,0,0,0,0,0,0,2,6,7,0,0,0,0,0,0,0,0,2,2,6,6,6,0,0,0,0,0,2,2,2,3,2,8,5,5,0,0,0,2,2,2,2,2,2,5,5,3,8,2,2,2,2,0,5,5,6,6,3,8,3,5,2,2,0,2,2,6,6,6,6,3,5,10,10,2,2,2,6,3,3,5,5,5,5,3,5,5,2,3,3,3,3,3,3,3,3,3,3,3,6,2,3,3,3,5,5,3,3,6,6,3,6,9,3,3,5,5,6,6,3,3,3,2,2,3,9
MYD17A2H.A2019113.h12v02.006.2019122153927.PsnNet_500m,MYD17A2H,A2019113,Lat65.9255Lon-137.4220833Samp13Line13,2019122153927,PsnNet_500m,0,0,0,0,0,0,0,0,4,0,0,0,0,0,0,0,0,0,0,0,0,0,0,0,0,0,2,2,2,0,0,4,4,0,0,0,0,2,2,4,0,0,0,0,0,0,0,0,0,2,6,6,0,0,0,0,0,0,0,0,2,2,6,6,6,0,0,0,0,0,2,2,2,3,2,8,4,4,0,0,0,2,2,2,2,2,2,4,4,3,8,2,2,2,2,0,4,4,6,6,3,8,3,4,2,2,0,2,2,6,6,6,6,3,4,8,8,2,2,2,6,3,3,4,4,4,4,3,4,4,2,3,3,3,3,3,3,3,3,3,3,3,6,2,3,3,3,4,4,3,3,6,6,3,6,8,3,3,5,4,6,6,3,3,3,2,2,3,8
MYD17A2H.A2019113.h12v02.006.2019122153927.Psn_QC_500m,MYD17A2H,A2019113,Lat65.9255Lon-137.4220833Samp13Line13,2019122153927,Psn_QC_500m,99,99,99,99,107,107,107,99,2,107,107,107,107,99,107,107,107,107,107,107,107,107,107,107,107,107,99,99,99,107,107,2,2,107,107,107,107,99,99,2,107,107,107,107,107,107,107,107,107,99,2,2,107,107,107,107,107,107,107,107,107,107,2,2,2,107,107,107,107,107,99,99,99,99,99,2,2,2,107,107,107,99,99,99,99,99,99,2,2,99,2,99,99,99,99,107,2,2,2,2,99,2,99,99,99,99,107,99,107,10,10,2,2,99,99,2,2,107,107,107,10,99,99,2,2,99,99,99,99,99,99,99,99,99,99,99,99,99,99,99,99,99,10,107,99,99,99,99,99,99,99,10,10,99,2,2,99,99,99,99,10,10,99,99,99,99,99,99,2
MYD17A2H.A2019121.h12v02.006.2019130042816.Gpp_500m,MYD17A2H,A2019121,Lat65.9255Lon-137.4220833Samp13Line13,2019130042816,Gpp_500m,0,0,0,0,0,0,4,4,4,4,0,0,0,4,4,4,0,0,4,4,0,0,4,0,0,0,4,4,0,0,0,4,4,4,0,0,0,0,4,4,4,0,4,4,0,0,0,0,4,3,4,4,0,0,4,4,0,0,4,4,4,4,4,4,9,2,4,4,4,4,4,4,4,4,4,4,7,7,3,0,4,4,4,4,4,4,4,4,7,7,4,3,4,1,4,1,4,4,4,4,4,4,4,7,1,1,0,4,4,4,4,4,7,4,9,9,9,0,0,4,4,4,4,4,4,4,4,4,4,4,4,4,4,4,4,4,4,4,4,6,6,6,6,7,4,4,0,4,9,9,4,1,4,4,4,4,4,4,10,7,7,7,4,4,4,4,4,4,9
MYD17A2H.A2019121.h12v02.006.2019130042816.PsnNet_500m,MYD17A2H,A2019121,Lat65.9255Lon-137.4220833Samp13Line13,2019130042816,PsnNet_500m,0,0,0,0,0,0,4,4,4,4,0,0,0,4,4,4,0,0,4,4,0,0,4,0,0,0,4,4,0,0,0,4,4,4,0,0,0,0,4,4,4,0,4,4,0,0,0,0,4,2,4,4,0,0,4,4,0,0,4,4,4,4,4,4,6,2,4,4,4,4,4,4,4,4,4,4,6,6,2,0,4,4,4,4,4,4,4,4,6,6,4,2,4,1,4,1,4,4,4,4,4,4,4,6,1,1,0,4,4,4,4,4,6,4,6,6,6,0,0,4,4,4,4,4,4,4,4,4,4,4,4,4,4,4,4,4,4,4,4,5,5,5,5,6,4,4,0,4,6,6,4,1,4,4,4,4,4,4,9,6,6,6,4,4,4,4,4,4,6
MYD17A2H.A2019121.h12v02.006.2019130042816.Psn_QC_500m,MYD17A2H,A2019121,Lat65.9255Lon-137.4220833Samp13Line13,2019130042816,Psn_QC_500m,99,99,99,99,99,99,67,2,2,2,99,99,107,10,2,2,67,67,67,67,99,99,67,99,99,99,2,2,99,99,99,2,2,67,99,99,99,99,2,2,2,67,67,67,67,67,67,99,67,67,2,2,67,67,67,67,67,67,67,2,2,2,2,2,10,67,67,67,67,67,2,2,2,2,2,2,2,2,67,99,2,2,2,2,2,2,2,2,2,2,2,67,2,99,2,107,2,2,2,2,2,2,2,2,107,107,107,2,2,2,2,2,2,10,2,2,2,67,99,2,2,2,2,2,2,2,2,2,2,2,2,2,18,2,2,2,2,2,2,10,10,10,10,2,2,2,83,2,2,2,83,99,2,2,2,2,2,10,2,2,2,2,2,2,10,10,10,2,2
MYD17A2H.A2019129.h12v02.006.2019138043211.Gpp_500m,MYD17A2H,A2019129,Lat65.9255Lon-137.4220833Samp13Line13,2019138043211,Gpp_500m,39,39,39,39,20,39,39,27,34,34,39,39,39,62,62,62,62,23,23,23,23,23,23,23,27,20,62,63,39,39,34,47,47,39,39,39,62,62,62,39,39,23,23,27,39,39,39,39,73,73,126,126,23,39,39,20,20,39,62,62,119,158,158,131,153,39,39,27,35,62,88,119,153,135,135,124,124,124,27,39,92,107,131,131,131,124,131,131,142,131,130,100,138,138,138,131,147,124,124,115,130,135,135,138,161,161,119,147,158,135,135,124,124,135,142,130,130,111,119,124,149,149,126,127,135,124,127,127,130,130,96,124,142,126,127,130,130,154,154,138,138,127,130,142,135,146,146,164,164,154,133,102,101,130,130,130,146,146,156,156,154,162,156,156,138,138,107,127,73
MYD17A2H.A2019129.h12v02.006.2019138043211.PsnNet_500m,MYD17A2H,A2019129,Lat65.9255Lon-137.4220833Samp13Line13,2019138043211,PsnNet_500m,36,36,36,36,17,36,36,25,33,33,36,36,36,58,58,58,58,22,22,22,22,22,22,22,25,17,58,58,36,36,33,44,44,36,36,36,59,59,58,36,36,22,22,25,36,36,36,36,68,68,117,117,22,36,36,17,17,36,59,59,110,145,145,121,141,36,36,25,32,59,82,110,141,124,124,115,115,114,25,36,87,100,121,121,121,115,121,121,131,121,121,92,129,129,128,121,134,115,115,106,121,124,124,127,149,149,110,134,145,124,124,114,114,124,131,120,120,103,111,115,139,139,117,117,124,114,117,118,120,120,89,115,131,117,117,121,120,141,141,129,129,117,120,131,124,133,133,152,152,141,124,94,93,120,120,120,133,133,146,146,141,148,146,144,129,129,101,118,67
MYD17A2H.A2019129.h12v02.006.2019138043211.Psn_QC_500m,MYD17A2H,A2019129,Lat65.9255Lon-137.4220833Samp13Line13,2019138043211,Psn_QC_500m,2,2,2,18,2,2,2,2,18,18,2,2,2,2,2,2,2,10,10,10,10,10,10,10,10,2,2,2,2,2,18,18,18,10,10,2,2,2,2,2,2,10,10,2,2,2,2,2,2,2,2,2,10,2,2,10,2,2,2,2,2,2,2,2,2,2,2,2,2,2,2,2,2,2,2,2,2,2,2,2,2,2,2,2,2,2,2,2,2,2,2,2,2,2,2,2,2,2,2,2,2,2,2,2,2,2,2,2,2,2,2,2,2,2,2,2,2,2,2,2,2,2,2,2,2,2,2,2,2,2,2,2,2,2,2,2,2,2,2,2,2,2,2,2,2,2,2,2,2,2,2,2,2,2,2,2,2,2,2,2,2,2,2,2,2,2,2,2,2
MYD17A2H.A2019137.h12v02.006.2019148192645.Gpp_500m,MYD17A2H,A2019137,Lat65.9255Lon-137.4220833Samp13Line13,2019148192645,Gpp_500m,104,123,123,65,104,104,104,104,123,123,104,105,105,123,123,248,248,65,65,65,65,65,65,66,106,106,129,129,104,65,104,104,105,65,66,106,106,229,204,104,104,59,65,78,105,66,72,66,172,210,249,281,104,104,105,105,106,78,106,172,204,281,302,276,276,65,65,106,106,172,255,262,289,315,295,328,341,341,66,72,217,289,289,315,315,315,336,336,336,268,255,191,327,327,281,268,268,276,255,268,255,309,301,301,340,289,268,268,276,289,322,310,281,322,322,314,249,229,249,295,268,348,301,301,315,315,290,262,263,263,249,255,348,315,315,315,315,308,360,289,263,241,263,328,328,301,322,374,374,374,308,269,257,257,263,222,322,341,322,314,296,289,301,269,269,263,263,256,256
MYD17A2H.A2019137.h12v02.006.2019148192645.PsnNet_500m,MYD17A2H,A2019137,Lat65.9255Lon-137.4220833Samp13Line13,2019148192645,PsnNet_500m,98,115,115,60,98,98,98,98,115,115,98,98,98,115,115,224,224,60,60,60,60,60,60,60,98,98,123,123,98,60,98,98,98,60,60,98,98,209,189,98,98,54,60,74,98,60,68,60,158,192,230,258,98,98,98,98,98,75,98,158,189,259,276,253,253,60,60,98,98,158,238,240,267,289,269,299,310,310,60,68,198,266,266,289,289,289,307,307,307,248,238,176,299,299,259,248,248,253,238,250,233,281,279,279,310,267,248,248,253,266,292,281,257,292,292,288,229,211,230,269,248,318,276,275,288,288,264,240,240,240,230,233,318,289,289,288,288,281,327,264,240,223,240,299,299,275,292,339,339,339,281,248,235,235,240,205,292,311,292,288,268,264,275,248,248,240,240,236,236
MYD17A2H.A2019137.h12v02.006.2019148192645.Psn_QC_500m,MYD17A2H,A2019137,Lat65.9255Lon-137.4220833Samp13Line13,2019148192645,Psn_QC_500m,2,2,2,2,2,2,2,2,2,2,2,2,2,2,2,2,2,2,2,2,2,2,2,2,2,2,2,2,2,2,2,2,2,2,2,2,2,2,2,2,2,2,2,18,2,2,10,2,2,2,2,2,2,2,2,2,2,10,2,18,2,2,2,2,2,2,10,2,2,2,18,2,2,2,2,2,2,2,2,10,2,2,2,2,2,2,2,2,2,2,2,2,2,2,2,2,2,2,2,2,2,2,2,2,2,2,2,2,2,2,2,2,2,2,2,2,2,2,2,2,2,2,2,2,2,2,2,2,2,2,2,2,2,2,2,2,2,2,2,2,2,2,2,2,2,2,2,2,2,2,2,2,2,2,2,2,2,2,2,2,2,2,2,2,2,2,2,2,2
MYD17A2H.A2019145.h12v02.006.2019154050438.Gpp_500m,MYD17A2H,A2019145,Lat65.9255Lon-137.4220833Samp13Line13,2019154050438,Gpp_500m,34,34,30,71,34,153,0,34,65,71,94,94,57,34,34,52,52,30,58,71,187,153,152,30,104,82,58,52,34,34,58,112,52,52,92,0,53,92,169,30,94,133,133,65,65,53,35,0,0,162,236,157,30,30,30,0,35,35,35,0,244,196,196,0,35,30,0,0,0,0,151,92,35,35,312,64,64,35,0,35,53,0,0,82,169,208,208,35,35,35,35,65,57,82,82,82,30,151,121,115,0,0,35,35,35,57,57,35,190,162,225,195,195,92,64,64,161,73,133,169,219,219,127,127,202,68,64,86,109,109,244,301,301,109,73,57,68,67,156,104,127,115,35,248,86,57,64,98,98,86,115,156,156,161,160,165,0,6,11,73,73,161,150,149,104,139,104,109,299
MYD17A2H.A2019145.h12v02.006.2019154050438.PsnNet_500m,MYD17A2H,A2019145,Lat65.9255Lon-137.4220833Samp13Line13,2019154050438,PsnNet_500m,33,33,27,65,33,136,0,33,59,62,87,87,55,33,33,49,49,27,54,65,168,136,136,26,95,73,54,49,33,33,54,102,49,49,86,0,49,86,155,27,87,122,122,59,59,49,32,0,0,146,215,144,27,27,27,0,32,32,32,0,219,179,179,0,32,27,0,0,0,0,137,86,32,32,279,59,59,32,0,32,49,0,0,77,155,188,188,32,32,32,32,59,55,73,73,73,26,137,110,107,0,0,32,32,32,55,55,32,175,149,204,179,179,86,59,59,149,71,123,155,201,201,117,117,184,66,59,79,103,103,221,267,267,102,68,54,66,66,142,96,116,107,32,225,79,55,59,92,92,79,107,142,142,149,149,152,0,6,11,72,68,149,139,140,96,127,96,101,269
MYD17A2H.A2019145.h12v02.006.2019154050438.Psn_QC_500m,MYD17A2H,A2019145,Lat65.9255Lon-137.4220833Samp13Line13,2019154050438,Psn_QC_500m,10,10,18,10,18,2,75,10,10,2,2,2,2,18,18,10,10,10,10,10,2,2,2,2,2,18,10,10,10,10,10,2,2,2,2,75,18,2,2,10,2,2,2,2,2,2,10,75,75,2,2,2,2,2,2,75,10,10,10,75,2,10,10,75,10,2,75,75,75,75,2,2,10,10,2,10,10,10,75,2,2,75,75,10,2,2,2,10,10,10,10,10,10,10,10,10,2,2,2,2,75,75,10,10,18,18,18,10,2,2,2,2,2,2,10,10,10,10,2,18,2,2,2,2,2,10,10,10,10,10,18,2,2,2,2,10,10,10,10,10,18,10,10,2,2,2,10,10,10,10,18,18,18,18,18,10,75,75,75,10,10,18,18,18,18,18,10,2,10
MYD17A2H.A2019153.h12v02.006.2019162052631.Gpp_500m,MYD17A2H,A2019153,Lat65.9255Lon-137.4220833Samp13Line13,2019162052631,Gpp_500m,128,189,189,137,128,116,107,203,203,89,89,176,128,189,189,128,128,107,141,141,142,197,128,128,134,122,249,203,189,120,120,189,189,189,141,122,128,128,256,141,141,120,157,157,157,155,67,67,189,242,264,304,120,67,197,197,122,128,128,122,358,358,331,385,358,67,176,175,141,141,203,358,370,423,403,331,331,324,81,121,202,358,317,366,366,349,349,344,366,331,349,210,331,412,331,331,370,392,324,331,324,275,275,324,392,331,331,378,370,344,344,304,304,324,331,315,315,331,316,337,316,316,344,344,324,295,304,304,310,324,316,331,331,349,357,324,335,315,315,335,335,324,275,364,370,324,336,412,396,396,370,324,303,315,309,309,336,396,396,404,404,370,357,324,324,315,315,295,324
MYD17A2H.A2019153.h12v02.006.2019162052631.PsnNet_500m,MYD17A2H,A2019153,Lat65.9255Lon-137.4220833Samp13Line13,2019162052631,PsnNet_500m,120,178,178,128,120,110,103,190,190,83,83,166,121,178,178,120,120,103,133,133,133,184,120,121,128,114,235,190,178,115,115,178,180,180,133,114,121,121,241,133,133,115,148,148,148,148,65,65,177,228,245,282,115,64,183,183,114,121,121,113,331,331,307,358,333,64,166,165,133,133,190,333,347,393,375,307,306,302,77,114,190,331,298,339,339,326,326,320,338,306,325,197,308,381,307,307,345,364,303,306,302,259,259,303,361,307,307,351,345,323,323,282,282,303,306,295,295,307,295,314,295,295,320,319,302,277,284,284,289,303,295,306,306,325,331,302,314,295,295,314,314,302,258,338,344,303,314,379,368,368,344,303,282,295,290,290,314,368,368,375,375,344,333,302,302,295,295,277,300
MYD17A2H.A2019153.h12v02.006.2019162052631.Psn_QC_500m,MYD17A2H,A2019153,Lat65.9255Lon-137.4220833Samp13Line13,2019162052631,Psn_QC_500m,2,2,2,2,2,2,2,2,2,2,2,2,18,2,2,2,2,2,2,2,2,2,2,18,2,2,2,2,2,2,2,2,2,2,2,2,2,2,2,2,2,2,2,2,2,2,2,2,2,2,2,2,2,2,2,2,2,2,2,2,2,2,2,2,2,2,2,2,2,2,2,2,2,2,2,2,2,2,2,2,2,2,2,2,2,2,2,2,2,2,2,2,2,2,2,2,2,2,2,2,2,2,2,2,2,2,2,2,2,2,2,2,2,2,2,2,2,2,2,2,2,2,2,2,2,2,2,2,2,2,2,2,2,2,2,2,2,2,2,2,2,2,2,2,2,2,2,2,2,2,2,2,2,2,2,2,2,2,2,2,2,2,2,2,2,2,2,2,2
MYD17A2H.A2019161.h12v02.006.2019170052238.Gpp_500m,MYD17A2H,A2019161,Lat65.9255Lon-137.4220833Samp13Line13,2019170052238,Gpp_500m,60,200,158,158,98,98,98,201,213,98,30,146,31,177,98,182,98,98,98,98,207,207,164,86,86,48,98,98,98,104,116,115,158,122,68,68,128,172,172,176,98,98,110,110,110,128,104,75,31,75,249,178,146,146,135,182,75,31,138,158,158,194,184,172,134,152,257,86,115,115,194,201,207,184,178,177,311,189,98,138,266,266,324,213,105,324,184,157,157,275,48,294,294,353,194,184,184,275,157,98,114,98,115,115,409,172,364,328,145,172,172,114,114,298,237,285,304,164,275,294,110,335,335,352,219,115,115,115,115,105,128,68,114,114,114,115,98,98,115,293,310,310,109,165,98,98,98,172,172,110,68,275,91,105,98,98,311,176,176,207,98,248,248,122,109,105,105,55,310
MYD17A2H.A2019161.h12v02.006.2019170052238.PsnNet_500m,MYD17A2H,A2019161,Lat65.9255Lon-137.4220833Samp13Line13,2019170052238,PsnNet_500m,57,185,145,145,91,91,91,183,193,91,29,135,28,162,92,166,91,91,91,91,191,191,150,79,79,45,91,91,91,97,107,107,145,113,62,62,119,157,156,161,91,91,103,103,103,119,96,68,28,68,228,162,135,135,121,168,68,28,127,145,145,179,169,156,125,138,232,79,107,107,179,184,191,169,162,162,282,171,92,127,242,242,287,197,97,290,170,145,145,248,45,264,264,316,179,166,166,248,145,92,109,91,109,109,360,156,325,297,136,156,156,109,109,270,216,258,275,151,248,264,102,299,299,314,199,109,109,109,108,97,119,62,109,109,109,109,90,90,109,264,282,282,103,152,91,90,90,156,156,103,62,249,85,97,90,90,282,164,164,188,90,229,229,113,103,97,97,51,282
MYD17A2H.A2019161.h12v02.006.2019170052238.Psn_QC_500m,MYD17A2H,A2019161,Lat65.9255Lon-137.4220833Samp13Line13,2019170052238,Psn_QC_500m,2,10,10,10,2,2,2,2,2,2,2,2,18,2,2,2,2,2,2,2,2,2,2,18,18,18,2,2,2,18,18,18,2,10,18,18,10,10,10,2,18,18,18,10,10,10,10,18,10,10,67,10,18,18,18,10,10,10,10,10,10,10,10,10,10,67,67,18,10,10,10,10,10,10,10,10,67,67,18,10,10,10,10,10,67,67,10,2,2,67,67,10,10,10,10,67,67,10,2,10,10,10,10,10,18,10,10,10,10,10,10,10,10,67,67,67,67,2,18,18,10,67,67,67,67,10,10,10,10,10,18,10,10,10,10,10,10,10,10,67,67,67,10,10,10,10,10,10,10,10,10,2,10,10,10,10,67,10,10,10,10,2,2,10,10,10,10,10,67
MYD17A2H.A2019169.h12v02.006.2019178050052.Gpp_500m,MYD17A2H,A2019169,Lat65.9255Lon-137.4220833Samp13Line13,2019178050052,Gpp_500m,274,274,267,232,232,250,283,309,297,191,223,331,239,241,349,331,266,233,191,274,274,340,340,239,239,239,382,382,233,233,250,324,324,232,232,248,248,232,314,315,241,241,176,315,308,216,232,232,256,373,497,473,191,232,315,315,314,282,239,306,497,497,497,514,514,315,315,248,314,314,373,554,554,521,560,521,456,503,191,291,439,439,514,514,538,478,478,478,472,487,487,405,405,478,521,478,596,456,456,472,455,405,405,447,611,546,561,497,528,528,445,472,479,455,447,447,440,546,546,478,479,472,479,479,479,414,413,447,440,447,503,496,472,513,503,503,447,440,440,455,487,487,420,496,446,462,462,455,537,522,454,440,440,428,480,480,455,496,587,570,545,545,470,447,463,454,454,447,470
MYD17A2H.A2019169.h12v02.006.2019178050052.PsnNet_500m,MYD17A2H,A2019169,Lat65.9255Lon-137.4220833Samp13Line13,2019178050052,PsnNet_500m,251,251,243,210,210,228,257,280,275,176,206,302,217,221,317,302,243,210,176,251,251,311,311,217,217,217,347,347,210,210,228,296,296,210,209,227,227,210,289,289,220,220,159,289,280,197,209,209,236,335,446,424,176,210,289,289,290,258,217,278,446,446,446,459,459,289,289,228,290,289,335,490,490,464,499,464,410,450,176,266,394,394,455,455,478,429,429,428,424,437,438,366,366,432,464,432,526,410,410,424,410,366,366,401,538,484,499,446,472,472,401,424,427,410,401,400,395,484,484,432,432,424,432,432,432,374,374,400,394,401,450,446,424,460,450,450,400,395,394,409,437,437,380,446,401,419,419,410,478,464,409,394,394,388,427,427,410,445,518,504,484,484,423,401,417,409,409,401,423
MYD17A2H.A2019169.h12v02.006.2019178050052.Psn_QC_500m,MYD17A2H,A2019169,Lat65.9255Lon-137.4220833Samp13Line13,2019178050052,Psn_QC_500m,2,2,2,2,2,2,2,2,2,2,2,2,2,2,2,2,2,2,2,2,2,2,2,2,2,2,2,2,2,2,2,2,2,2,2,2,2,2,2,2,2,2,2,2,2,2,2,2,10,2,2,2,2,2,2,2,2,2,2,2,2,2,2,2,2,2,2,2,2,2,2,2,2,2,2,2,2,2,2,2,2,2,2,2,2,2,2,2,2,2,2,2,2,2,2,2,2,2,2,2,2,2,2,2,2,2,2,2,2,2,2,2,2,2,2,2,2,2,2,2,2,2,2,2,2,2,2,2,2,2,2,2,2,2,2,2,2,2,2,2,2,2,2,2,2,2,2,2,2,2,2,2,2,2,2,2,2,2,2,2,2,2,2,2,2,2,2,2,2
MYD17A2H.A2019177.h12v02.006.2019186051247.Gpp_500m,MYD17A2H,A2019177,Lat65.9255Lon-137.4220833Samp13Line13,2019186051247,Gpp_500m,288,236,179,149,195,203,203,203,117,125,125,272,224,141,149,187,203,125,273,203,288,312,312,163,163,180,305,280,203,117,273,235,297,297,278,180,180,278,278,336,336,203,203,437,235,224,285,285,201,192,346,346,203,179,265,265,255,192,192,331,347,346,379,400,400,180,272,233,263,263,372,408,408,440,424,423,371,353,201,201,310,310,372,346,361,361,400,361,346,353,353,318,318,330,400,400,462,346,338,353,321,308,438,413,470,448,448,440,423,371,422,422,346,346,321,291,337,416,378,361,353,353,346,469,369,345,315,345,345,337,346,346,353,400,400,352,308,275,275,123,413,413,115,391,391,377,84,84,76,100,153,153,369,329,299,313,346,300,100,100,100,314,292,299,299,299,306,190,368
MYD17A2H.A2019177.h12v02.006.2019186051247.PsnNet_500m,MYD17A2H,A2019177,Lat65.9255Lon-137.4220833Samp13Line13,2019186051247,PsnNet_500m,264,214,166,136,180,187,187,187,109,116,116,247,203,131,140,173,187,116,249,187,261,282,282,148,148,165,277,257,187,109,249,214,269,269,251,165,165,251,251,304,304,187,187,390,214,203,262,262,182,175,313,312,187,165,242,242,233,175,175,299,313,313,340,360,360,165,247,213,236,236,333,365,364,392,380,380,331,318,182,182,279,279,333,313,326,326,360,326,311,318,318,287,287,299,360,360,412,311,303,321,291,277,390,370,418,399,398,391,378,330,380,380,311,310,292,266,302,372,339,324,318,318,311,415,330,313,288,313,312,307,311,311,318,359,359,321,280,251,251,113,369,369,106,352,352,337,79,79,69,94,142,142,330,299,271,287,313,275,94,94,94,288,266,272,272,271,278,177,329
MYD17A2H.A2019177.h12v02.006.2019186051247.Psn_QC_500m,MYD17A2H,A2019177,Lat65.9255Lon-137.4220833Samp13Line13,2019186051247,Psn_QC_500m,2,2,2,10,10,2,2,2,10,2,2,2,2,10,18,67,2,2,2,2,2,2,2,2,2,2,2,2,2,10,2,2,2,2,2,2,2,2,2,2,2,2,2,2,2,2,10,10,2,2,2,2,2,2,2,2,10,2,2,2,2,2,2,2,2,2,2,10,2,2,2,2,2,2,2,2,2,2,2,2,2,2,2,2,2,2,2,2,2,2,2,2,2,2,2,2,2,2,2,18,2,2,2,2,2,2,2,2,2,2,2,2,2,2,2,10,10,2,2,2,2,2,2,2,2,10,10,18,18,18,2,2,2,2,2,10,10,2,2,10,2,2,10,2,2,2,10,10,10,10,10,10,2,18,10,10,2,10,10,10,10,10,10,10,10,10,10,10,2
MYD17A2H.A2019185.h12v02.006.2019194051851.Gpp_500m,MYD17A2H,A2019185,Lat65.9255Lon-137.4220833Samp13Line13,2019194051851,Gpp_500m,325,325,368,351,256,417,189,382,101,180,180,357,352,428,453,452,274,274,357,469,374,382,340,293,84,327,402,417,417,163,256,366,282,349,309,301,235,100,402,443,52,78,101,222,136,260,235,235,242,334,493,510,203,203,52,340,352,318,318,301,502,526,527,242,100,85,85,84,51,108,135,293,561,510,393,351,118,84,84,360,360,352,344,435,434,527,84,442,51,108,334,276,352,84,519,108,108,267,351,84,383,402,401,141,285,100,100,100,250,343,433,284,308,343,83,324,391,419,393,84,108,100,100,433,433,416,382,424,367,367,92,526,108,452,491,149,300,300,332,273,273,273,224,533,459,374,234,314,442,50,175,300,100,108,108,173,316,283,324,90,108,215,100,108,381,373,373,348,340
MYD17A2H.A2019185.h12v02.006.2019194051851.PsnNet_500m,MYD17A2H,A2019185,Lat65.9255Lon-137.4220833Samp13Line13,2019194051851,PsnNet_500m,296,295,332,318,236,378,173,346,93,162,162,321,316,385,405,405,251,251,325,419,337,346,307,268,78,297,362,376,376,149,232,330,254,316,281,275,212,93,362,398,49,71,93,201,127,238,216,216,218,302,440,451,188,188,49,310,316,289,289,271,446,467,467,219,93,79,79,78,46,102,123,267,491,451,353,314,106,78,78,324,324,317,311,387,387,466,78,396,46,100,300,254,317,78,459,101,100,244,317,78,349,361,360,132,258,93,93,93,232,311,392,260,279,308,78,294,355,379,357,78,100,93,93,392,392,377,348,381,334,334,86,466,100,404,437,139,275,275,303,251,251,250,203,471,413,340,213,287,394,46,158,273,93,100,100,162,290,256,295,86,100,199,93,100,347,340,340,319,310
MYD17A2H.A2019185.h12v02.006.2019194051851.Psn_QC_500m,MYD17A2H,A2019185,Lat65.9255Lon-137.4220833Samp13Line13,2019194051851,Psn_QC_500m,18,18,2,2,10,10,10,2,10,2,2,2,2,18,18,18,10,10,2,2,2,2,2,2,10,2,2,2,2,2,2,2,2,2,2,2,2,10,2,2,10,10,10,2,2,2,2,2,2,2,2,2,2,2,10,67,10,10,10,2,2,2,2,10,10,10,10,10,10,10,18,2,2,2,67,2,10,10,2,67,67,67,67,2,2,2,10,2,67,10,2,67,67,10,2,10,10,2,2,10,10,18,18,2,2,10,10,10,10,10,2,18,18,2,10,18,18,18,18,10,10,10,10,18,18,18,18,18,10,10,10,2,10,2,2,10,18,18,18,10,10,10,2,2,2,2,18,18,2,10,2,67,18,10,2,2,18,67,2,10,10,2,10,2,10,10,10,10,10
MYD17A2H.A2019193.h12v02.006.2019202045707.Gpp_500m,MYD17A2H,A2019193,Lat65.9255Lon-137.4220833Samp13Line13,2019202045707,Gpp_500m,415,424,377,340,340,664,377,395,441,350,404,377,367,433,470,469,432,432,424,460,450,450,450,357,357,412,415,424,424,351,450,450,424,367,375,357,367,512,547,487,441,414,414,414,459,383,367,375,485,567,567,593,377,386,424,469,439,420,430,412,612,612,584,675,592,359,477,402,439,547,593,603,666,612,228,100,338,375,383,485,485,612,584,658,649,558,448,448,366,356,127,521,584,658,649,649,621,466,466,430,274,273,529,484,658,584,547,566,347,484,419,191,273,147,147,557,438,584,439,118,419,402,255,566,566,236,209,419,602,591,420,236,236,557,566,566,528,548,591,582,583,500,501,557,566,520,557,647,664,647,583,510,475,436,519,519,236,583,583,610,610,565,565,619,527,527,519,392,391
MYD17A2H.A2019193.h12v02.006.2019202045707.PsnNet_500m,MYD17A2H,A2019193,Lat65.9255Lon-137.4220833Samp13Line13,2019202045707,PsnNet_500m,372,380,342,308,307,575,342,357,396,318,365,342,331,388,418,418,393,393,380,411,403,403,403,320,320,368,371,380,380,318,408,408,380,332,334,320,330,453,481,432,396,371,371,371,411,344,331,333,429,496,496,521,342,349,380,417,391,377,385,368,536,536,516,580,519,327,423,362,391,487,524,525,579,536,209,94,303,337,344,429,429,536,516,569,565,488,396,396,332,323,118,462,516,569,565,565,544,418,418,388,253,252,471,433,573,516,489,504,315,435,380,176,252,134,134,489,395,516,395,109,380,366,233,499,499,219,191,379,529,523,380,215,215,490,499,499,471,485,523,513,514,445,444,488,499,461,495,564,578,563,513,451,421,387,456,456,215,513,513,534,533,498,497,538,464,464,456,351,351
MYD17A2H.A2019193.h12v02.006.2019202045707.Psn_QC_500m,MYD17A2H,A2019193,Lat65.9255Lon-137.4220833Samp13Line13,2019202045707,Psn_QC_500m,2,2,2,2,2,10,2,2,2,2,2,2,2,2,2,2,10,10,2,2,2,2,2,2,2,2,2,2,2,18,18,18,2,2,2,2,2,18,18,2,2,2,2,2,2,2,18,2,2,2,2,2,2,2,2,2,2,2,2,2,2,2,2,2,2,2,2,2,2,2,2,2,2,2,10,10,2,2,2,2,2,2,2,2,2,2,2,2,10,2,2,2,2,2,2,2,2,18,18,10,10,10,2,2,2,2,2,2,18,18,10,10,10,10,10,18,10,2,10,10,18,10,10,18,18,10,10,10,10,2,18,18,18,10,2,2,2,2,2,2,2,2,2,10,2,18,2,2,2,2,2,2,2,2,2,2,2,2,2,2,2,2,2,10,2,2,2,2,2
MYD17A2H.A2019201.h12v02.006.2019210113706.Gpp_500m,MYD17A2H,A2019201,Lat65.9255Lon-137.4220833Samp13Line13,2019210113706,Gpp_500m,412,428,355,355,322,364,364,322,544,544,396,338,279,445,322,322,264,281,338,379,379,328,502,427,302,336,281,256,256,255,421,421,428,322,386,255,591,263,263,428,428,346,306,290,314,263,469,239,279,524,524,541,254,322,322,379,255,287,386,509,591,591,557,449,549,452,452,418,328,402,591,402,402,468,566,154,574,574,321,361,518,518,476,475,402,566,566,557,557,449,449,378,476,476,484,566,402,401,508,476,433,393,393,466,493,533,533,475,401,401,476,476,369,534,434,460,548,475,475,385,523,377,393,442,466,386,509,509,442,534,394,394,385,410,517,353,442,442,534,386,386,336,74,393,369,376,485,485,548,541,409,376,401,401,386,460,376,376,541,574,492,409,393,466,509,509,491,475,442
MYD17A2H.A2019201.h12v02.006.2019210113706.PsnNet_500m,MYD17A2H,A2019201,Lat65.9255Lon-137.4220833Samp13Line13,2019210113706,PsnNet_500m,367,380,317,317,288,325,324,288,470,470,354,303,252,394,288,288,236,251,303,337,338,297,441,382,276,302,252,232,232,232,376,375,383,288,342,229,507,235,235,379,380,312,274,261,281,235,415,214,252,460,460,467,230,289,289,340,229,260,342,447,510,510,485,401,476,397,397,369,296,357,510,356,356,412,491,147,494,494,286,322,450,450,419,419,355,491,490,485,485,399,399,336,419,424,428,492,355,355,443,420,386,347,348,415,435,470,470,419,355,355,420,420,331,467,386,406,476,419,419,348,460,335,347,391,412,343,446,446,391,466,354,354,348,364,452,315,394,394,467,343,342,301,71,347,328,335,429,429,479,472,364,334,355,355,347,407,335,335,475,500,432,364,352,415,446,446,433,419,391
MYD17A2H.A2019201.h12v02.006.2019210113706.Psn_QC_500m,MYD17A2H,A2019201,Lat65.9255Lon-137.4220833Samp13Line13,2019210113706,Psn_QC_500m,2,2,2,2,2,2,2,2,2,2,2,2,2,2,2,2,2,2,2,2,2,2,18,18,18,2,2,2,2,2,18,18,18,2,18,2,18,2,2,18,18,18,2,2,2,2,10,2,2,2,2,2,2,10,10,10,2,10,2,2,2,2,2,2,2,18,18,18,2,2,2,2,2,2,2,10,2,2,18,2,2,2,10,10,2,2,2,2,2,2,2,2,2,2,2,2,2,2,2,2,10,10,10,2,2,2,2,2,2,2,2,2,2,10,2,10,2,2,2,2,2,2,2,2,2,10,2,2,2,2,10,10,2,2,2,2,2,2,2,2,2,2,67,2,2,2,2,2,2,2,2,2,10,10,10,18,2,2,18,2,2,2,2,2,18,18,18,18,18
MYD17A2H.A2019209.h12v02.006.2019218065025.Gpp_500m,MYD17A2H,A2019209,Lat65.9255Lon-137.4220833Samp13Line13,2019218065025,Gpp_500m,73,73,67,78,78,212,235,290,290,249,241,241,201,78,78,78,200,223,200,230,285,285,235,213,225,225,60,230,230,212,230,230,224,231,298,298,181,0,151,235,230,200,200,235,78,73,255,115,151,151,31,159,230,223,230,78,97,37,115,115,73,42,42,78,78,188,231,97,78,274,505,505,78,37,97,97,159,37,298,146,97,492,492,115,78,8,31,31,8,37,37,305,334,334,37,12,37,31,8,8,115,115,97,147,328,37,12,12,115,115,115,115,141,141,37,324,8,171,171,115,115,115,141,8,42,182,183,183,324,324,97,8,8,141,171,151,151,194,206,206,361,347,306,182,182,151,151,128,159,159,335,354,317,324,329,330,12,37,104,182,183,347,366,335,324,324,324,330,537
MYD17A2H.A2019209.h12v02.006.2019218065025.PsnNet_500m,MYD17A2H,A2019209,Lat65.9255Lon-137.4220833Samp13Line13,2019218065025,PsnNet_500m,67,67,61,71,71,189,210,256,256,222,218,218,180,73,73,73,178,200,178,208,254,254,210,191,202,202,54,208,208,190,208,208,200,208,261,261,166,0,139,210,208,178,178,210,73,66,231,108,139,139,29,142,208,200,208,73,90,34,108,108,66,40,40,73,73,170,208,90,73,245,417,417,73,34,89,89,142,34,261,133,90,413,413,108,73,8,29,29,8,34,34,268,298,298,34,12,34,29,8,8,108,108,90,133,291,34,12,12,108,108,108,108,130,130,34,287,8,156,156,108,108,108,130,8,40,167,167,167,287,287,89,8,8,130,157,139,139,178,187,187,315,304,267,167,167,139,139,118,142,142,297,312,280,284,291,291,12,34,96,165,165,304,322,297,284,284,284,291,408
MYD17A2H.A2019209.h12v02.006.2019218065025.Psn_QC_500m,MYD17A2H,A2019209,Lat65.9255Lon-137.4220833Samp13Line13,2019218065025,Psn_QC_500m,10,10,18,115,115,2,2,2,2,2,2,2,2,10,10,10,2,2,2,2,2,2,2,2,2,2,10,2,2,2,2,2,2,2,2,2,10,75,2,2,2,2,2,2,10,10,2,10,2,2,107,2,2,2,2,10,10,10,10,10,107,107,107,10,10,2,2,10,10,10,10,10,10,10,10,10,2,10,10,10,10,10,10,10,10,75,107,107,75,10,10,2,10,10,10,75,10,107,75,75,10,10,10,10,10,10,75,75,10,10,10,10,10,10,10,99,75,10,10,10,10,10,10,75,107,10,10,10,2,2,10,75,75,10,10,10,10,10,2,2,2,2,2,10,10,10,10,18,2,2,2,2,2,2,2,2,75,115,18,2,2,2,2,2,2,2,2,2,107
MYD17A2H.A2019217.h12v02.006.2019226063533.Gpp_500m,MYD17A2H,A2019217,Lat65.9255Lon-137.4220833Samp13Line13,2019226063533,Gpp_500m,177,172,172,151,171,177,171,171,184,184,231,193,204,202,177,181,162,161,161,222,181,220,220,169,148,157,181,206,161,161,162,181,176,176,177,148,165,198,198,215,215,162,161,193,193,160,157,160,173,173,250,249,151,151,171,176,173,160,169,220,220,266,270,279,265,161,161,160,177,177,262,262,291,220,296,257,256,244,136,169,177,236,253,287,282,249,253,253,274,274,235,190,241,304,270,262,261,244,244,244,244,253,253,253,304,287,299,299,291,274,261,261,244,244,256,244,244,282,282,253,253,264,253,260,244,244,232,232,232,243,265,215,215,253,253,235,235,226,232,243,247,247,238,241,247,247,285,273,272,259,247,234,233,231,247,252,223,264,300,300,285,285,252,252,242,242,241,247,247
MYD17A2H.A2019217.h12v02.006.2019226063533.PsnNet_500m,MYD17A2H,A2019217,Lat65.9255Lon-137.4220833Samp13Line13,2019226063533,PsnNet_500m,158,154,154,135,153,158,153,153,165,165,204,172,179,180,158,161,146,141,141,197,161,195,195,149,132,138,161,180,141,141,146,161,157,157,158,132,146,175,175,190,190,146,141,171,171,145,138,145,154,154,218,218,132,132,153,157,154,145,149,193,193,229,234,242,229,141,146,145,158,157,227,227,250,190,253,223,222,210,120,149,157,205,220,246,242,217,220,220,235,235,205,167,210,261,234,227,227,215,214,214,214,219,219,218,261,246,257,257,250,235,226,226,213,213,225,210,210,243,243,220,220,231,219,225,213,213,203,202,202,212,231,190,190,221,219,205,205,197,202,212,215,215,209,210,217,217,245,235,235,225,215,205,205,202,215,218,196,228,256,256,245,245,218,218,211,211,211,215,215
MYD17A2H.A2019217.h12v02.006.2019226063533.Psn_QC_500m,MYD17A2H,A2019217,Lat65.9255Lon-137.4220833Samp13Line13,2019226063533,Psn_QC_500m,2,2,2,2,2,2,2,2,2,2,10,2,2,2,2,2,2,2,2,2,2,2,2,2,2,2,2,2,2,2,2,2,2,2,2,2,2,2,2,2,2,2,2,2,2,2,2,2,2,2,18,18,2,2,2,2,2,2,2,2,2,2,2,2,2,2,2,2,2,2,2,2,2,2,2,2,2,2,2,2,2,2,2,2,2,2,2,2,2,2,2,2,2,2,2,2,2,2,2,2,2,2,2,2,2,2,2,2,2,2,2,2,2,2,2,2,2,2,2,2,2,2,2,2,2,2,2,2,2,2,2,2,2,2,2,2,2,2,2,2,2,2,2,2,2,2,2,2,2,2,2,2,2,2,2,2,2,2,2,2,2,2,2,2,2,2,2,18,18
MYD17A2H.A2019225.h12v02.006.2019235023516.Gpp_500m,MYD17A2H,A2019225,Lat65.9255Lon-137.4220833Samp13Line13,2019235023516,Gpp_500m,27,27,33,33,57,71,71,36,36,64,47,47,82,43,46,46,64,43,67,33,64,59,57,57,57,50,27,33,106,123,123,104,71,71,57,57,48,57,57,64,64,64,64,88,88,34,65,77,77,65,55,67,27,47,55,43,67,67,71,71,65,67,48,55,55,50,43,57,57,84,84,76,76,65,71,71,65,110,48,36,40,48,67,71,50,76,76,98,111,110,156,48,65,57,57,55,92,92,92,111,105,159,105,162,60,65,101,101,105,98,93,161,166,143,143,156,142,101,98,117,118,166,180,162,138,138,133,133,149,149,114,152,160,156,159,159,143,143,125,152,152,167,167,175,159,149,149,193,193,156,156,37,37,16,26,60,136,186,186,193,159,159,43,43,136,102,102,93,105
MYD17A2H.A2019225.h12v02.006.2019235023516.PsnNet_500m,MYD17A2H,A2019225,Lat65.9255Lon-137.4220833Samp13Line13,2019235023516,PsnNet_500m,25,25,32,32,53,63,63,34,34,57,43,43,77,40,43,43,59,37,60,31,58,54,54,55,55,44,25,32,97,113,113,95,61,61,55,55,43,55,55,59,59,59,59,77,77,32,58,68,68,58,49,60,25,43,49,37,60,60,62,62,58,60,43,49,49,44,37,53,53,76,76,65,65,58,64,64,58,96,43,34,35,43,60,64,44,65,65,86,98,96,136,43,58,54,54,49,80,80,80,98,94,140,93,142,54,58,92,92,94,88,83,141,143,126,126,136,124,92,88,104,104,143,155,141,122,122,114,114,128,128,102,130,139,136,139,139,126,126,110,132,132,143,143,152,136,129,129,165,165,136,136,34,34,16,26,57,119,160,160,165,139,139,38,38,119,94,94,89,97
MYD17A2H.A2019225.h12v02.006.2019235023516.Psn_QC_500m,MYD17A2H,A2019225,Lat65.9255Lon-137.4220833Samp13Line13,2019235023516,Psn_QC_500m,10,10,10,10,10,10,10,10,10,10,10,10,10,10,18,18,18,18,18,10,10,10,10,10,10,10,10,10,18,18,18,18,2,2,10,10,10,10,10,10,10,10,18,2,2,10,2,2,2,2,2,2,10,10,2,2,2,2,2,2,2,2,2,2,2,2,2,2,2,2,2,2,2,2,2,2,2,2,10,2,2,10,2,2,2,2,2,2,2,2,10,10,2,10,10,2,2,2,2,2,10,18,18,18,2,2,10,10,10,2,2,18,10,2,2,18,2,10,10,10,10,18,18,2,2,2,2,2,2,2,10,2,18,2,2,2,2,2,2,2,2,18,18,2,2,2,2,2,2,2,2,18,18,18,2,10,2,2,2,2,2,2,18,18,18,10,10,10,10
MYD17A2H.A2019233.h12v02.006.2019248203456.Gpp_500m,MYD17A2H,A2019233,Lat65.9255Lon-137.4220833Samp13Line13,2019248203456,Gpp_500m,81,92,75,75,92,95,83,83,83,100,91,96,106,65,66,86,100,96,87,63,69,94,93,68,68,68,92,93,108,81,96,92,70,70,68,66,81,83,100,84,69,67,67,71,71,75,73,80,97,118,116,114,76,63,65,105,85,87,82,91,135,135,138,128,128,92,125,66,87,106,106,127,137,137,134,134,102,149,85,85,103,126,130,159,130,127,132,158,118,109,119,128,167,165,135,143,151,136,131,110,159,160,141,128,189,150,158,168,168,158,141,165,163,162,162,155,156,154,149,171,158,173,169,177,157,157,156,142,146,160,156,172,172,179,162,156,153,147,161,160,160,159,149,185,165,162,182,191,186,186,161,137,123,119,126,128,167,178,203,200,180,174,150,136,166,139,139,143,167
MYD17A2H.A2019233.h12v02.006.2019248203456.PsnNet_500m,MYD17A2H,A2019233,Lat65.9255Lon-137.4220833Samp13Line13,2019248203456,PsnNet_500m,75,86,70,70,84,87,77,76,77,90,83,90,97,61,64,81,90,87,82,59,64,85,85,64,64,62,86,87,98,76,87,83,66,66,64,62,76,78,93,75,64,61,61,65,65,71,67,74,90,107,106,106,69,59,60,94,80,82,75,84,120,122,125,116,116,83,114,62,82,97,97,114,122,124,121,121,93,135,80,79,94,115,119,144,117,114,119,143,104,100,108,117,148,148,124,129,136,123,119,100,141,144,127,118,167,134,143,151,151,143,126,149,146,145,145,137,141,140,136,153,143,155,151,161,142,143,141,129,131,143,140,155,154,159,144,137,135,133,143,145,145,144,135,165,147,145,161,169,166,166,145,124,112,108,113,116,149,158,179,179,160,157,136,123,148,128,128,128,151
MYD17A2H.A2019233.h12v02.006.2019248203456.Psn_QC_500m,MYD17A2H,A2019233,Lat65.9255Lon-137.4220833Samp13Line13,2019248203456,Psn_QC_500m,2,10,10,10,18,18,18,2,2,2,2,2,2,2,2,18,2,2,10,2,2,2,2,2,2,2,2,2,2,2,2,2,2,2,2,2,2,2,2,2,2,2,2,2,2,2,2,2,2,2,2,2,2,2,2,2,10,10,2,2,2,2,2,2,2,2,2,2,2,2,2,2,2,2,2,2,2,2,10,2,2,2,2,2,2,2,2,2,2,2,2,2,2,2,2,2,2,2,2,2,2,2,2,2,2,2,2,2,2,2,2,2,2,2,2,2,2,2,2,2,18,2,2,2,2,2,2,2,2,2,2,2,2,2,2,2,2,2,2,2,2,2,2,2,2,2,2,2,2,2,2,2,2,2,2,2,2,2,2,2,2,2,2,2,2,2,2,2,18
MYD17A2H.A2019241.h12v02.006.2019250060709.Gpp_500m,MYD17A2H,A2019241,Lat65.9255Lon-137.4220833Samp13Line13,2019250060709,Gpp_500m,16,16,16,16,16,16,16,7,16,16,16,16,16,16,16,16,16,16,7,16,16,16,16,16,16,16,16,16,16,16,16,16,16,16,16,16,16,26,25,16,16,16,16,16,16,16,16,16,16,86,26,26,16,16,16,16,16,16,16,72,66,31,31,31,16,16,16,16,16,16,36,36,32,29,31,31,31,29,16,16,16,10,10,36,29,16,51,26,64,32,22,16,16,16,16,16,16,16,29,16,31,31,26,16,16,16,10,16,32,32,26,16,29,22,26,16,15,16,16,29,16,16,16,16,16,7,7,16,16,7,16,10,16,16,16,16,7,7,7,7,7,7,16,16,16,16,10,7,7,7,7,7,16,16,14,29,16,7,7,7,7,7,7,16,26,22,22,29,10
MYD17A2H.A2019241.h12v02.006.2019250060709.PsnNet_500m,MYD17A2H,A2019241,Lat65.9255Lon-137.4220833Samp13Line13,2019250060709,PsnNet_500m,15,15,15,15,15,15,15,7,15,15,15,15,15,15,15,15,15,15,7,15,15,15,15,15,15,15,15,15,15,15,15,15,15,15,15,15,15,24,22,15,15,15,15,15,15,15,15,15,15,75,24,24,15,15,15,15,15,15,15,63,60,29,29,29,15,15,15,15,15,15,31,31,29,25,29,29,29,25,15,15,15,7,7,31,25,15,45,24,56,29,20,15,15,15,15,15,15,15,25,15,29,29,24,15,15,15,7,15,29,29,24,15,25,20,24,15,13,15,15,25,15,15,15,15,15,7,7,15,15,7,15,7,15,15,15,15,7,7,7,7,7,7,15,15,15,15,7,7,7,7,7,7,15,15,13,25,15,7,7,7,7,7,7,15,24,20,20,25,7
MYD17A2H.A2019241.h12v02.006.2019250060709.Psn_QC_500m,MYD17A2H,A2019241,Lat65.9255Lon-137.4220833Samp13Line13,2019250060709,Psn_QC_500m,10,10,10,10,10,10,10,107,10,10,10,10,10,10,10,10,10,10,107,10,10,10,10,10,10,10,10,10,10,10,10,10,10,10,10,10,10,10,10,10,10,10,10,10,10,10,10,10,10,10,10,10,10,10,10,10,10,10,10,10,10,10,10,10,10,10,10,10,10,10,10,10,10,10,10,10,10,10,10,10,10,107,107,10,10,10,10,10,10,10,10,10,10,10,10,10,10,10,10,10,10,10,10,10,10,10,107,10,10,10,10,10,10,10,10,10,2,10,10,10,10,10,10,10,10,107,107,2,2,107,10,107,10,10,10,10,107,107,107,107,107,107,10,10,10,10,107,107,107,107,107,107,10,10,10,10,10,107,107,107,107,107,107,10,10,10,10,10,107
MYD17A2H.A2019249.h12v02.006.2019262230012.Gpp_500m,MYD17A2H,A2019249,Lat65.9255Lon-137.4220833Samp13Line13,2019262230012,Gpp_500m,80,101,80,80,80,80,80,80,80,69,69,94,82,80,80,80,80,80,80,54,80,80,80,82,82,82,99,99,80,80,44,54,48,54,66,82,82,82,108,80,80,80,54,54,80,55,82,82,82,82,130,147,80,80,54,54,55,82,82,95,95,141,159,170,144,54,54,55,82,100,129,129,162,170,144,130,140,151,43,82,84,140,141,159,170,130,140,140,151,144,151,84,129,197,153,151,185,178,144,130,144,144,140,148,178,178,178,162,185,185,140,140,130,151,162,162,140,153,151,170,170,162,155,130,133,144,144,130,140,149,144,151,166,166,151,151,151,144,144,148,130,133,133,173,174,144,170,192,192,187,180,144,140,140,140,133,151,178,186,179,180,174,174,174,174,155,133,133,144
MYD17A2H.A2019249.h12v02.006.2019262230012.PsnNet_500m,MYD17A2H,A2019249,Lat65.9255Lon-137.4220833Samp13Line13,2019262230012,PsnNet_500m,74,93,74,74,74,74,74,74,74,63,63,85,74,74,74,74,74,74,74,51,74,74,74,74,74,74,90,90,74,74,40,51,42,52,60,74,74,74,95,74,74,74,51,52,74,52,74,74,74,74,117,131,74,74,52,52,52,74,74,87,87,126,140,149,128,52,52,52,74,91,117,117,144,152,128,117,126,136,40,74,79,126,126,140,152,117,127,127,136,128,136,79,117,173,139,136,164,157,128,117,128,128,126,132,161,161,161,144,164,163,126,126,117,136,144,144,126,139,136,152,152,144,139,117,119,128,128,117,126,133,128,136,149,149,136,136,136,128,128,133,117,119,119,156,156,128,152,170,170,166,162,128,126,126,126,119,136,162,163,162,162,155,156,155,155,139,119,119,128
MYD17A2H.A2019249.h12v02.006.2019262230012.Psn_QC_500m,MYD17A2H,A2019249,Lat65.9255Lon-137.4220833Samp13Line13,2019262230012,Psn_QC_500m,2,18,2,2,2,2,2,2,2,2,2,2,2,2,2,2,2,2,2,2,2,2,2,2,2,2,2,2,2,2,2,2,18,2,10,2,2,2,2,2,2,2,2,2,2,2,2,2,2,2,2,2,2,2,2,2,2,2,2,2,2,2,2,2,2,2,2,2,2,2,2,2,2,2,2,2,2,2,2,2,2,2,2,2,2,2,2,2,2,2,2,2,2,2,2,2,2,2,2,2,2,2,2,2,2,2,2,2,2,2,2,2,2,2,2,2,2,2,2,2,2,2,2,2,2,2,2,2,2,2,2,2,2,2,2,2,2,2,2,2,2,2,2,2,2,2,2,2,2,2,2,2,2,2,2,2,2,2,2,2,2,2,2,2,2,2,2,2,2
MYD17A2H.A2019257.h12v02.006.2019266043834.Gpp_500m,MYD17A2H,A2019257,Lat65.9255Lon-137.4220833Samp13Line13,2019266043834,Gpp_500m,12,12,12,12,12,12,12,12,12,12,12,12,12,19,19,12,12,12,12,12,12,12,12,12,12,12,12,12,12,12,12,12,12,12,12,12,12,12,12,12,12,12,12,12,12,37,12,12,12,12,12,12,12,12,12,45,46,12,12,12,12,12,19,19,19,12,41,40,30,30,12,19,19,19,20,20,12,12,43,43,12,12,18,23,23,19,25,27,49,20,19,12,19,19,19,19,23,19,12,40,19,19,19,19,23,19,19,19,19,12,20,19,19,20,20,59,23,19,25,25,20,23,18,18,19,11,27,12,12,12,19,65,20,19,19,36,12,19,19,49,31,12,12,28,19,19,19,7,19,19,12,31,12,23,23,18,19,19,18,19,19,19,43,43,19,12,19,12,12
MYD17A2H.A2019257.h12v02.006.2019266043834.PsnNet_500m,MYD17A2H,A2019257,Lat65.9255Lon-137.4220833Samp13Line13,2019266043834,PsnNet_500m,10,10,10,10,10,10,10,10,10,11,11,11,11,18,18,10,10,10,10,10,11,11,11,11,11,11,10,10,10,10,10,11,11,11,11,11,11,11,11,10,10,10,11,11,11,31,11,11,11,11,11,11,11,11,11,40,39,11,11,11,11,11,18,18,18,11,35,35,24,24,11,17,18,19,19,19,11,11,36,36,11,11,12,19,19,19,20,22,41,19,19,12,17,18,18,18,19,17,11,36,17,17,19,19,19,18,18,19,19,11,19,18,18,19,19,48,19,18,20,20,19,19,12,12,18,7,22,11,11,11,19,55,19,17,17,31,11,18,18,42,30,11,11,24,19,19,19,4,18,18,11,30,11,19,19,13,18,18,12,18,18,18,36,36,18,11,17,11,11
MYD17A2H.A2019257.h12v02.006.2019266043834.Psn_QC_500m,MYD17A2H,A2019257,Lat65.9255Lon-137.4220833Samp13Line13,2019266043834,Psn_QC_500m,10,10,10,10,10,10,10,10,10,10,10,10,10,10,10,10,10,10,10,10,10,10,10,10,10,10,10,10,10,10,10,10,10,10,10,10,10,10,2,10,10,10,10,10,10,10,10,18,18,18,10,10,10,10,10,10,10,10,10,10,10,10,10,10,10,10,10,10,10,10,10,10,10,10,10,10,10,10,10,10,10,10,10,10,10,10,10,10,10,10,10,10,10,10,10,10,10,18,10,10,10,10,10,10,10,10,10,18,18,10,10,10,10,10,10,10,10,10,10,10,10,10,10,10,10,18,10,10,10,10,10,10,10,10,10,10,18,10,10,18,18,10,10,10,10,10,18,107,10,10,10,18,10,99,99,99,10,10,10,10,10,10,2,2,10,10,99,10,10
MYD17A2H.A2019265.h12v02.006.2019275220837.Gpp_500m,MYD17A2H,A2019265,Lat65.9255Lon-137.4220833Samp13Line13,2019275220837,Gpp_500m,13,17,17,8,8,8,17,8,24,8,8,8,17,17,17,17,17,17,8,8,8,8,8,10,17,17,17,24,17,8,8,8,8,8,10,17,10,10,32,19,8,8,8,8,8,10,10,17,17,25,41,41,17,25,25,8,10,10,25,17,32,35,35,35,33,17,8,10,10,17,10,41,41,42,35,25,33,41,17,10,25,41,41,41,42,25,33,25,35,41,41,17,53,42,42,32,47,35,35,35,35,35,35,41,53,53,35,41,47,47,41,25,25,33,43,35,35,35,31,41,41,45,33,35,33,29,33,33,33,33,35,35,43,42,35,35,43,41,41,35,33,33,35,43,42,41,42,42,48,48,43,41,33,33,33,25,42,42,42,47,47,47,47,47,46,41,33,33,34
MYD17A2H.A2019265.h12v02.006.2019275220837.PsnNet_500m,MYD17A2H,A2019265,Lat65.9255Lon-137.4220833Samp13Line13,2019275220837,PsnNet_500m,11,15,15,8,8,8,15,8,23,8,8,8,16,15,15,15,15,15,8,8,8,8,8,8,16,16,15,23,15,7,8,7,8,8,8,16,8,8,27,16,8,8,8,8,8,8,8,16,16,23,34,34,15,23,23,8,8,8,23,16,27,30,31,31,27,15,8,8,8,16,8,34,34,34,31,23,27,34,16,8,23,34,34,34,34,23,27,23,31,34,34,16,45,35,35,27,40,31,31,31,31,31,31,34,45,45,31,34,40,40,34,23,23,27,35,31,30,31,27,34,34,39,27,31,27,25,27,27,27,27,31,31,35,35,31,31,35,34,34,30,27,27,30,35,35,34,35,35,40,40,36,34,27,27,27,22,35,35,35,40,40,40,40,40,40,34,27,27,27
MYD17A2H.A2019265.h12v02.006.2019275220837.Psn_QC_500m,MYD17A2H,A2019265,Lat65.9255Lon-137.4220833Samp13Line13,2019275220837,Psn_QC_500m,2,2,2,10,10,10,2,10,2,10,10,10,2,2,2,2,2,2,10,10,10,10,10,10,2,2,2,2,2,10,10,10,10,10,10,2,10,10,2,2,10,10,10,10,10,10,10,2,2,2,2,2,2,2,2,10,10,10,2,2,2,10,2,2,2,2,10,10,10,2,10,2,2,2,2,2,2,2,2,10,2,2,2,2,2,2,2,2,2,2,2,2,2,2,2,2,2,2,2,2,2,2,2,2,2,2,2,2,2,2,2,2,2,2,2,2,2,2,2,2,2,2,2,2,2,2,2,2,2,2,2,2,2,2,2,2,2,2,2,2,2,2,2,2,2,2,2,2,2,2,2,2,2,2,2,2,2,2,2,2,2,2,2,2,2,2,2,2,2
MYD17A2H.A2019273.h12v02.006.2019283074734.Gpp_500m,MYD17A2H,A2019273,Lat65.9255Lon-137.4220833Samp13Line13,2019283074734,Gpp_500m,6,6,6,6,15,15,14,14,33,10,19,17,34,6,6,21,21,14,21,17,17,25,25,22,22,23,24,43,15,15,15,17,17,23,23,30,15,14,22,33,17,23,16,17,17,25,23,23,15,15,23,38,23,15,15,31,32,30,23,21,23,38,36,37,37,14,35,25,22,22,14,38,38,40,45,45,40,38,17,10,10,22,46,46,37,38,38,37,39,36,37,15,38,39,38,30,32,32,38,32,39,39,38,38,38,38,23,36,36,38,38,38,39,38,39,46,39,23,31,40,40,37,36,38,39,44,44,38,38,39,39,39,32,37,39,37,36,37,38,38,39,37,35,39,39,38,38,39,39,6,6,38,38,6,38,6,37,36,37,40,40,6,6,6,6,6,34,6,48
MYD17A2H.A2019273.h12v02.006.2019283074734.PsnNet_500m,MYD17A2H,A2019273,Lat65.9255Lon-137.4220833Samp13Line13,2019283074734,PsnNet_500m,6,6,6,6,10,10,9,9,23,7,14,13,23,6,6,16,16,9,16,13,13,17,17,16,16,16,16,22,10,10,10,14,14,16,16,20,9,9,17,23,13,16,10,14,13,16,17,16,9,9,16,24,17,10,9,22,23,21,16,15,16,24,22,24,24,9,24,16,17,17,9,24,24,24,23,23,24,24,14,8,8,17,22,23,22,24,24,24,24,22,24,10,24,24,24,21,22,22,24,22,24,24,24,24,24,24,16,22,22,24,24,24,24,24,24,23,24,16,22,24,24,24,22,24,24,23,23,24,24,24,24,24,22,24,24,22,22,24,24,24,24,24,22,24,24,24,24,24,24,6,6,24,24,6,24,6,22,22,24,24,24,6,6,6,6,6,22,6,23
MYD17A2H.A2019273.h12v02.006.2019283074734.Psn_QC_500m,MYD17A2H,A2019273,Lat65.9255Lon-137.4220833Samp13Line13,2019283074734,Psn_QC_500m,10,10,10,10,67,67,67,67,67,75,67,67,67,10,10,67,67,67,67,67,67,67,67,67,67,67,67,67,75,75,67,67,67,67,67,67,67,67,67,67,83,67,67,67,67,67,67,67,67,67,67,67,67,67,67,67,67,67,67,67,67,67,67,67,67,67,67,67,67,67,67,67,67,67,67,67,67,67,67,67,67,67,67,67,67,67,67,67,67,67,67,67,67,67,67,67,67,67,67,67,67,67,67,67,67,67,67,67,67,67,67,67,67,67,67,67,67,67,67,67,67,67,67,67,67,67,67,67,67,67,67,67,67,67,67,67,67,67,67,67,67,67,67,67,67,67,67,67,67,10,10,67,67,10,67,10,67,67,67,67,67,10,10,10,10,10,83,10,83
MYD17A2H.A2019281.h12v02.006.2019295164841.Gpp_500m,MYD17A2H,A2019281,Lat65.9255Lon-137.4220833Samp13Line13,2019295164841,Gpp_500m,0,0,0,0,0,0,0,0,0,0,0,0,0,0,0,0,0,0,0,0,0,0,0,0,0,0,0,0,0,0,0,0,0,0,0,0,0,0,0,0,0,0,0,0,0,0,0,0,0,0,1,1,0,0,0,0,0,0,0,1,1,1,1,1,2,0,0,0,0,0,1,1,1,1,1,1,1,2,0,0,0,1,1,1,1,1,1,1,6,6,1,0,0,0,2,1,1,1,1,5,1,5,1,1,2,1,1,4,2,2,2,1,1,1,1,1,1,3,0,0,3,5,5,5,5,1,1,1,1,1,1,6,5,5,5,5,1,2,1,1,1,1,1,5,5,4,4,1,2,2,1,1,1,1,2,2,5,5,1,5,3,1,1,1,1,2,2,3,5
MYD17A2H.A2019281.h12v02.006.2019295164841.PsnNet_500m,MYD17A2H,A2019281,Lat65.9255Lon-137.4220833Samp13Line13,2019295164841,PsnNet_500m,0,0,0,0,0,0,0,0,0,0,0,0,0,0,0,0,0,0,0,0,0,0,0,0,0,0,0,0,0,0,0,0,0,0,0,0,0,0,0,0,0,0,0,0,0,0,0,0,0,0,1,1,0,0,0,0,0,0,0,0,0,1,1,1,1,0,0,0,0,0,0,1,1,1,1,1,1,1,0,0,0,0,1,1,1,1,1,1,-3,-3,1,0,0,0,1,1,1,1,1,-3,1,-1,1,1,1,1,1,1,1,1,1,1,1,1,1,1,1,1,0,0,1,0,0,0,0,1,1,1,1,1,1,-3,0,-3,-1,-1,1,1,1,1,1,1,1,-1,0,1,1,1,1,1,1,1,1,1,1,1,1,1,1,1,1,1,1,1,1,1,1,1,1
MYD17A2H.A2019281.h12v02.006.2019295164841.Psn_QC_500m,MYD17A2H,A2019281,Lat65.9255Lon-137.4220833Samp13Line13,2019295164841,Psn_QC_500m,75,75,75,75,75,75,75,75,75,75,75,75,75,75,75,75,75,75,75,75,75,75,75,75,75,75,75,75,75,75,75,75,75,75,75,75,75,75,75,75,75,75,75,75,75,75,75,75,75,75,75,75,83,75,75,75,75,75,75,75,75,75,75,75,75,75,75,75,75,75,75,75,75,75,75,75,75,83,75,75,75,75,75,75,75,75,75,75,75,75,75,75,75,75,75,75,75,75,75,75,75,75,75,75,75,75,75,75,75,75,75,75,75,75,75,75,75,75,75,75,75,75,75,75,75,75,75,75,75,75,75,75,75,75,75,75,75,75,75,75,75,75,75,75,83,83,83,75,75,75,75,75,75,75,83,83,83,83,75,83,75,75,75,75,75,83,83,83,83
MYD17A2H.A2019289.h12v02.006.2019304100055.Gpp_500m,MYD17A2H,A2019289,Lat65.9255Lon-137.4220833Samp13Line13,2019304100055,Gpp_500m,0,0,0,0,0,0,0,0,0,0,0,0,0,0,0,0,0,0,0,0,0,0,0,0,0,0,0,0,0,0,0,0,0,0,0,0,0,0,0,0,0,0,0,0,0,0,0,0,0,0,0,0,0,0,0,0,0,0,0,0,0,0,0,0,0,0,0,0,0,0,0,0,0,0,0,0,0,0,0,0,0,0,0,0,0,0,0,0,0,0,0,0,0,0,0,0,0,0,0,0,0,0,0,0,0,0,0,0,0,0,0,0,0,0,0,0,0,0,0,0,0,0,0,0,0,0,0,0,0,0,0,0,0,0,0,0,0,0,0,0,0,0,0,0,0,0,0,0,0,0,0,0,0,0,0,0,0,0,0,0,0,0,0,0,0,0,0,0,0
MYD17A2H.A2019289.h12v02.006.2019304100055.PsnNet_500m,MYD17A2H,A2019289,Lat65.9255Lon-137.4220833Samp13Line13,2019304100055,PsnNet_500m,0,0,0,0,0,0,0,0,0,0,0,0,0,0,0,0,0,0,0,0,0,0,0,0,0,0,0,0,0,0,0,0,0,0,0,0,0,0,0,0,0,0,0,0,0,0,0,0,0,0,0,0,0,0,0,0,0,0,0,0,0,0,0,0,0,0,0,0,0,0,0,0,0,0,0,0,0,0,0,0,0,0,0,0,0,0,0,0,0,0,0,0,0,0,0,0,0,0,0,0,0,0,0,0,0,0,0,0,0,0,0,0,0,0,0,0,0,0,0,0,0,0,0,0,0,0,0,0,0,0,0,0,0,0,0,0,0,0,0,0,0,0,0,0,0,0,0,0,0,0,0,0,0,0,0,0,0,0,0,0,0,0,0,0,0,0,0,0,0
MYD17A2H.A2019289.h12v02.006.2019304100055.Psn_QC_500m,MYD17A2H,A2019289,Lat65.9255Lon-137.4220833Samp13Line13,2019304100055,Psn_QC_500m,75,75,75,75,75,75,75,75,75,75,75,75,75,75,75,75,75,75,75,75,75,75,75,75,75,75,75,75,75,75,75,75,75,75,75,75,75,75,75,75,75,75,75,75,75,75,75,75,75,75,75,67,75,75,75,75,75,75,75,75,75,75,67,75,75,75,75,75,75,75,75,75,75,75,75,75,75,75,75,75,75,75,75,75,75,75,75,75,75,75,75,75,75,67,67,67,67,67,75,75,75,75,75,75,67,67,67,75,75,75,75,75,75,75,75,75,75,75,75,75,75,75,75,75,75,75,75,75,75,75,75,75,75,75,75,75,75,75,75,75,75,75,75,75,75,75,75,75,75,75,75,75,75,75,75,75,75,75,75,75,75,75,75,75,75,75,75,75,75
MYD17A2H.A2019297.h12v02.006.2019306055619.Gpp_500m,MYD17A2H,A2019297,Lat65.9255Lon-137.4220833Samp13Line13,2019306055619,Gpp_500m,0,0,0,0,0,0,0,0,0,0,0,0,0,0,0,0,0,0,0,0,0,0,0,0,0,0,0,0,0,0,0,0,0,0,0,0,0,0,0,0,0,0,0,0,0,0,0,0,0,0,0,0,0,0,0,0,0,0,0,0,0,0,0,0,0,0,0,0,0,0,0,0,0,0,0,0,0,0,0,0,0,0,0,0,0,0,0,0,0,0,0,0,0,0,0,0,0,0,0,0,0,0,0,0,0,0,0,0,0,0,0,0,0,0,0,0,0,0,0,0,0,0,0,0,0,0,0,0,0,0,0,0,0,0,0,0,0,0,0,0,0,0,0,0,0,0,0,0,0,0,0,0,0,0,0,0,0,0,0,0,0,0,0,0,0,0,0,0,0
MYD17A2H.A2019297.h12v02.006.2019306055619.PsnNet_500m,MYD17A2H,A2019297,Lat65.9255Lon-137.4220833Samp13Line13,2019306055619,PsnNet_500m,0,0,0,0,0,0,0,0,0,0,0,0,0,0,0,0,0,0,0,0,0,0,0,0,0,0,0,0,0,0,0,0,0,0,0,0,0,0,0,0,0,0,0,0,0,0,0,0,0,0,0,0,0,0,0,0,0,0,0,0,0,0,0,0,0,0,0,0,0,0,0,0,0,0,0,0,0,0,0,0,0,0,0,0,0,0,0,0,0,0,0,0,0,0,0,0,0,0,0,0,0,0,0,0,0,0,0,0,0,0,0,0,0,0,0,0,0,0,0,0,0,0,0,0,0,0,0,0,0,0,0,0,0,0,0,0,0,0,0,0,0,0,0,0,0,0,0,0,0,0,0,0,0,0,0,0,0,0,0,0,0,0,0,0,0,0,0,0,0
MYD17A2H.A2019297.h12v02.006.2019306055619.Psn_QC_500m,MYD17A2H,A2019297,Lat65.9255Lon-137.4220833Samp13Line13,2019306055619,Psn_QC_500m,75,75,67,67,67,67,75,75,75,75,75,67,67,75,75,75,83,75,75,75,75,75,67,67,67,67,75,75,75,75,75,75,75,67,67,67,67,67,67,75,75,75,75,75,75,75,75,67,67,75,67,75,75,75,75,75,75,75,67,67,75,75,75,67,67,75,75,75,75,75,75,67,67,67,67,75,75,67,75,75,75,75,75,67,67,67,75,75,67,67,75,75,75,67,67,67,75,75,67,75,75,75,75,75,67,67,67,75,67,67,67,67,67,67,75,67,75,67,75,67,67,67,67,67,67,67,67,67,67,75,67,67,67,67,67,67,67,67,67,75,75,75,67,67,67,67,67,67,67,67,67,67,67,67,67,67,67,67,75,75,75,67,67,67,67,67,67,67,67
MYD17A2H.A2019305.h12v02.006.2019317024847.Gpp_500m,MYD17A2H,A2019305,Lat65.9255Lon-137.4220833Samp13Line13,2019317024847,Gpp_500m,0,0,0,0,0,0,0,0,0,0,0,0,0,0,0,0,0,0,0,0,0,0,0,0,0,0,0,0,0,0,0,0,0,0,0,0,0,0,0,0,0,0,0,0,0,0,0,0,0,0,0,0,0,0,0,0,0,0,0,0,0,0,0,0,0,0,0,0,0,0,0,0,0,0,0,0,0,0,0,0,0,0,0,0,0,0,0,0,0,0,0,0,0,0,0,0,0,0,0,0,0,0,0,0,0,0,0,0,0,0,0,0,0,0,0,0,0,0,0,0,0,0,0,0,0,0,0,0,0,0,0,0,0,0,0,0,0,0,0,0,0,0,0,0,0,0,0,0,0,0,0,0,0,0,0,0,0,0,0,0,0,0,0,0,0,0,0,0,0
MYD17A2H.A2019305.h12v02.006.2019317024847.PsnNet_500m,MYD17A2H,A2019305,Lat65.9255Lon-137.4220833Samp13Line13,2019317024847,PsnNet_500m,0,0,0,0,0,0,0,0,0,0,0,0,0,0,0,0,0,0,0,0,0,0,0,0,0,0,0,0,0,0,0,0,0,0,0,0,0,0,0,0,0,0,0,0,0,0,0,0,0,0,0,0,0,0,0,0,0,0,0,0,0,0,0,0,0,0,0,0,0,0,0,0,0,0,0,0,0,0,0,0,0,0,0,0,0,0,0,0,0,0,0,0,0,0,0,0,0,0,0,0,0,0,0,0,0,0,0,0,0,0,0,0,0,0,0,0,0,0,0,0,0,0,0,0,0,0,0,0,0,0,0,0,0,0,0,0,0,0,0,0,0,0,0,0,0,0,0,0,0,0,0,0,0,0,0,0,0,0,0,0,0,0,0,0,0,0,0,0,0
MYD17A2H.A2019305.h12v02.006.2019317024847.Psn_QC_500m,MYD17A2H,A2019305,Lat65.9255Lon-137.4220833Samp13Line13,2019317024847,Psn_QC_500m,75,67,67,67,75,75,75,75,75,75,75,75,75,67,67,67,67,67,75,75,75,75,75,75,75,75,67,67,67,67,67,75,75,75,75,75,75,75,67,67,67,75,75,75,75,75,75,75,75,75,75,75,67,67,75,75,75,75,75,75,75,67,67,75,75,75,75,75,75,75,75,67,67,67,67,75,67,67,75,75,75,75,75,75,75,75,75,75,67,67,67,67,75,67,67,67,67,67,67,75,75,67,67,67,67,67,67,67,67,67,67,67,67,67,67,67,67,67,67,67,67,67,67,67,67,67,67,67,67,75,67,67,67,67,67,67,67,67,67,67,67,75,67,67,67,67,67,67,67,67,67,67,67,75,83,75,67,67,67,67,67,67,67,67,67,75,75,75,75
MYD17A2H.A2019313.h12v02.006.2019324160004.Gpp_500m,MYD17A2H,A2019313,Lat65.9255Lon-137.4220833Samp13Line13,2019324160004,Gpp_500m,0,0,0,0,0,0,0,0,0,0,0,0,0,0,0,0,0,0,0,0,0,0,0,0,0,0,0,0,0,0,0,0,0,0,0,0,0,0,0,0,0,0,0,0,0,0,0,0,0,0,0,0,0,0,0,0,0,0,0,0,0,0,0,0,0,0,0,0,0,0,0,0,0,0,0,0,0,0,0,0,0,0,0,0,0,0,0,0,0,0,0,0,0,0,0,0,0,0,0,0,0,0,0,0,0,0,0,0,0,0,0,0,0,0,0,0,0,0,0,0,0,0,0,0,0,0,0,0,0,0,0,0,0,0,0,0,0,0,0,0,0,0,0,0,0,0,0,0,0,0,0,0,0,0,0,0,0,0,0,0,0,0,0,0,0,0,0,0,0
MYD17A2H.A2019313.h12v02.006.2019324160004.PsnNet_500m,MYD17A2H,A2019313,Lat65.9255Lon-137.4220833Samp13Line13,2019324160004,PsnNet_500m,0,0,0,0,0,0,0,0,0,0,0,0,0,0,0,0,0,0,0,0,0,0,0,0,0,0,0,0,0,0,0,0,0,0,0,0,0,0,0,0,0,0,0,0,0,0,0,0,0,0,0,0,0,0,0,0,0,0,0,0,0,0,0,0,0,0,0,0,0,0,0,0,0,0,0,0,0,0,0,0,0,0,0,0,0,0,0,0,0,0,0,0,0,0,0,0,0,0,0,0,0,0,0,0,0,0,0,0,0,0,0,0,0,0,0,0,0,0,0,0,0,0,0,0,0,0,0,0,0,0,0,0,0,0,0,0,0,0,0,0,0,0,0,0,0,0,0,0,0,0,0,0,0,0,0,0,0,0,0,0,0,0,0,0,0,0,0,0,0
MYD17A2H.A2019313.h12v02.006.2019324160004.Psn_QC_500m,MYD17A2H,A2019313,Lat65.9255Lon-137.4220833Samp13Line13,2019324160004,Psn_QC_500m,75,75,75,75,75,75,75,75,75,75,75,83,83,83,83,75,75,75,75,75,75,75,83,83,83,83,83,67,83,75,83,75,75,83,83,75,75,75,83,67,67,83,83,75,83,83,83,83,83,83,83,83,75,75,75,83,75,75,75,75,75,83,83,83,83,75,75,75,75,75,75,75,83,75,75,75,75,75,75,75,75,75,75,75,75,75,75,75,75,75,75,67,67,75,75,75,67,67,75,75,75,75,67,67,67,67,75,75,67,67,67,75,75,75,75,75,75,67,75,67,67,67,75,75,75,75,67,75,75,75,75,75,67,67,75,75,75,75,75,67,75,75,75,67,67,75,67,67,67,67,67,75,75,75,75,75,67,67,67,67,67,67,67,67,67,67,75,75,75
MYD17A2H.A2019321.h12v02.006.2019330054308.Gpp_500m,MYD17A2H,A2019321,Lat65.9255Lon-137.4220833Samp13Line13,2019330054308,Gpp_500m,0,0,0,0,0,0,0,0,0,0,0,0,0,0,0,0,0,0,0,0,0,0,0,0,0,0,0,0,0,0,0,0,0,0,0,0,0,0,0,0,0,0,0,0,0,0,0,0,0,0,0,0,0,0,0,0,0,0,0,0,0,0,0,0,0,0,0,0,0,0,0,0,0,0,0,0,0,0,0,0,0,0,0,0,0,0,0,0,0,0,0,0,0,0,0,0,0,0,0,0,0,0,0,0,0,0,0,0,0,0,0,0,0,0,0,0,0,0,0,0,0,0,0,0,0,0,0,0,0,0,0,0,0,0,0,0,0,0,0,0,0,0,0,0,0,0,0,0,0,0,0,0,0,0,0,0,0,0,0,0,0,0,0,0,0,0,0,0,0
MYD17A2H.A2019321.h12v02.006.2019330054308.PsnNet_500m,MYD17A2H,A2019321,Lat65.9255Lon-137.4220833Samp13Line13,2019330054308,PsnNet_500m,0,0,0,0,0,0,0,0,0,0,0,0,0,0,0,0,0,0,0,0,0,0,0,0,0,0,0,0,0,0,0,0,0,0,0,0,0,0,0,0,0,0,0,0,0,0,0,0,0,0,0,0,0,0,0,0,0,0,0,0,0,0,0,0,0,0,0,0,0,0,0,0,0,0,0,0,0,0,0,0,0,0,0,0,0,0,0,0,0,0,0,0,0,0,0,0,0,0,0,0,0,0,0,0,0,0,0,0,0,0,0,0,0,0,0,0,0,0,0,0,0,0,0,0,0,0,0,0,0,0,0,0,0,0,0,0,0,0,0,0,0,0,0,0,0,0,0,0,0,0,0,0,0,0,0,0,0,0,0,0,0,0,0,0,0,0,0,0,0
MYD17A2H.A2019321.h12v02.006.2019330054308.Psn_QC_500m,MYD17A2H,A2019321,Lat65.9255Lon-137.4220833Samp13Line13,2019330054308,Psn_QC_500m,67,67,67,67,67,67,67,83,83,83,83,83,67,67,67,67,67,67,83,83,83,83,83,67,67,75,67,67,67,67,83,67,67,67,67,67,67,67,67,67,67,67,67,67,67,67,67,67,67,67,67,67,67,75,75,67,67,67,67,67,67,83,83,83,67,75,75,75,75,75,67,67,83,83,83,67,67,67,75,67,75,83,83,83,83,83,67,67,83,83,67,83,67,67,83,75,75,75,67,83,83,83,75,75,67,67,67,67,67,67,75,75,75,75,75,75,75,75,67,67,67,75,75,75,75,75,75,75,75,75,75,75,67,75,75,75,67,67,67,75,75,75,75,67,67,75,67,67,67,75,75,75,75,75,75,75,67,67,67,67,67,67,67,67,67,75,75,75,75
MYD17A2H.A2019329.h12v02.006.2019338065612.Gpp_500m,MYD17A2H,A2019329,Lat65.9255Lon-137.4220833Samp13Line13,2019338065612,Gpp_500m,32767,32767,32767,32767,32767,32767,32767,32767,32767,32767,32767,32767,32767,32767,32767,32767,32767,32767,32767,32767,32767,32767,32767,32767,32767,32767,32767,32767,32767,32767,32767,32767,32767,32767,32767,32767,32767,32767,32767,32767,32767,32767,32767,32767,32767,32767,32767,32767,32767,32767,32767,32767,32767,32767,32767,32767,32767,32767,32767,32767,32767,32767,32767,32767,32767,32767,32767,32767,32767,32767,32767,32767,32767,32767,32767,32767,32767,32767,32767,32767,32767,32767,32767,32767,32767,32767,32767,32767,32767,32767,32767,32767,32767,32767,32767,32767,32767,32767,32767,32767,32767,32767,32767,32767,32767,32767,32767,32767,32767,32767,32767,32767,32767,32767,32767,32767,32767,32767,32767,32767,32767,32767,32767,32767,32767,32767,32767,32767,32767,32767,32767,32767,32767,32767,32767,32767,32767,32767,32767,32767,32767,32767,32767,32767,32767,32767,32767,32767,32767,32767,32767,32767,32767,32767,32767,32767,32767,32767,32767,32767,32767,32767,32767,32767,32767,32767,32767,32767,32767
MYD17A2H.A2019329.h12v02.006.2019338065612.PsnNet_500m,MYD17A2H,A2019329,Lat65.9255Lon-137.4220833Samp13Line13,2019338065612,PsnNet_500m,32767,32767,32767,32767,32767,32767,32767,32767,32767,32767,32767,32767,32767,32767,32767,32767,32767,32767,32767,32767,32767,32767,32767,32767,32767,32767,32767,32767,32767,32767,32767,32767,32767,32767,32767,32767,32767,32767,32767,32767,32767,32767,32767,32767,32767,32767,32767,32767,32767,32767,32767,32767,32767,32767,32767,32767,32767,32767,32767,32767,32767,32767,32767,32767,32767,32767,32767,32767,32767,32767,32767,32767,32767,32767,32767,32767,32767,32767,32767,32767,32767,32767,32767,32767,32767,32767,32767,32767,32767,32767,32767,32767,32767,32767,32767,32767,32767,32767,32767,32767,32767,32767,32767,32767,32767,32767,32767,32767,32767,32767,32767,32767,32767,32767,32767,32767,32767,32767,32767,32767,32767,32767,32767,32767,32767,32767,32767,32767,32767,32767,32767,32767,32767,32767,32767,32767,32767,32767,32767,32767,32767,32767,32767,32767,32767,32767,32767,32767,32767,32767,32767,32767,32767,32767,32767,32767,32767,32767,32767,32767,32767,32767,32767,32767,32767,32767,32767,32767,32767
MYD17A2H.A2019329.h12v02.006.2019338065612.Psn_QC_500m,MYD17A2H,A2019329,Lat65.9255Lon-137.4220833Samp13Line13,2019338065612,Psn_QC_500m,255,255,255,255,255,255,255,255,255,255,255,255,255,255,255,255,255,255,255,255,255,255,255,255,255,255,255,255,255,255,255,255,255,255,255,255,255,255,255,255,255,255,255,255,255,255,255,255,255,255,255,255,255,255,255,255,255,255,255,255,255,255,255,255,255,255,255,255,255,255,255,255,255,255,255,255,255,255,255,255,255,255,255,255,255,255,255,255,255,255,255,255,255,255,255,255,255,255,255,255,255,255,255,255,255,255,255,255,255,255,255,255,255,255,255,255,255,255,255,255,255,255,255,255,255,255,255,255,255,255,255,255,255,255,255,255,255,255,255,255,255,255,255,255,255,255,255,255,255,255,255,255,255,255,255,255,255,255,255,255,255,255,255,255,255,255,255,255,255
MYD17A2H.A2019337.h12v02.006.2019346053224.Gpp_500m,MYD17A2H,A2019337,Lat65.9255Lon-137.4220833Samp13Line13,2019346053224,Gpp_500m,32767,32767,32767,32767,32767,32767,32767,32767,32767,32767,32767,32767,32767,32767,32767,32767,32767,32767,32767,32767,32767,32767,32767,32767,32767,32767,32767,32767,32767,32767,32767,32767,32767,32767,32767,32767,32767,32767,32767,32767,32767,32767,32767,32767,32767,32767,32767,32767,32767,32767,32767,32767,32767,32767,32767,32767,32767,32767,32767,32767,32767,32767,32767,32767,32767,32767,32767,32767,32767,32767,32767,32767,32767,32767,32767,32767,32767,32767,32767,32767,32767,32767,32767,32767,32767,32767,32767,32767,32767,32767,32767,32767,32767,32767,32767,32767,32767,32767,32767,32767,32767,32767,32767,32767,32767,32767,32767,32767,32767,32767,32767,32767,32767,32767,32767,32767,32767,32767,32767,32767,32767,32767,32767,32767,32767,32767,32767,32767,32767,32767,32767,32767,32767,32767,32767,32767,32767,32767,32767,32767,32767,32767,32767,32767,32767,32767,32767,32767,32767,32767,32767,32767,32767,32767,32767,32767,32767,32767,32767,32767,32767,32767,32767,32767,32767,32767,32767,32767,32767
MYD17A2H.A2019337.h12v02.006.2019346053224.PsnNet_500m,MYD17A2H,A2019337,Lat65.9255Lon-137.4220833Samp13Line13,2019346053224,PsnNet_500m,32767,32767,32767,32767,32767,32767,32767,32767,32767,32767,32767,32767,32767,32767,32767,32767,32767,32767,32767,32767,32767,32767,32767,32767,32767,32767,32767,32767,32767,32767,32767,32767,32767,32767,32767,32767,32767,32767,32767,32767,32767,32767,32767,32767,32767,32767,32767,32767,32767,32767,32767,32767,32767,32767,32767,32767,32767,32767,32767,32767,32767,32767,32767,32767,32767,32767,32767,32767,32767,32767,32767,32767,32767,32767,32767,32767,32767,32767,32767,32767,32767,32767,32767,32767,32767,32767,32767,32767,32767,32767,32767,32767,32767,32767,32767,32767,32767,32767,32767,32767,32767,32767,32767,32767,32767,32767,32767,32767,32767,32767,32767,32767,32767,32767,32767,32767,32767,32767,32767,32767,32767,32767,32767,32767,32767,32767,32767,32767,32767,32767,32767,32767,32767,32767,32767,32767,32767,32767,32767,32767,32767,32767,32767,32767,32767,32767,32767,32767,32767,32767,32767,32767,32767,32767,32767,32767,32767,32767,32767,32767,32767,32767,32767,32767,32767,32767,32767,32767,32767
MYD17A2H.A2019337.h12v02.006.2019346053224.Psn_QC_500m,MYD17A2H,A2019337,Lat65.9255Lon-137.4220833Samp13Line13,2019346053224,Psn_QC_500m,255,255,255,255,255,255,255,255,255,255,255,255,255,255,255,255,255,255,255,255,255,255,255,255,255,255,255,255,255,255,255,255,255,255,255,255,255,255,255,255,255,255,255,255,255,255,255,255,255,255,255,255,255,255,255,255,255,255,255,255,255,255,255,255,255,255,255,255,255,255,255,255,255,255,255,255,255,255,255,255,255,255,255,255,255,255,255,255,255,255,255,255,255,255,255,255,255,255,255,255,255,255,255,255,255,255,255,255,255,255,255,255,255,255,255,255,255,255,255,255,255,255,255,255,255,255,255,255,255,255,255,255,255,255,255,255,255,255,255,255,255,255,255,255,255,255,255,255,255,255,255,255,255,255,255,255,255,255,255,255,255,255,255,255,255,255,255,255,255
MYD17A2H.A2019345.h12v02.006.2019354044224.Gpp_500m,MYD17A2H,A2019345,Lat65.9255Lon-137.4220833Samp13Line13,2019354044224,Gpp_500m,32767,32767,32767,32767,32767,32767,32767,32767,32767,32767,32767,32767,32767,32767,32767,32767,32767,32767,32767,32767,32767,32767,32767,32767,32767,32767,32767,32767,32767,32767,32767,32767,32767,32767,32767,32767,32767,32767,32767,32767,32767,32767,32767,32767,32767,32767,32767,32767,32767,32767,32767,32767,32767,32767,32767,32767,32767,32767,32767,32767,32767,32767,32767,32767,32767,32767,32767,32767,32767,32767,32767,32767,32767,32767,32767,32767,32767,32767,32767,32767,32767,32767,32767,32767,32767,32767,32767,32767,32767,32767,32767,32767,32767,32767,32767,32767,32767,32767,32767,32767,32767,32767,32767,32767,32767,32767,32767,32767,32767,32767,32767,32767,32767,32767,32767,32767,32767,32767,32767,32767,32767,32767,32767,32767,32767,32767,32767,32767,32767,32767,32767,32767,32767,32767,32767,32767,32767,32767,32767,32767,32767,32767,32767,32767,32767,32767,32767,32767,32767,32767,32767,32767,32767,32767,32767,32767,32767,32767,32767,32767,32767,32767,32767,32767,32767,32767,32767,32767,32767
MYD17A2H.A2019345.h12v02.006.2019354044224.PsnNet_500m,MYD17A2H,A2019345,Lat65.9255Lon-137.4220833Samp13Line13,2019354044224,PsnNet_500m,32767,32767,32767,32767,32767,32767,32767,32767,32767,32767,32767,32767,32767,32767,32767,32767,32767,32767,32767,32767,32767,32767,32767,32767,32767,32767,32767,32767,32767,32767,32767,32767,32767,32767,32767,32767,32767,32767,32767,32767,32767,32767,32767,32767,32767,32767,32767,32767,32767,32767,32767,32767,32767,32767,32767,32767,32767,32767,32767,32767,32767,32767,32767,32767,32767,32767,32767,32767,32767,32767,32767,32767,32767,32767,32767,32767,32767,32767,32767,32767,32767,32767,32767,32767,32767,32767,32767,32767,32767,32767,32767,32767,32767,32767,32767,32767,32767,32767,32767,32767,32767,32767,32767,32767,32767,32767,32767,32767,32767,32767,32767,32767,32767,32767,32767,32767,32767,32767,32767,32767,32767,32767,32767,32767,32767,32767,32767,32767,32767,32767,32767,32767,32767,32767,32767,32767,32767,32767,32767,32767,32767,32767,32767,32767,32767,32767,32767,32767,32767,32767,32767,32767,32767,32767,32767,32767,32767,32767,32767,32767,32767,32767,32767,32767,32767,32767,32767,32767,32767
MYD17A2H.A2019345.h12v02.006.2019354044224.Psn_QC_500m,MYD17A2H,A2019345,Lat65.9255Lon-137.4220833Samp13Line13,2019354044224,Psn_QC_500m,255,255,255,255,255,255,255,255,255,255,255,255,255,255,255,255,255,255,255,255,255,255,255,255,255,255,255,255,255,255,255,255,255,255,255,255,255,255,255,255,255,255,255,255,255,255,255,255,255,255,255,255,255,255,255,255,255,255,255,255,255,255,255,255,255,255,255,255,255,255,255,255,255,255,255,255,255,255,255,255,255,255,255,255,255,255,255,255,255,255,255,255,255,255,255,255,255,255,255,255,255,255,255,255,255,255,255,255,255,255,255,255,255,255,255,255,255,255,255,255,255,255,255,255,255,255,255,255,255,255,255,255,255,255,255,255,255,255,255,255,255,255,255,255,255,255,255,255,255,255,255,255,255,255,255,255,255,255,255,255,255,255,255,255,255,255,255,255,255
MYD17A2H.A2019353.h12v02.006.2019362050944.Gpp_500m,MYD17A2H,A2019353,Lat65.9255Lon-137.4220833Samp13Line13,2019362050944,Gpp_500m,32767,32767,32767,32767,32767,32767,32767,32767,32767,32767,32767,32767,32767,32767,32767,32767,32767,32767,32767,32767,32767,32767,32767,32767,32767,32767,32767,32767,32767,32767,32767,32767,32767,32767,32767,32767,32767,32767,32767,32767,32767,32767,32767,32767,32767,32767,32767,32767,32767,32767,32767,32767,32767,32767,32767,32767,32767,32767,32767,32767,32767,32767,32767,32767,32767,32767,32767,32767,32767,32767,32767,32767,32767,32767,32767,32767,32767,32767,32767,32767,32767,32767,32767,32767,32767,32767,32767,32767,32767,32767,32767,32767,32767,32767,32767,32767,32767,32767,32767,32767,32767,32767,32767,32767,32767,32767,32767,32767,32767,32767,32767,32767,32767,32767,32767,32767,32767,32767,32767,32767,32767,32767,32767,32767,32767,32767,32767,32767,32767,32767,32767,32767,32767,32767,32767,32767,32767,32767,32767,32767,32767,32767,32767,32767,32767,32767,32767,32767,32767,32767,32767,32767,32767,32767,32767,32767,32767,32767,32767,32767,32767,32767,32767,32767,32767,32767,32767,32767,32767
MYD17A2H.A2019353.h12v02.006.2019362050944.PsnNet_500m,MYD17A2H,A2019353,Lat65.9255Lon-137.4220833Samp13Line13,2019362050944,PsnNet_500m,32767,32767,32767,32767,32767,32767,32767,32767,32767,32767,32767,32767,32767,32767,32767,32767,32767,32767,32767,32767,32767,32767,32767,32767,32767,32767,32767,32767,32767,32767,32767,32767,32767,32767,32767,32767,32767,32767,32767,32767,32767,32767,32767,32767,32767,32767,32767,32767,32767,32767,32767,32767,32767,32767,32767,32767,32767,32767,32767,32767,32767,32767,32767,32767,32767,32767,32767,32767,32767,32767,32767,32767,32767,32767,32767,32767,32767,32767,32767,32767,32767,32767,32767,32767,32767,32767,32767,32767,32767,32767,32767,32767,32767,32767,32767,32767,32767,32767,32767,32767,32767,32767,32767,32767,32767,32767,32767,32767,32767,32767,32767,32767,32767,32767,32767,32767,32767,32767,32767,32767,32767,32767,32767,32767,32767,32767,32767,32767,32767,32767,32767,32767,32767,32767,32767,32767,32767,32767,32767,32767,32767,32767,32767,32767,32767,32767,32767,32767,32767,32767,32767,32767,32767,32767,32767,32767,32767,32767,32767,32767,32767,32767,32767,32767,32767,32767,32767,32767,32767
MYD17A2H.A2019353.h12v02.006.2019362050944.Psn_QC_500m,MYD17A2H,A2019353,Lat65.9255Lon-137.4220833Samp13Line13,2019362050944,Psn_QC_500m,255,255,255,255,255,255,255,255,255,255,255,255,255,255,255,255,255,255,255,255,255,255,255,255,255,255,255,255,255,255,255,255,255,255,255,255,255,255,255,255,255,255,255,255,255,255,255,255,255,255,255,255,255,255,255,255,255,255,255,255,255,255,255,255,255,255,255,255,255,255,255,255,255,255,255,255,255,255,255,255,255,255,255,255,255,255,255,255,255,255,255,255,255,255,255,255,255,255,255,255,255,255,255,255,255,255,255,255,255,255,255,255,255,255,255,255,255,255,255,255,255,255,255,255,255,255,255,255,255,255,255,255,255,255,255,255,255,255,255,255,255,255,255,255,255,255,255,255,255,255,255,255,255,255,255,255,255,255,255,255,255,255,255,255,255,255,255,255,255
MYD17A2H.A2019361.h12v02.006.2020005204727.Gpp_500m,MYD17A2H,A2019361,Lat65.9255Lon-137.4220833Samp13Line13,2020005204727,Gpp_500m,32767,32767,32767,32767,32767,32767,32767,32767,32767,32767,32767,32767,32767,32767,32767,32767,32767,32767,32767,32767,32767,32767,32767,32767,32767,32767,32767,32767,32767,32767,32767,32767,32767,32767,32767,32767,32767,32767,32767,32767,32767,32767,32767,32767,32767,32767,32767,32767,32767,32767,32767,32767,32767,32767,32767,32767,32767,32767,32767,32767,32767,32767,32767,32767,32767,32767,32767,32767,32767,32767,32767,32767,32767,32767,32767,32767,32767,32767,32767,32767,32767,32767,32767,32767,32767,32767,32767,32767,32767,32767,32767,32767,32767,32767,32767,32767,32767,32767,32767,32767,32767,32767,32767,32767,32767,32767,32767,32767,32767,32767,32767,32767,32767,32767,32767,32767,32767,32767,32767,32767,32767,32767,32767,32767,32767,32767,32767,32767,32767,32767,32767,32767,32767,32767,32767,32767,32767,32767,32767,32767,32767,32767,32767,32767,32767,32767,32767,32767,32767,32767,32767,32767,32767,32767,32767,32767,32767,32767,32767,32767,32767,32767,32767,32767,32767,32767,32767,32767,32767
MYD17A2H.A2019361.h12v02.006.2020005204727.PsnNet_500m,MYD17A2H,A2019361,Lat65.9255Lon-137.4220833Samp13Line13,2020005204727,PsnNet_500m,32767,32767,32767,32767,32767,32767,32767,32767,32767,32767,32767,32767,32767,32767,32767,32767,32767,32767,32767,32767,32767,32767,32767,32767,32767,32767,32767,32767,32767,32767,32767,32767,32767,32767,32767,32767,32767,32767,32767,32767,32767,32767,32767,32767,32767,32767,32767,32767,32767,32767,32767,32767,32767,32767,32767,32767,32767,32767,32767,32767,32767,32767,32767,32767,32767,32767,32767,32767,32767,32767,32767,32767,32767,32767,32767,32767,32767,32767,32767,32767,32767,32767,32767,32767,32767,32767,32767,32767,32767,32767,32767,32767,32767,32767,32767,32767,32767,32767,32767,32767,32767,32767,32767,32767,32767,32767,32767,32767,32767,32767,32767,32767,32767,32767,32767,32767,32767,32767,32767,32767,32767,32767,32767,32767,32767,32767,32767,32767,32767,32767,32767,32767,32767,32767,32767,32767,32767,32767,32767,32767,32767,32767,32767,32767,32767,32767,32767,32767,32767,32767,32767,32767,32767,32767,32767,32767,32767,32767,32767,32767,32767,32767,32767,32767,32767,32767,32767,32767,32767
MYD17A2H.A2019361.h12v02.006.2020005204727.Psn_QC_500m,MYD17A2H,A2019361,Lat65.9255Lon-137.4220833Samp13Line13,2020005204727,Psn_QC_500m,255,255,255,255,255,255,255,255,255,255,255,255,255,255,255,255,255,255,255,255,255,255,255,255,255,255,255,255,255,255,255,255,255,255,255,255,255,255,255,255,255,255,255,255,255,255,255,255,255,255,255,255,255,255,255,255,255,255,255,255,255,255,255,255,255,255,255,255,255,255,255,255,255,255,255,255,255,255,255,255,255,255,255,255,255,255,255,255,255,255,255,255,255,255,255,255,255,255,255,255,255,255,255,255,255,255,255,255,255,255,255,255,255,255,255,255,255,255,255,255,255,255,255,255,255,255,255,255,255,255,255,255,255,255,255,255,255,255,255,255,255,255,255,255,255,255,255,255,255,255,255,255,255,255,255,255,255,255,255,255,255,255,255,255,255,255,255,255,255
MYD17A2H.A2020001.h12v02.006.2020010232222.Gpp_500m,MYD17A2H,A2020001,Lat65.9255Lon-137.4220833Samp13Line13,2020010232222,Gpp_500m,32767,32767,32767,32767,32767,32767,32767,32767,32767,32767,32767,32767,32767,32767,32767,32767,32767,32767,32767,32767,32767,32767,32767,32767,32767,32767,32767,32767,32767,32767,32767,32767,32767,32767,32767,32767,32767,32767,32767,32767,32767,32767,32767,32767,32767,32767,32767,32767,32767,32767,32767,32767,32767,32767,32767,32767,32767,32767,32767,32767,32767,32767,32767,32767,32767,32767,32767,32767,32767,32767,32767,32767,32767,32767,32767,32767,32767,32767,32767,32767,32767,32767,32767,32767,32767,32767,32767,32767,32767,32767,32767,32767,32767,32767,32767,32767,32767,32767,32767,32767,32767,32767,32767,32767,32767,32767,32767,32767,32767,32767,32767,32767,32767,32767,32767,32767,32767,32767,32767,32767,32767,32767,32767,32767,32767,32767,32767,32767,32767,32767,32767,32767,32767,32767,32767,32767,32767,32767,32767,32767,32767,32767,32767,32767,32767,32767,32767,32767,32767,32767,32767,32767,32767,32767,32767,32767,32767,32767,32767,32767,32767,32767,32767,32767,32767,32767,32767,32767,32767
MYD17A2H.A2020001.h12v02.006.2020010232222.PsnNet_500m,MYD17A2H,A2020001,Lat65.9255Lon-137.4220833Samp13Line13,2020010232222,PsnNet_500m,32767,32767,32767,32767,32767,32767,32767,32767,32767,32767,32767,32767,32767,32767,32767,32767,32767,32767,32767,32767,32767,32767,32767,32767,32767,32767,32767,32767,32767,32767,32767,32767,32767,32767,32767,32767,32767,32767,32767,32767,32767,32767,32767,32767,32767,32767,32767,32767,32767,32767,32767,32767,32767,32767,32767,32767,32767,32767,32767,32767,32767,32767,32767,32767,32767,32767,32767,32767,32767,32767,32767,32767,32767,32767,32767,32767,32767,32767,32767,32767,32767,32767,32767,32767,32767,32767,32767,32767,32767,32767,32767,32767,32767,32767,32767,32767,32767,32767,32767,32767,32767,32767,32767,32767,32767,32767,32767,32767,32767,32767,32767,32767,32767,32767,32767,32767,32767,32767,32767,32767,32767,32767,32767,32767,32767,32767,32767,32767,32767,32767,32767,32767,32767,32767,32767,32767,32767,32767,32767,32767,32767,32767,32767,32767,32767,32767,32767,32767,32767,32767,32767,32767,32767,32767,32767,32767,32767,32767,32767,32767,32767,32767,32767,32767,32767,32767,32767,32767,32767
MYD17A2H.A2020001.h12v02.006.2020010232222.Psn_QC_500m,MYD17A2H,A2020001,Lat65.9255Lon-137.4220833Samp13Line13,2020010232222,Psn_QC_500m,255,255,255,255,255,255,255,255,255,255,255,255,255,255,255,255,255,255,255,255,255,255,255,255,255,255,255,255,255,255,255,255,255,255,255,255,255,255,255,255,255,255,255,255,255,255,255,255,255,255,255,255,255,255,255,255,255,255,255,255,255,255,255,255,255,255,255,255,255,255,255,255,255,255,255,255,255,255,255,255,255,255,255,255,255,255,255,255,255,255,255,255,255,255,255,255,255,255,255,255,255,255,255,255,255,255,255,255,255,255,255,255,255,255,255,255,255,255,255,255,255,255,255,255,255,255,255,255,255,255,255,255,255,255,255,255,255,255,255,255,255,255,255,255,255,255,255,255,255,255,255,255,255,255,255,255,255,255,255,255,255,255,255,255,255,255,255,255,255
MYD17A2H.A2020009.h12v02.006.2020018053116.Gpp_500m,MYD17A2H,A2020009,Lat65.9255Lon-137.4220833Samp13Line13,2020018053116,Gpp_500m,32767,32767,32767,32767,32767,32767,32767,32767,32767,32767,32767,32767,32767,32767,32767,32767,32767,32767,32767,32767,32767,32767,32767,32767,32767,32767,32767,32767,32767,32767,32767,32767,32767,32767,32767,32767,32767,32767,32767,32767,32767,32767,32767,32767,32767,32767,32767,32767,32767,32767,32767,32767,32767,32767,32767,32767,32767,32767,32767,32767,32767,32767,32767,32767,32767,32767,32767,32767,32767,32767,32767,32767,32767,32767,32767,32767,32767,32767,32767,32767,32767,32767,32767,32767,32767,32767,32767,32767,32767,32767,32767,32767,32767,32767,32767,32767,32767,32767,32767,32767,32767,32767,32767,32767,32767,32767,32767,32767,32767,32767,32767,32767,32767,32767,32767,32767,32767,32767,32767,32767,32767,32767,32767,32767,32767,32767,32767,32767,32767,32767,32767,32767,32767,32767,32767,32767,32767,32767,32767,32767,32767,32767,32767,32767,32767,32767,32767,32767,32767,32767,32767,32767,32767,32767,32767,32767,32767,32767,32767,32767,32767,32767,32767,32767,32767,32767,32767,32767,32767
MYD17A2H.A2020009.h12v02.006.2020018053116.PsnNet_500m,MYD17A2H,A2020009,Lat65.9255Lon-137.4220833Samp13Line13,2020018053116,PsnNet_500m,32767,32767,32767,32767,32767,32767,32767,32767,32767,32767,32767,32767,32767,32767,32767,32767,32767,32767,32767,32767,32767,32767,32767,32767,32767,32767,32767,32767,32767,32767,32767,32767,32767,32767,32767,32767,32767,32767,32767,32767,32767,32767,32767,32767,32767,32767,32767,32767,32767,32767,32767,32767,32767,32767,32767,32767,32767,32767,32767,32767,32767,32767,32767,32767,32767,32767,32767,32767,32767,32767,32767,32767,32767,32767,32767,32767,32767,32767,32767,32767,32767,32767,32767,32767,32767,32767,32767,32767,32767,32767,32767,32767,32767,32767,32767,32767,32767,32767,32767,32767,32767,32767,32767,32767,32767,32767,32767,32767,32767,32767,32767,32767,32767,32767,32767,32767,32767,32767,32767,32767,32767,32767,32767,32767,32767,32767,32767,32767,32767,32767,32767,32767,32767,32767,32767,32767,32767,32767,32767,32767,32767,32767,32767,32767,32767,32767,32767,32767,32767,32767,32767,32767,32767,32767,32767,32767,32767,32767,32767,32767,32767,32767,32767,32767,32767,32767,32767,32767,32767
MYD17A2H.A2020009.h12v02.006.2020018053116.Psn_QC_500m,MYD17A2H,A2020009,Lat65.9255Lon-137.4220833Samp13Line13,2020018053116,Psn_QC_500m,255,255,255,255,255,255,255,255,255,255,255,255,255,255,255,255,255,255,255,255,255,255,255,255,255,255,255,255,255,255,255,255,255,255,255,255,255,255,255,255,255,255,255,255,255,255,255,255,255,255,255,255,255,255,255,255,255,255,255,255,255,255,255,255,255,255,255,255,255,255,255,255,255,255,255,255,255,255,255,255,255,255,255,255,255,255,255,255,255,255,255,255,255,255,255,255,255,255,255,255,255,255,255,255,255,255,255,255,255,255,255,255,255,255,255,255,255,255,255,255,255,255,255,255,255,255,255,255,255,255,255,255,255,255,255,255,255,255,255,255,255,255,255,255,255,255,255,255,255,255,255,255,255,255,255,255,255,255,255,255,255,255,255,255,255,255,255,255,255
MYD17A2H.A2020017.h12v02.006.2020028002130.Gpp_500m,MYD17A2H,A2020017,Lat65.9255Lon-137.4220833Samp13Line13,2020028002130,Gpp_500m,0,0,0,0,0,0,0,0,0,0,0,0,0,0,0,0,0,0,0,0,0,0,0,0,0,0,0,0,0,0,0,0,0,0,0,0,0,0,0,0,0,0,0,0,0,0,0,0,0,0,0,0,0,0,0,0,0,0,0,0,0,0,0,0,0,0,0,0,0,0,0,0,0,0,0,0,0,0,0,0,0,0,0,0,0,0,0,0,0,0,0,0,0,0,0,0,0,0,0,0,0,0,0,0,0,0,0,0,0,0,0,0,0,0,0,0,0,0,0,0,0,0,0,0,0,0,0,0,0,0,0,0,0,0,0,0,0,0,0,0,0,0,0,0,0,0,0,0,0,0,0,0,0,0,0,0,0,0,0,0,0,0,0,0,0,0,0,0,0
MYD17A2H.A2020017.h12v02.006.2020028002130.PsnNet_500m,MYD17A2H,A2020017,Lat65.9255Lon-137.4220833Samp13Line13,2020028002130,PsnNet_500m,0,0,0,0,0,0,0,0,0,0,0,0,0,0,0,0,0,0,0,0,0,0,0,0,0,0,0,0,0,0,0,0,0,0,0,0,0,0,0,0,0,0,0,0,0,0,0,0,0,0,0,0,0,0,0,0,0,0,0,0,0,0,0,0,0,0,0,0,0,0,0,0,0,0,0,0,0,0,0,0,0,0,0,0,0,0,0,0,0,0,0,0,0,0,0,0,0,0,0,0,0,0,0,0,0,0,0,0,0,0,0,0,0,0,0,0,0,0,0,0,0,0,0,0,0,0,0,0,0,0,0,0,0,0,0,0,0,0,0,0,0,0,0,0,0,0,0,0,0,0,0,0,0,0,0,0,0,0,0,0,0,0,0,0,0,0,0,0,0
MYD17A2H.A2020017.h12v02.006.2020028002130.Psn_QC_500m,MYD17A2H,A2020017,Lat65.9255Lon-137.4220833Samp13Line13,2020028002130,Psn_QC_500m,75,75,75,75,75,75,75,83,75,75,75,75,75,75,75,75,75,75,75,83,75,75,83,83,83,83,75,75,75,75,75,83,83,83,83,75,75,75,75,75,75,83,83,83,83,75,75,75,75,75,75,75,83,83,75,75,75,75,75,75,75,75,75,75,75,75,83,83,75,83,83,75,75,75,75,75,75,75,75,75,75,75,75,75,75,75,75,75,75,83,83,75,75,75,75,75,75,75,75,75,75,75,75,75,75,75,75,75,75,75,75,75,75,75,75,75,75,75,75,75,75,75,75,75,75,75,75,75,75,83,75,75,75,75,75,75,75,75,75,75,75,83,83,75,75,75,75,75,75,75,75,75,83,83,83,83,75,75,75,67,83,83,83,83,83,83,83,83,83
MYD17A2H.A2020025.h12v02.006.2020034042546.Gpp_500m,MYD17A2H,A2020025,Lat65.9255Lon-137.4220833Samp13Line13,2020034042546,Gpp_500m,0,0,0,0,0,0,0,0,0,0,0,0,0,0,0,0,0,0,0,0,0,0,0,0,0,0,0,0,0,0,0,0,0,0,0,0,0,0,0,0,0,0,0,0,0,0,0,0,0,0,0,0,0,0,0,0,0,0,0,0,0,0,0,0,0,0,0,0,0,0,0,0,0,0,0,0,0,0,0,0,0,0,0,0,0,0,0,0,0,0,0,0,0,0,0,0,0,0,0,0,0,0,0,0,0,0,0,0,0,0,0,0,0,0,0,0,0,0,0,0,0,0,0,0,0,0,0,0,0,0,0,0,0,0,0,0,0,0,0,0,0,0,0,0,0,0,0,0,0,0,0,0,0,0,0,0,0,0,0,0,0,0,0,0,0,0,0,0,0
MYD17A2H.A2020025.h12v02.006.2020034042546.PsnNet_500m,MYD17A2H,A2020025,Lat65.9255Lon-137.4220833Samp13Line13,2020034042546,PsnNet_500m,0,0,0,0,0,0,0,0,0,0,0,0,0,0,0,0,0,0,0,0,0,0,0,0,0,0,0,0,0,0,0,0,0,0,0,0,0,0,0,0,0,0,0,0,0,0,0,0,0,0,0,0,0,0,0,0,0,0,0,0,0,0,0,0,0,0,0,0,0,0,0,0,0,0,0,0,0,0,0,0,0,0,0,0,0,0,0,0,0,0,0,0,0,0,0,0,0,0,0,0,0,0,0,0,0,0,0,0,0,0,0,0,0,0,0,0,0,0,0,0,0,0,0,0,0,0,0,0,0,0,0,0,0,0,0,0,0,0,0,0,0,0,0,0,0,0,0,0,0,0,0,0,0,0,0,0,0,0,0,0,0,0,0,0,0,0,0,0,0
MYD17A2H.A2020025.h12v02.006.2020034042546.Psn_QC_500m,MYD17A2H,A2020025,Lat65.9255Lon-137.4220833Samp13Line13,2020034042546,Psn_QC_500m,67,67,67,67,67,67,67,67,67,67,67,67,67,75,67,67,67,67,67,67,67,67,67,67,67,67,67,67,67,67,67,67,83,83,83,83,67,75,75,75,75,75,67,67,83,67,75,75,67,67,75,75,67,67,67,67,67,67,67,83,75,75,75,75,75,67,67,67,67,83,67,75,75,75,75,75,75,75,67,67,67,75,67,67,67,75,75,75,67,67,75,67,75,75,67,75,75,75,67,67,67,75,67,75,67,67,75,67,67,67,67,67,67,67,75,75,75,67,67,67,67,67,67,67,67,67,67,67,67,67,75,75,75,67,67,67,67,67,67,83,83,83,75,75,75,75,75,67,67,67,67,67,67,67,67,67,75,75,67,67,75,75,75,67,67,67,67,67,67
MYD17A2H.A2020033.h12v02.006.2020042221028.Gpp_500m,MYD17A2H,A2020033,Lat65.9255Lon-137.4220833Samp13Line13,2020042221028,Gpp_500m,0,0,0,0,0,0,0,0,0,0,0,0,0,0,0,0,0,0,0,0,0,0,0,0,0,0,0,0,0,0,0,0,0,0,0,0,0,0,0,0,0,0,0,0,0,0,0,0,0,0,0,0,0,0,0,0,0,0,0,0,0,0,0,0,0,0,0,0,0,0,0,0,0,0,0,0,0,0,0,0,0,0,0,0,0,0,0,0,0,0,0,0,0,0,0,0,0,0,0,0,0,0,0,0,0,0,0,0,0,0,0,0,0,0,0,0,0,0,0,0,0,0,0,0,0,0,0,0,0,0,0,0,0,0,0,0,0,0,0,0,0,0,0,0,0,0,0,0,0,0,0,0,0,0,0,0,0,0,0,0,0,0,0,0,0,0,0,0,0
MYD17A2H.A2020033.h12v02.006.2020042221028.PsnNet_500m,MYD17A2H,A2020033,Lat65.9255Lon-137.4220833Samp13Line13,2020042221028,PsnNet_500m,0,0,0,0,0,0,0,0,0,0,0,0,0,0,0,0,0,0,0,0,0,0,0,0,0,0,0,0,0,0,0,0,0,0,0,0,0,0,0,0,0,0,0,0,0,0,0,0,0,0,0,0,0,0,0,0,0,0,0,0,0,0,0,0,0,0,0,0,0,0,0,0,0,0,0,0,0,0,0,0,0,0,0,0,0,0,0,0,0,0,0,0,0,0,0,0,0,0,0,0,0,0,0,0,0,0,0,0,0,0,0,0,0,0,0,0,0,0,0,0,0,0,0,0,0,0,0,0,0,0,0,0,0,0,0,0,0,0,0,0,0,0,0,0,0,0,0,0,0,0,0,0,0,0,0,0,0,0,0,0,0,0,0,0,0,0,0,0,0
MYD17A2H.A2020033.h12v02.006.2020042221028.Psn_QC_500m,MYD17A2H,A2020033,Lat65.9255Lon-137.4220833Samp13Line13,2020042221028,Psn_QC_500m,75,75,75,75,75,75,75,75,75,75,75,75,75,75,75,75,75,75,75,75,75,75,75,75,75,75,75,75,75,75,75,75,75,75,75,75,75,75,75,75,75,75,75,75,75,75,75,75,75,75,67,67,75,75,75,75,67,67,67,67,67,67,67,67,67,67,67,67,67,67,67,67,67,67,67,67,67,67,67,67,67,75,75,67,67,67,67,67,67,67,67,75,75,75,67,67,67,67,67,67,67,67,67,75,75,67,67,67,67,67,67,67,67,67,75,75,67,75,67,67,75,67,67,67,67,67,67,75,67,67,67,67,75,75,75,75,75,75,75,67,67,67,67,75,75,75,75,75,75,75,67,67,67,67,67,67,75,75,75,75,75,75,67,67,67,67,67,67,67
MYD17A2H.A2020041.h12v02.006.2020050073516.Gpp_500m,MYD17A2H,A2020041,Lat65.9255Lon-137.4220833Samp13Line13,2020050073516,Gpp_500m,0,0,0,0,0,0,0,0,0,0,0,0,0,0,0,0,0,0,0,0,0,0,0,0,0,0,0,0,0,0,0,0,0,0,0,0,0,0,0,0,0,0,0,0,0,0,0,0,0,0,0,0,0,0,0,0,0,0,0,0,0,0,0,0,0,0,0,0,0,0,0,0,0,0,0,0,0,0,0,0,0,0,0,0,0,0,0,0,0,0,0,0,0,0,0,0,0,0,0,0,0,0,0,0,0,0,0,0,0,0,0,0,0,0,0,0,0,0,0,0,0,0,0,0,0,0,0,0,0,0,0,0,0,0,0,0,0,0,0,0,0,0,0,0,0,0,0,0,0,0,0,0,0,0,0,0,0,0,0,0,0,0,0,0,0,0,0,0,0
MYD17A2H.A2020041.h12v02.006.2020050073516.PsnNet_500m,MYD17A2H,A2020041,Lat65.9255Lon-137.4220833Samp13Line13,2020050073516,PsnNet_500m,0,0,0,0,0,0,0,0,0,0,0,0,0,0,0,0,0,0,0,0,0,0,0,0,0,0,0,0,0,0,0,0,0,0,0,0,0,0,0,0,0,0,0,0,0,0,0,0,0,0,0,0,0,0,0,0,0,0,0,0,0,0,0,0,0,0,0,0,0,0,0,0,0,0,0,0,0,0,0,0,0,0,0,0,0,0,0,0,0,0,0,0,0,0,0,0,0,0,0,0,0,0,0,0,0,0,0,0,0,0,0,0,0,0,0,0,0,0,0,0,0,0,0,0,0,0,0,0,0,0,0,0,0,0,0,0,0,0,0,0,0,0,0,0,0,0,0,0,0,0,0,0,0,0,0,0,0,0,0,0,0,0,0,0,0,0,0,0,0
MYD17A2H.A2020041.h12v02.006.2020050073516.Psn_QC_500m,MYD17A2H,A2020041,Lat65.9255Lon-137.4220833Samp13Line13,2020050073516,Psn_QC_500m,75,75,75,75,75,75,75,75,75,75,75,75,75,75,75,75,67,75,75,75,75,75,75,75,75,75,75,67,67,75,75,75,75,75,75,75,75,75,67,75,67,75,67,75,75,75,75,75,75,67,67,67,75,75,75,75,75,75,75,75,67,67,67,67,67,75,75,75,75,75,75,75,67,67,67,75,67,67,75,75,75,75,75,75,75,75,75,75,67,67,67,75,67,67,67,67,67,67,75,75,75,67,75,67,67,67,67,67,67,67,75,75,75,67,67,67,67,75,75,67,67,67,75,75,67,67,67,75,75,67,75,67,67,75,75,75,75,67,67,67,67,67,75,67,67,75,67,67,67,67,67,75,75,75,75,75,75,67,67,67,67,67,67,67,75,75,75,75,75
MYD17A2H.A2020049.h12v02.006.2020058061209.Gpp_500m,MYD17A2H,A2020049,Lat65.9255Lon-137.4220833Samp13Line13,2020058061209,Gpp_500m,0,0,0,0,0,0,0,0,0,0,0,0,0,0,0,0,0,0,0,0,0,0,0,0,0,0,0,0,0,0,0,0,0,0,0,0,0,0,0,0,0,0,0,0,0,0,0,0,0,0,0,0,0,0,0,0,0,0,0,0,0,0,0,0,0,0,0,0,0,0,0,0,0,0,0,0,0,0,0,0,0,0,0,0,0,0,0,0,0,0,0,0,0,0,0,0,0,0,0,0,0,0,0,0,0,0,0,0,0,0,0,0,0,0,0,0,0,0,0,0,0,0,0,0,0,0,0,0,0,0,0,0,0,0,0,0,0,0,0,0,0,0,0,0,0,0,0,0,0,0,0,0,0,0,0,0,0,0,0,0,0,0,0,0,0,0,0,0,0
MYD17A2H.A2020049.h12v02.006.2020058061209.PsnNet_500m,MYD17A2H,A2020049,Lat65.9255Lon-137.4220833Samp13Line13,2020058061209,PsnNet_500m,0,0,0,0,0,0,0,0,0,0,0,0,0,0,0,0,0,0,0,0,0,0,0,0,0,0,0,0,0,0,0,0,0,0,0,0,0,0,0,0,0,0,0,0,0,0,0,0,0,0,0,0,0,0,0,0,0,0,0,0,0,0,0,0,0,0,0,0,0,0,0,0,0,0,0,0,0,0,0,0,0,0,0,0,0,0,0,0,0,0,0,0,0,0,0,0,0,0,0,0,0,0,0,0,0,0,0,0,0,0,0,0,0,0,0,0,0,0,0,0,0,0,0,0,0,0,0,0,0,0,0,0,0,0,0,0,0,0,0,0,0,0,0,0,0,0,0,0,0,0,0,0,0,0,0,0,0,0,0,0,0,0,0,0,0,0,0,0,0
MYD17A2H.A2020049.h12v02.006.2020058061209.Psn_QC_500m,MYD17A2H,A2020049,Lat65.9255Lon-137.4220833Samp13Line13,2020058061209,Psn_QC_500m,75,75,75,75,75,75,75,75,75,75,75,75,75,75,75,75,75,75,75,75,75,75,75,75,75,67,75,75,75,75,75,75,75,75,75,75,75,67,67,75,75,75,75,75,75,75,75,75,75,75,75,67,75,75,75,75,75,75,75,75,67,75,67,67,67,75,75,75,75,75,75,67,67,67,67,67,75,67,75,75,75,67,67,75,67,75,67,67,67,67,67,67,67,67,67,67,67,67,67,67,67,67,67,67,67,67,67,67,67,67,67,67,67,67,67,67,67,75,67,67,67,67,67,67,67,67,67,67,67,67,67,67,67,67,67,67,67,67,67,67,67,67,67,67,67,67,67,67,67,67,67,75,67,67,67,67,67,67,67,67,67,67,67,67,67,67,67,67,67
MYD17A2H.A2020057.h12v02.006.2020066060455.Gpp_500m,MYD17A2H,A2020057,Lat65.9255Lon-137.4220833Samp13Line13,2020066060455,Gpp_500m,0,0,0,0,0,0,0,0,0,0,0,0,0,0,0,0,0,0,0,0,0,0,0,0,0,0,0,0,0,0,0,0,0,0,0,0,0,0,0,0,0,0,0,0,0,0,0,0,0,0,0,0,0,0,0,0,0,0,0,0,0,0,0,0,0,0,0,0,0,0,0,0,0,0,0,0,0,0,0,0,0,0,0,0,0,0,0,0,0,0,0,0,0,0,0,0,0,0,0,0,0,0,0,0,0,0,0,0,0,0,0,0,0,0,0,0,0,0,0,0,0,0,0,0,0,0,0,0,0,0,0,0,0,0,0,0,0,0,0,0,0,0,0,0,0,0,0,0,0,0,0,0,0,0,0,0,0,0,0,0,0,0,0,0,0,0,0,0,0
MYD17A2H.A2020057.h12v02.006.2020066060455.PsnNet_500m,MYD17A2H,A2020057,Lat65.9255Lon-137.4220833Samp13Line13,2020066060455,PsnNet_500m,0,0,0,0,0,0,0,0,0,0,0,0,0,0,0,0,0,0,0,0,0,0,0,0,0,0,0,0,0,0,0,0,0,0,0,0,0,0,0,0,0,0,0,0,0,0,0,0,0,0,0,0,0,0,0,0,0,0,0,0,0,0,0,0,0,0,0,0,0,0,0,0,0,0,0,0,0,0,0,0,0,0,0,0,0,0,0,0,0,0,0,0,0,0,0,0,0,0,0,0,0,0,0,0,0,0,0,0,0,0,0,0,0,0,0,0,0,0,0,0,0,0,0,0,0,0,0,0,0,0,0,0,0,0,0,0,0,0,0,0,0,0,0,0,0,0,0,0,0,0,0,0,0,0,0,0,0,0,0,0,0,0,0,0,0,0,0,0,0
MYD17A2H.A2020057.h12v02.006.2020066060455.Psn_QC_500m,MYD17A2H,A2020057,Lat65.9255Lon-137.4220833Samp13Line13,2020066060455,Psn_QC_500m,75,75,67,67,75,75,75,75,75,75,75,75,75,75,75,75,75,75,75,75,75,75,75,75,75,75,75,75,75,75,75,75,75,75,75,75,75,83,75,75,67,75,75,75,75,75,75,75,75,67,75,67,75,75,75,75,75,75,75,67,67,75,75,75,75,75,75,75,75,75,67,67,67,67,75,67,67,67,75,75,75,67,67,75,67,75,75,67,67,67,67,75,75,67,67,67,67,67,67,67,67,75,67,67,67,67,75,75,67,67,67,67,67,67,67,67,67,75,75,67,67,67,67,67,67,67,67,67,67,67,67,67,67,67,67,67,67,67,67,67,67,67,67,67,67,67,67,67,67,67,67,67,67,67,67,67,67,67,67,67,67,75,67,67,67,67,67,75,67
MYD17A2H.A2020065.h12v02.006.2020077032454.Gpp_500m,MYD17A2H,A2020065,Lat65.9255Lon-137.4220833Samp13Line13,2020077032454,Gpp_500m,0,0,0,0,0,0,0,0,0,0,0,0,0,0,0,0,0,0,0,0,0,0,0,0,0,0,0,0,0,0,0,0,0,0,0,0,0,0,0,0,0,0,0,0,0,0,0,0,0,0,0,0,0,0,0,0,0,0,0,0,0,0,0,0,0,0,0,0,0,0,0,0,0,0,0,0,0,0,0,0,0,0,0,0,0,0,0,0,0,0,0,0,0,0,0,0,0,0,0,0,0,0,0,0,0,0,0,0,0,0,0,0,0,0,0,0,0,0,0,0,0,0,0,0,0,0,0,0,0,0,0,0,0,0,0,0,0,0,0,0,0,0,0,0,0,0,0,0,0,0,0,0,0,0,0,0,0,0,0,0,0,0,0,0,0,0,0,0,0
MYD17A2H.A2020065.h12v02.006.2020077032454.PsnNet_500m,MYD17A2H,A2020065,Lat65.9255Lon-137.4220833Samp13Line13,2020077032454,PsnNet_500m,0,0,0,0,0,0,0,0,0,0,0,0,0,0,0,0,0,0,0,0,0,0,0,0,0,0,0,0,0,0,0,0,0,0,0,0,0,0,0,0,0,0,0,0,0,0,0,0,0,0,0,0,0,0,0,0,0,0,0,0,0,0,0,0,0,0,0,0,0,0,0,0,0,0,0,0,0,0,0,0,0,0,0,0,0,0,0,0,0,0,0,0,0,0,0,0,0,0,0,0,0,0,0,0,0,0,0,0,0,0,0,0,0,0,0,0,0,0,0,0,0,0,0,0,0,0,0,0,0,0,0,0,0,0,0,0,0,0,0,0,0,0,0,0,0,0,0,0,0,0,0,0,0,0,0,0,0,0,0,0,0,0,0,0,0,0,0,0,0
MYD17A2H.A2020065.h12v02.006.2020077032454.Psn_QC_500m,MYD17A2H,A2020065,Lat65.9255Lon-137.4220833Samp13Line13,2020077032454,Psn_QC_500m,67,75,67,75,75,75,75,2,75,75,75,75,75,75,75,75,75,75,75,75,75,75,75,75,67,67,75,75,75,75,75,75,75,75,75,75,67,75,67,75,75,75,75,75,75,75,75,75,75,67,67,2,75,75,75,75,75,75,75,75,67,75,2,67,2,75,75,75,75,75,67,2,75,67,2,2,2,2,67,75,2,2,2,2,2,2,2,2,67,67,67,67,67,67,67,67,67,2,2,2,67,2,67,67,67,67,67,67,67,67,67,2,2,67,67,2,2,67,67,67,67,67,67,67,67,67,67,2,2,67,67,67,67,67,67,67,2,67,67,67,2,67,67,67,67,67,67,67,67,67,67,67,2,2,75,2,67,67,67,67,67,67,67,67,67,67,67,2,2
MYD17A2H.A2020073.h12v02.006.2020082065029.Gpp_500m,MYD17A2H,A2020073,Lat65.9255Lon-137.4220833Samp13Line13,2020082065029,Gpp_500m,0,0,0,0,0,0,0,0,0,0,0,0,0,0,0,0,0,0,0,0,0,0,0,0,0,0,0,0,0,0,0,0,0,0,0,0,0,0,0,0,0,0,0,0,0,0,0,0,0,0,0,0,0,0,0,0,0,0,0,0,0,0,0,0,0,0,0,0,0,0,0,0,0,0,0,0,0,0,0,0,0,0,0,0,0,0,0,0,0,0,0,0,0,0,0,0,0,0,0,0,0,0,0,0,0,0,0,0,0,0,0,0,0,0,0,0,0,0,0,0,0,0,0,0,0,0,0,0,0,0,0,0,0,0,0,0,0,0,0,0,0,0,0,0,0,0,0,0,0,0,0,0,0,0,0,0,0,0,0,0,0,0,0,0,0,0,0,0,0
MYD17A2H.A2020073.h12v02.006.2020082065029.PsnNet_500m,MYD17A2H,A2020073,Lat65.9255Lon-137.4220833Samp13Line13,2020082065029,PsnNet_500m,0,0,0,0,0,0,0,0,0,0,0,0,0,0,0,0,0,0,0,0,0,0,0,0,0,0,0,0,0,0,0,0,0,0,0,0,0,0,0,0,0,0,0,0,0,0,0,0,0,0,0,0,0,0,0,0,0,0,0,0,0,0,0,0,0,0,0,0,0,0,0,0,0,0,0,0,0,0,0,0,0,0,0,0,0,0,0,0,0,0,0,0,0,0,0,0,0,0,0,0,0,0,0,0,0,0,0,0,0,0,0,0,0,0,0,0,0,0,0,0,0,0,0,0,0,0,0,0,0,0,0,0,0,0,0,0,0,0,0,0,0,0,0,0,0,0,0,0,0,0,0,0,0,0,0,0,0,0,0,0,0,0,0,0,0,0,0,0,0
MYD17A2H.A2020073.h12v02.006.2020082065029.Psn_QC_500m,MYD17A2H,A2020073,Lat65.9255Lon-137.4220833Samp13Line13,2020082065029,Psn_QC_500m,107,107,107,107,107,107,107,107,107,107,107,107,107,107,107,107,107,107,107,107,107,107,107,107,107,107,107,107,107,107,107,107,107,107,107,107,107,107,99,107,99,107,107,107,107,107,107,107,107,107,99,10,107,107,107,107,107,107,107,107,107,107,107,107,107,107,107,107,107,107,107,107,107,107,107,107,107,107,107,107,107,107,107,107,107,107,107,107,107,107,107,107,99,99,99,99,107,107,99,107,107,107,107,99,99,99,99,99,107,107,107,107,107,99,99,99,99,99,99,107,99,99,99,99,99,99,99,99,99,99,99,99,99,99,99,99,99,107,99,99,99,107,99,107,99,99,99,107,107,107,107,107,99,99,10,10,107,107,107,107,107,99,99,99,99,99,107,10,107
MYD17A2H.A2020081.h12v02.006.2020090224259.Gpp_500m,MYD17A2H,A2020081,Lat65.9255Lon-137.4220833Samp13Line13,2020090224259,Gpp_500m,0,0,0,0,0,0,0,0,0,0,0,0,0,0,0,0,0,0,0,0,0,0,0,0,0,0,0,0,0,0,0,0,0,0,0,0,0,0,0,0,0,0,0,0,0,0,0,0,0,0,0,0,0,0,0,0,0,0,0,0,0,0,0,0,0,0,0,0,0,0,0,0,0,0,0,0,0,0,0,0,0,0,0,0,0,0,0,0,0,0,0,0,0,0,0,0,0,0,0,0,0,0,0,0,0,0,0,0,0,0,0,0,0,0,0,0,0,0,0,0,0,0,0,0,0,0,0,0,0,0,0,0,0,0,0,0,0,0,0,0,0,0,0,0,0,0,0,0,0,0,0,0,0,0,0,0,0,0,0,0,0,0,0,0,0,0,0,0,0
MYD17A2H.A2020081.h12v02.006.2020090224259.PsnNet_500m,MYD17A2H,A2020081,Lat65.9255Lon-137.4220833Samp13Line13,2020090224259,PsnNet_500m,0,0,0,0,0,0,0,0,0,0,0,0,0,0,0,0,0,0,0,0,0,0,0,0,0,0,0,0,0,0,0,0,0,0,0,0,0,0,0,0,0,0,0,0,0,0,0,0,0,0,0,0,0,0,0,0,0,0,0,0,0,0,0,0,0,0,0,0,0,0,0,0,0,0,0,0,0,0,0,0,0,0,0,0,0,0,0,0,0,0,0,0,0,0,0,0,0,0,0,0,0,0,0,0,0,0,0,0,0,0,0,0,0,0,0,0,0,0,0,0,0,0,0,0,0,0,0,0,0,0,0,0,0,0,0,0,0,0,0,0,0,0,0,0,0,0,0,0,0,0,0,0,0,0,0,0,0,0,0,0,0,0,0,0,0,0,0,0,0
MYD17A2H.A2020081.h12v02.006.2020090224259.Psn_QC_500m,MYD17A2H,A2020081,Lat65.9255Lon-137.4220833Samp13Line13,2020090224259,Psn_QC_500m,99,107,107,99,107,107,107,107,107,107,107,107,107,107,107,107,107,107,107,107,107,107,107,107,107,107,107,107,107,107,107,107,107,107,107,107,107,107,99,107,107,107,107,107,107,107,107,107,107,99,99,99,107,107,107,107,107,107,107,99,99,99,99,99,99,107,107,107,107,107,99,99,99,99,99,99,99,99,107,99,107,99,99,99,99,99,99,99,99,99,99,107,99,99,99,99,99,99,99,99,99,99,99,99,99,99,99,99,99,99,99,99,99,99,99,99,99,99,107,99,99,99,99,99,99,99,99,99,99,99,99,99,99,99,99,99,99,99,99,99,99,99,99,99,99,99,99,99,99,99,99,99,99,99,99,2,99,99,99,99,99,99,99,99,99,99,2,99,99
MYD17A2H.A2020089.h12v02.006.2020101022110.Gpp_500m,MYD17A2H,A2020089,Lat65.9255Lon-137.4220833Samp13Line13,2020101022110,Gpp_500m,0,0,0,0,0,0,0,0,0,0,0,0,0,0,0,0,0,0,0,0,0,0,0,0,0,0,0,0,0,0,0,0,0,0,0,0,0,0,0,0,0,0,0,0,0,0,0,0,0,0,0,0,0,0,0,0,0,0,0,0,0,0,0,0,0,0,0,0,0,0,0,0,0,0,0,0,0,0,0,0,0,0,0,0,0,0,0,0,0,0,0,0,0,0,0,0,0,0,0,0,0,0,0,0,0,0,0,0,0,0,0,0,0,0,0,0,0,0,0,0,0,0,0,0,0,0,0,0,0,0,0,0,0,0,0,0,0,0,0,0,0,0,0,0,0,0,0,0,0,0,0,0,0,0,0,0,0,0,0,0,0,0,0,0,0,0,0,0,0
MYD17A2H.A2020089.h12v02.006.2020101022110.PsnNet_500m,MYD17A2H,A2020089,Lat65.9255Lon-137.4220833Samp13Line13,2020101022110,PsnNet_500m,0,0,0,0,0,0,0,0,0,0,0,0,0,0,0,0,0,0,0,0,0,0,0,0,0,0,0,0,0,0,0,0,0,0,0,0,0,0,0,0,0,0,0,0,0,0,0,0,0,0,0,0,0,0,0,0,0,0,0,0,0,0,0,0,0,0,0,0,0,0,0,0,0,0,0,0,0,0,0,0,0,0,0,0,0,0,0,0,0,0,0,0,0,0,0,0,0,0,0,0,0,0,0,0,0,0,0,0,0,0,0,0,0,0,0,0,0,0,0,0,0,0,0,0,0,0,0,0,0,0,0,0,0,0,0,0,0,0,0,0,0,0,0,0,0,0,0,0,0,0,0,0,0,0,0,0,0,0,0,0,0,0,0,0,0,0,0,0,0
MYD17A2H.A2020089.h12v02.006.2020101022110.Psn_QC_500m,MYD17A2H,A2020089,Lat65.9255Lon-137.4220833Samp13Line13,2020101022110,Psn_QC_500m,99,107,99,99,107,99,99,99,99,99,107,99,99,107,99,107,99,99,99,99,99,107,99,99,99,99,99,99,99,99,107,107,99,99,99,99,99,99,99,99,99,99,99,99,99,99,99,99,99,99,2,2,107,99,99,99,99,99,99,99,2,2,2,2,99,99,99,99,99,99,99,99,99,99,99,2,2,2,99,99,99,99,99,99,99,99,2,2,99,99,2,99,99,99,99,99,99,99,2,99,2,2,2,99,99,99,99,99,99,99,99,2,2,99,99,99,99,99,99,99,99,99,99,99,99,99,99,99,99,99,99,99,99,99,99,99,99,99,99,99,99,99,99,99,99,99,99,99,99,99,99,99,99,99,2,2,99,99,99,99,99,99,99,99,99,99,10,10,99
MYD17A2H.A2020097.h12v02.006.2020106054348.Gpp_500m,MYD17A2H,A2020097,Lat65.9255Lon-137.4220833Samp13Line13,2020106054348,Gpp_500m,0,0,0,0,0,0,0,0,0,0,0,0,0,0,0,0,0,0,0,0,0,0,0,0,0,0,0,0,0,0,0,0,0,0,0,0,0,0,0,0,0,0,0,0,0,0,0,0,0,0,0,1,0,0,0,0,0,0,0,0,0,0,0,0,1,0,0,0,0,0,0,0,0,0,0,1,1,1,0,0,0,0,0,0,0,0,0,1,0,0,0,0,0,0,0,0,0,1,1,1,1,1,0,1,0,0,0,0,0,0,1,1,1,1,1,1,1,0,0,0,1,0,0,1,1,1,1,1,1,1,0,0,0,0,0,1,1,1,1,1,1,1,0,0,0,0,0,1,1,1,1,1,1,1,0,1,1,0,1,1,1,1,0,0,0,0,1,1,1
MYD17A2H.A2020097.h12v02.006.2020106054348.PsnNet_500m,MYD17A2H,A2020097,Lat65.9255Lon-137.4220833Samp13Line13,2020106054348,PsnNet_500m,0,0,0,0,0,0,0,0,0,0,0,0,0,0,0,0,0,0,0,0,0,0,0,0,0,0,0,0,0,0,0,0,0,0,0,0,0,0,0,0,0,0,0,0,0,0,0,0,0,0,0,1,0,0,0,0,0,0,0,0,0,0,0,0,1,0,0,0,0,0,0,0,0,0,0,1,1,1,0,0,0,0,0,0,0,0,0,1,0,0,0,0,0,0,0,0,0,1,1,1,1,1,0,1,0,0,0,0,0,0,1,1,1,0,0,1,1,0,0,0,1,0,0,1,1,1,1,1,1,1,0,0,0,0,0,1,1,1,1,1,0,1,0,0,0,0,0,0,0,0,0,1,1,1,0,1,1,0,0,1,1,1,0,0,0,0,1,1,1
MYD17A2H.A2020097.h12v02.006.2020106054348.Psn_QC_500m,MYD17A2H,A2020097,Lat65.9255Lon-137.4220833Samp13Line13,2020106054348,Psn_QC_500m,107,107,107,107,107,107,107,107,107,107,107,107,107,99,107,107,107,107,107,107,107,107,107,107,107,107,99,99,107,107,107,107,107,107,107,107,107,107,107,99,99,107,107,107,107,107,107,107,107,107,99,10,107,107,107,107,107,107,107,99,99,99,99,99,2,107,107,107,107,107,107,99,99,99,99,2,2,2,107,107,107,99,99,99,99,99,107,2,99,99,99,107,99,99,99,99,99,2,2,2,2,2,99,2,99,107,107,107,99,99,2,2,2,107,107,2,2,107,107,99,2,99,99,10,2,2,2,2,2,2,99,99,99,99,99,2,2,2,2,2,107,2,99,99,107,107,107,99,99,99,107,2,2,2,99,107,2,99,99,99,99,107,99,99,99,107,2,10,2
MYD17A2H.A2020105.h12v02.006.2020114060309.Gpp_500m,MYD17A2H,A2020105,Lat65.9255Lon-137.4220833Samp13Line13,2020114060309,Gpp_500m,0,0,0,0,0,0,0,0,0,0,0,0,0,0,0,0,0,0,0,0,0,0,0,0,0,0,0,0,0,0,0,0,0,0,0,0,0,0,0,0,0,0,0,0,0,0,0,0,0,0,0,0,0,0,0,0,0,0,0,0,0,0,8,0,0,0,0,0,0,0,0,0,0,0,8,8,8,0,0,0,0,0,0,0,0,0,0,0,0,0,8,0,0,0,0,0,0,8,8,8,8,1,1,1,0,0,0,0,0,0,8,8,8,8,8,8,8,0,0,8,8,8,0,0,0,8,8,8,8,4,0,8,8,0,0,8,8,8,1,8,8,8,8,0,8,0,0,8,8,8,0,8,8,0,0,8,8,8,8,8,8,1,1,1,0,0,0,4,8
MYD17A2H.A2020105.h12v02.006.2020114060309.PsnNet_500m,MYD17A2H,A2020105,Lat65.9255Lon-137.4220833Samp13Line13,2020114060309,PsnNet_500m,0,0,0,0,0,0,0,0,0,0,0,0,0,0,0,0,0,0,0,0,0,0,0,0,0,0,0,0,0,0,0,0,0,0,0,0,0,0,0,0,0,0,0,0,0,0,0,0,0,0,0,0,0,0,0,0,0,0,0,0,0,0,7,0,0,0,0,0,0,0,0,0,0,0,7,7,7,0,0,0,0,0,0,0,0,0,0,0,0,0,7,0,0,0,0,0,0,7,7,7,7,1,1,1,0,0,0,0,0,0,7,7,7,7,7,7,7,0,0,7,7,7,0,0,0,7,7,7,7,2,0,7,7,0,0,7,7,7,1,7,7,7,7,0,7,0,0,7,7,7,0,7,7,0,0,7,7,7,7,7,7,1,1,1,0,0,0,2,7
MYD17A2H.A2020105.h12v02.006.2020114060309.Psn_QC_500m,MYD17A2H,A2020105,Lat65.9255Lon-137.4220833Samp13Line13,2020114060309,Psn_QC_500m,99,99,99,115,115,115,107,107,99,99,99,99,99,99,115,115,115,107,99,99,99,99,99,99,99,99,107,107,107,99,99,99,99,99,99,99,99,107,107,107,99,99,99,99,99,99,107,107,107,107,107,107,99,99,99,99,99,99,107,107,107,107,10,107,107,99,99,99,99,107,107,107,107,107,10,10,10,107,115,115,107,107,107,107,107,107,107,107,107,99,2,99,99,99,99,99,115,10,10,10,10,99,99,99,99,99,99,99,99,107,10,2,2,10,10,10,10,99,99,10,10,10,99,107,99,10,10,10,10,99,99,2,2,99,99,2,10,10,99,2,10,10,10,99,2,99,99,2,2,2,99,10,10,107,107,2,10,10,10,10,2,99,99,99,107,99,99,99,2
MYD17A2H.A2020113.h12v02.006.2020122055022.Gpp_500m,MYD17A2H,A2020113,Lat65.9255Lon-137.4220833Samp13Line13,2020122055022,Gpp_500m,0,0,0,0,0,0,0,0,0,0,0,0,0,0,0,0,0,0,0,0,0,0,0,0,0,0,0,0,0,0,0,0,0,0,0,0,0,0,0,0,0,0,0,0,0,0,0,0,0,0,0,0,0,0,0,0,0,0,0,0,0,0,0,0,0,0,0,0,0,0,0,0,0,0,0,0,0,0,0,0,0,0,0,0,0,0,0,0,0,0,0,0,0,0,0,0,0,0,0,0,0,0,0,0,0,0,0,0,0,0,0,0,0,0,0,0,0,0,0,0,0,0,0,0,0,0,0,0,0,0,0,0,0,0,0,0,0,0,0,0,0,0,0,0,0,0,0,0,0,0,0,0,0,0,0,0,0,0,0,0,0,0,0,0,0,0,0,0,0
MYD17A2H.A2020113.h12v02.006.2020122055022.PsnNet_500m,MYD17A2H,A2020113,Lat65.9255Lon-137.4220833Samp13Line13,2020122055022,PsnNet_500m,0,0,0,0,0,0,0,0,0,0,0,0,0,0,0,0,0,0,0,0,0,0,0,0,0,0,0,0,0,0,0,0,0,0,0,0,0,0,0,0,0,0,0,0,0,0,0,0,0,0,0,0,0,0,0,0,0,0,0,0,0,0,0,0,0,0,0,0,0,0,0,0,0,0,0,0,0,0,0,0,0,0,0,0,0,0,0,0,0,0,0,0,0,0,0,0,0,0,0,0,0,0,0,0,0,0,0,0,0,0,0,0,0,0,0,0,0,0,0,0,0,0,0,0,0,0,0,0,0,0,0,0,0,0,0,0,0,0,0,0,0,0,0,0,0,0,0,0,0,0,0,0,0,0,0,0,0,0,0,0,0,0,0,0,0,0,0,0,0
MYD17A2H.A2020113.h12v02.006.2020122055022.Psn_QC_500m,MYD17A2H,A2020113,Lat65.9255Lon-137.4220833Samp13Line13,2020122055022,Psn_QC_500m,107,107,107,107,107,107,99,2,2,99,107,107,107,107,107,107,107,107,107,107,107,107,107,107,107,107,2,2,107,107,107,2,2,107,107,107,107,107,83,2,107,107,107,107,107,107,107,107,107,107,2,2,107,107,107,107,107,107,107,83,2,2,2,2,2,107,107,107,107,107,107,99,107,107,107,99,10,2,107,107,107,99,107,99,99,99,99,75,99,75,75,107,99,99,99,99,99,2,2,75,99,107,107,107,99,99,75,107,10,2,10,10,107,99,107,99,107,107,107,107,2,10,10,99,107,99,107,10,10,10,99,2,10,10,75,75,75,99,99,10,10,10,2,107,75,75,75,75,99,99,99,99,10,10,10,10,107,10,75,99,99,99,75,75,107,107,107,107,107
MYD17A2H.A2020121.h12v02.006.2020130060634.Gpp_500m,MYD17A2H,A2020121,Lat65.9255Lon-137.4220833Samp13Line13,2020130060634,Gpp_500m,0,0,0,0,0,0,0,0,0,0,0,0,0,0,0,0,0,0,0,0,0,0,0,0,0,0,1,0,0,0,0,0,0,0,0,0,0,0,0,0,0,0,0,0,0,0,0,0,0,2,2,4,0,0,0,0,0,0,0,0,4,3,3,3,3,0,0,0,0,0,0,4,4,3,3,4,3,6,0,0,0,2,2,1,1,2,2,4,4,4,4,0,1,1,1,1,2,2,4,4,4,4,3,3,1,0,0,0,2,3,3,3,4,3,3,4,4,0,0,2,3,3,3,3,3,2,3,2,2,2,2,3,3,3,3,3,2,3,4,4,4,2,2,3,2,2,2,3,4,2,2,2,2,2,2,4,3,3,3,4,4,3,2,2,2,2,2,2,4
MYD17A2H.A2020121.h12v02.006.2020130060634.PsnNet_500m,MYD17A2H,A2020121,Lat65.9255Lon-137.4220833Samp13Line13,2020130060634,PsnNet_500m,0,0,0,0,0,0,0,0,0,0,0,0,0,0,0,0,0,0,0,0,0,0,0,0,0,0,1,0,0,0,0,0,0,0,0,0,0,0,0,0,0,0,0,0,0,0,0,0,0,2,2,4,0,0,0,0,0,0,0,0,4,2,2,2,2,0,0,0,0,0,0,4,4,2,2,4,2,5,0,0,0,2,2,1,1,2,2,4,4,4,4,0,1,1,1,1,2,2,4,4,4,4,2,2,1,0,0,0,2,2,2,2,4,2,2,3,3,0,0,2,2,2,2,2,2,2,2,2,2,2,2,2,2,2,2,2,2,2,3,4,4,2,2,2,2,2,2,2,3,2,2,2,2,2,2,4,2,2,2,3,3,2,2,2,2,2,2,2,2
MYD17A2H.A2020121.h12v02.006.2020130060634.Psn_QC_500m,MYD17A2H,A2020121,Lat65.9255Lon-137.4220833Samp13Line13,2020130060634,Psn_QC_500m,107,99,99,99,107,107,107,107,99,107,99,99,99,107,99,107,107,107,107,99,99,99,107,99,107,107,99,99,107,99,99,99,107,107,99,99,99,99,99,99,99,99,99,107,99,99,99,99,99,99,99,2,99,99,107,99,99,99,107,99,10,99,99,99,99,99,107,99,99,99,107,2,2,99,99,2,99,10,107,99,99,99,99,99,99,99,107,10,10,10,2,99,99,99,99,107,99,99,2,10,10,10,99,99,99,99,99,107,99,99,99,99,2,99,99,99,99,99,99,99,99,99,99,99,99,99,99,107,99,99,99,99,99,99,99,99,107,99,99,10,10,99,99,99,99,107,99,99,99,99,99,99,99,99,99,2,99,99,99,99,99,99,99,107,107,107,107,99,99
MYD17A2H.A2020129.h12v02.006.2020139115933.Gpp_500m,MYD17A2H,A2020129,Lat65.9255Lon-137.4220833Samp13Line13,2020139115933,Gpp_500m,36,67,40,28,13,36,28,26,25,21,21,26,44,44,43,36,27,36,21,13,40,39,33,24,24,28,36,52,28,33,28,21,25,25,24,16,16,20,26,43,26,25,25,21,21,24,24,16,16,51,51,42,40,25,16,16,26,44,44,16,29,42,29,26,26,13,13,12,16,16,16,20,29,28,29,33,33,36,16,16,16,16,26,26,26,28,26,26,46,26,28,16,26,48,28,28,36,33,16,28,28,28,28,36,46,28,28,28,28,28,28,16,28,26,36,29,28,16,16,28,29,29,33,26,33,33,28,28,28,28,33,29,26,16,33,33,33,28,26,33,26,28,28,33,33,16,16,33,33,33,16,16,33,33,26,26,26,26,29,29,33,33,33,16,16,15,15,26,28
MYD17A2H.A2020129.h12v02.006.2020139115933.PsnNet_500m,MYD17A2H,A2020129,Lat65.9255Lon-137.4220833Samp13Line13,2020139115933,PsnNet_500m,32,64,38,28,13,32,28,25,21,20,20,25,41,40,40,32,25,32,20,13,38,38,29,21,21,26,32,46,28,30,28,20,21,21,21,15,15,19,24,40,25,21,21,20,20,21,21,15,15,47,47,36,38,21,16,16,24,41,41,15,28,37,28,24,24,13,13,12,15,15,15,19,28,26,28,32,32,36,16,15,15,15,24,24,24,26,24,24,43,24,26,15,24,46,26,26,36,32,15,26,26,26,26,34,44,26,26,26,26,26,26,15,26,24,34,28,26,15,15,26,28,28,31,24,30,30,26,26,26,26,32,28,24,15,30,30,30,26,24,30,24,26,26,31,31,15,15,30,30,30,15,15,30,30,24,24,24,24,28,28,30,30,30,15,15,15,15,24,26
MYD17A2H.A2020129.h12v02.006.2020139115933.Psn_QC_500m,MYD17A2H,A2020129,Lat65.9255Lon-137.4220833Samp13Line13,2020139115933,Psn_QC_500m,2,10,2,10,2,2,2,2,2,2,2,2,18,2,2,2,2,2,2,2,2,2,2,18,18,2,2,2,2,18,2,2,2,2,2,10,10,18,2,2,2,18,18,2,2,2,2,10,10,18,18,18,2,2,10,10,2,2,2,10,18,10,18,2,10,10,10,10,10,10,2,10,10,10,10,10,10,10,10,10,10,2,10,10,10,10,10,10,10,2,10,2,10,10,10,10,10,10,2,10,10,10,10,2,10,10,10,10,10,10,10,2,10,2,2,2,10,10,10,2,2,2,2,10,2,2,2,2,2,2,2,2,2,2,2,2,2,2,10,2,2,2,2,2,2,2,2,2,2,2,2,2,2,2,2,2,10,10,10,10,2,2,2,2,2,2,2,2,10
MYD17A2H.A2020137.h12v02.006.2020148064145.Gpp_500m,MYD17A2H,A2020137,Lat65.9255Lon-137.4220833Samp13Line13,2020148064145,Gpp_500m,50,50,50,31,31,38,38,31,42,42,34,50,43,64,50,42,38,50,31,26,26,38,31,33,43,43,68,68,31,34,42,42,31,38,33,33,33,59,68,50,50,31,23,26,38,33,49,49,33,59,102,105,50,50,23,34,41,68,68,66,92,68,111,111,102,20,43,49,52,61,84,83,68,68,64,102,92,102,26,30,52,52,64,64,95,64,37,29,55,57,128,59,138,138,64,64,64,64,43,37,37,98,102,117,127,127,99,64,64,111,78,33,92,108,108,63,63,105,102,102,119,33,33,83,95,63,95,78,78,68,81,51,108,98,39,39,78,78,109,39,83,38,32,126,29,39,125,125,128,39,39,32,32,38,38,38,32,108,108,0,108,3,47,47,55,38,38,32,44
MYD17A2H.A2020137.h12v02.006.2020148064145.PsnNet_500m,MYD17A2H,A2020137,Lat65.9255Lon-137.4220833Samp13Line13,2020148064145,PsnNet_500m,46,46,46,27,27,34,34,27,36,36,31,47,39,60,46,36,34,47,27,26,26,34,27,30,39,39,63,63,27,31,36,36,27,34,30,30,30,55,65,47,47,27,22,26,34,30,46,46,30,54,92,97,47,47,22,31,36,65,65,63,85,65,101,101,92,19,40,46,49,58,78,78,65,65,60,92,85,92,24,27,49,49,60,60,88,60,34,27,51,54,116,55,125,125,60,60,60,60,39,34,34,89,92,106,114,114,90,58,58,102,71,30,85,99,98,59,59,96,92,92,109,30,30,77,87,59,87,71,71,63,74,49,99,90,36,36,71,71,101,36,76,36,30,115,27,36,113,113,115,36,36,30,30,36,36,36,30,99,96,0,97,3,43,43,51,36,36,30,40
MYD17A2H.A2020137.h12v02.006.2020148064145.Psn_QC_500m,MYD17A2H,A2020137,Lat65.9255Lon-137.4220833Samp13Line13,2020148064145,Psn_QC_500m,2,2,2,2,2,2,2,2,2,2,2,2,2,2,2,2,2,2,2,2,2,2,2,2,2,2,2,2,2,2,2,2,2,2,2,2,2,2,2,2,2,2,2,2,2,2,2,2,2,2,2,2,2,2,2,2,2,2,2,2,2,2,2,2,2,2,2,2,2,2,2,2,2,2,2,2,2,2,2,2,2,2,2,2,2,2,2,2,18,2,2,2,2,2,2,18,18,18,2,2,2,2,2,2,2,2,18,2,2,2,2,18,2,2,2,2,2,2,2,2,2,18,18,2,2,2,2,2,2,2,2,2,18,18,10,10,2,2,2,10,2,10,10,18,10,10,2,2,2,10,10,10,10,10,10,10,67,2,2,67,2,75,10,10,2,10,10,18,10
MYD17A2H.A2020145.h12v02.006.2020154055150.Gpp_500m,MYD17A2H,A2020145,Lat65.9255Lon-137.4220833Samp13Line13,2020154055150,Gpp_500m,119,149,149,119,89,119,119,119,148,83,119,171,172,157,157,119,119,89,119,119,194,194,187,163,172,172,157,157,148,128,105,119,119,119,119,156,156,172,261,216,164,164,148,128,148,119,156,156,156,305,305,330,128,119,105,171,172,208,208,172,290,356,342,330,330,119,119,119,156,193,215,330,372,372,356,330,330,321,82,163,215,321,343,372,372,349,341,341,349,341,329,247,349,387,297,297,330,341,321,329,321,321,387,364,372,290,289,335,372,341,329,313,372,372,394,328,313,261,305,330,349,349,350,321,320,341,305,364,364,320,313,341,341,356,321,335,320,341,381,381,328,328,328,349,341,335,372,372,364,394,355,355,311,311,328,328,350,350,350,372,372,372,373,349,380,340,340,349,311
MYD17A2H.A2020145.h12v02.006.2020154055150.PsnNet_500m,MYD17A2H,A2020145,Lat65.9255Lon-137.4220833Samp13Line13,2020154055150,PsnNet_500m,114,141,142,113,84,113,113,113,141,77,113,161,160,146,146,113,113,84,113,113,181,181,174,153,160,160,146,146,141,122,98,113,113,113,114,145,145,160,244,201,154,154,141,119,141,114,145,145,145,286,285,305,122,113,98,161,160,197,197,160,271,332,315,305,305,113,113,114,145,181,200,305,344,344,332,305,304,297,78,153,201,298,320,344,344,325,319,319,325,319,304,230,325,359,279,279,305,319,298,304,297,298,356,338,344,271,271,313,344,319,304,292,344,344,364,303,292,244,285,304,325,325,324,298,298,319,284,336,336,297,292,319,319,332,297,312,297,317,349,349,303,306,303,324,316,312,343,343,339,363,331,331,292,288,303,304,324,324,324,343,344,344,344,323,350,317,316,323,292
MYD17A2H.A2020145.h12v02.006.2020154055150.Psn_QC_500m,MYD17A2H,A2020145,Lat65.9255Lon-137.4220833Samp13Line13,2020154055150,Psn_QC_500m,2,2,2,2,2,2,2,2,2,2,2,2,2,2,2,2,2,2,2,2,2,2,2,2,2,2,2,2,2,2,2,2,2,2,2,2,2,2,2,2,2,2,2,2,2,2,2,2,2,2,2,2,2,2,2,2,2,2,2,2,2,2,2,2,2,2,2,2,2,2,2,2,2,2,2,2,2,2,2,2,2,2,2,2,2,2,2,2,2,2,2,2,2,2,2,2,2,2,2,2,2,2,2,10,2,2,2,2,2,2,2,2,2,2,2,2,2,2,2,2,2,2,2,2,2,2,2,2,2,2,2,2,2,2,2,2,2,2,2,2,2,2,10,2,2,2,2,2,2,2,2,2,2,2,10,10,2,2,2,2,2,2,2,2,2,2,2,2,2
MYD17A2H.A2020153.h12v02.006.2020162063940.Gpp_500m,MYD17A2H,A2020153,Lat65.9255Lon-137.4220833Samp13Line13,2020162063940,Gpp_500m,54,84,84,134,138,120,157,187,187,127,127,188,188,95,95,120,120,120,138,115,127,127,205,165,177,195,170,242,157,120,127,188,188,157,128,421,188,188,202,127,127,61,96,230,230,122,141,159,159,31,78,225,31,92,205,205,122,250,206,206,159,181,141,92,330,127,176,177,250,258,258,188,323,304,182,171,182,206,181,181,250,250,346,214,171,171,171,304,116,66,300,171,273,202,346,299,330,330,360,286,304,37,97,142,401,401,299,385,385,335,335,360,31,97,152,176,79,182,182,182,335,335,379,348,257,31,172,244,306,306,214,300,323,342,300,280,250,104,323,311,311,238,207,335,330,280,390,365,365,355,317,317,274,257,158,214,323,341,395,396,355,206,269,292,244,176,176,135,98
MYD17A2H.A2020153.h12v02.006.2020162063940.PsnNet_500m,MYD17A2H,A2020153,Lat65.9255Lon-137.4220833Samp13Line13,2020162063940,PsnNet_500m,52,79,79,124,129,113,147,174,174,119,119,175,177,92,92,113,113,114,129,107,119,119,193,154,164,183,157,225,147,114,119,174,175,147,121,380,177,177,189,120,119,57,92,214,214,115,131,147,147,30,76,211,30,85,193,193,115,233,194,194,147,172,134,86,305,119,163,164,233,240,240,178,298,284,172,158,172,191,171,171,233,233,321,199,158,158,158,282,109,63,278,161,255,186,319,276,304,304,332,266,282,34,92,132,366,366,276,350,351,309,309,330,30,92,142,166,77,171,170,170,309,309,347,320,239,30,158,230,282,282,196,275,298,315,275,263,233,99,298,289,289,222,193,309,304,260,357,336,336,326,291,291,254,239,148,200,298,314,364,364,326,193,247,269,226,166,166,126,92
MYD17A2H.A2020153.h12v02.006.2020162063940.Psn_QC_500m,MYD17A2H,A2020153,Lat65.9255Lon-137.4220833Samp13Line13,2020162063940,Psn_QC_500m,10,10,10,18,2,2,2,2,2,2,2,2,2,2,2,2,2,2,2,2,2,2,2,2,2,2,2,10,2,2,2,2,2,2,2,10,2,2,18,10,2,2,2,2,2,2,2,2,2,2,18,67,2,10,2,2,2,2,2,2,2,10,10,10,18,2,2,2,2,2,2,10,2,10,18,2,2,2,2,2,2,2,2,2,2,2,2,2,2,10,10,18,2,2,2,2,2,2,2,10,10,10,2,2,2,2,2,2,2,2,2,2,2,2,2,2,10,2,2,2,2,2,2,2,10,18,2,10,2,2,2,2,2,2,2,10,67,2,2,2,2,2,2,2,2,2,2,2,2,2,2,2,2,2,2,2,2,2,2,2,2,18,2,2,2,18,18,2,10
MYD17A2H.A2020161.h12v02.006.2020170073216.Gpp_500m,MYD17A2H,A2020161,Lat65.9255Lon-137.4220833Samp13Line13,2020170073216,Gpp_500m,218,218,218,218,132,217,217,251,251,218,234,268,244,234,234,251,234,200,218,218,218,218,218,218,192,210,251,251,258,193,251,251,242,218,218,159,159,244,259,268,268,268,193,193,218,176,176,176,159,343,343,369,218,193,218,218,218,218,218,293,293,318,402,402,378,158,193,192,218,326,326,394,327,377,378,351,318,318,176,236,236,335,369,435,435,318,342,318,327,327,294,259,318,318,385,385,386,402,318,309,309,342,352,352,435,369,385,386,402,360,360,327,318,309,342,342,352,308,294,334,318,385,318,334,335,294,342,352,352,360,318,318,318,318,377,377,352,319,319,368,368,352,343,318,318,318,319,319,453,417,360,343,343,343,335,343,309,377,478,410,410,377,376,319,319,295,352,344,344
MYD17A2H.A2020161.h12v02.006.2020170073216.PsnNet_500m,MYD17A2H,A2020161,Lat65.9255Lon-137.4220833Samp13Line13,2020170073216,PsnNet_500m,200,200,200,200,126,200,200,230,230,200,213,247,225,213,213,230,213,186,200,200,200,200,200,199,178,196,230,230,240,178,230,230,222,200,199,147,147,224,239,244,244,244,178,178,200,162,162,162,147,314,315,335,200,178,200,200,199,199,199,269,269,292,367,368,346,145,178,178,199,297,297,360,297,342,342,320,293,293,162,214,215,305,335,395,395,293,316,293,297,297,269,239,292,292,351,351,351,368,293,283,283,315,322,322,394,335,351,351,368,328,328,297,292,283,315,315,322,284,269,306,293,351,292,306,306,269,314,319,319,328,293,290,292,292,346,346,322,292,295,337,337,324,314,292,292,292,292,292,412,381,328,317,314,314,305,314,282,341,431,372,372,345,345,296,296,272,324,314,314
MYD17A2H.A2020161.h12v02.006.2020170073216.Psn_QC_500m,MYD17A2H,A2020161,Lat65.9255Lon-137.4220833Samp13Line13,2020170073216,Psn_QC_500m,2,2,2,2,2,2,2,2,2,2,2,2,2,2,2,2,2,2,2,2,2,2,2,2,2,2,2,2,2,2,2,2,2,2,2,2,2,2,2,2,2,2,2,2,2,2,2,2,2,2,2,2,10,2,2,2,2,2,2,2,2,2,2,2,2,2,2,2,2,2,2,2,2,2,2,2,2,2,2,2,2,2,2,2,2,2,2,2,2,2,2,2,2,2,2,2,2,2,2,2,2,2,2,2,2,2,2,2,2,2,2,2,2,2,2,2,2,2,2,2,2,2,2,2,2,2,2,2,2,2,2,2,2,2,2,2,2,2,2,2,2,2,2,2,2,2,2,2,2,2,2,2,2,2,2,10,2,2,2,2,2,2,2,2,2,2,2,2,2
MYD17A2H.A2020169.h12v02.006.2020178061352.Gpp_500m,MYD17A2H,A2020169,Lat65.9255Lon-137.4220833Samp13Line13,2020178061352,Gpp_500m,156,156,168,172,172,162,150,150,85,172,166,145,117,168,168,141,33,33,33,237,231,166,198,117,122,182,189,33,85,114,214,231,247,141,139,69,182,252,68,92,65,214,214,243,246,33,76,112,193,84,176,198,53,65,243,33,150,150,155,33,107,161,161,172,263,33,33,150,150,84,133,186,186,257,284,161,117,139,85,69,68,207,207,277,230,246,246,177,97,161,33,133,133,263,290,241,123,91,106,106,33,202,284,139,252,252,251,165,53,198,198,198,207,166,102,278,202,161,267,220,220,166,251,251,284,284,263,161,161,161,181,181,133,150,150,202,287,287,161,161,161,154,154,154,102,102,171,251,251,214,202,202,80,154,138,234,198,245,284,284,272,76,77,202,219,219,225,252,230
MYD17A2H.A2020169.h12v02.006.2020178061352.PsnNet_500m,MYD17A2H,A2020169,Lat65.9255Lon-137.4220833Samp13Line13,2020178061352,PsnNet_500m,140,140,150,154,154,144,136,136,79,154,150,131,106,150,150,129,31,31,31,209,207,150,178,106,110,163,169,31,79,104,193,207,221,124,123,65,163,221,65,85,59,193,193,213,216,30,67,103,172,77,159,176,49,60,213,31,132,132,141,30,96,143,143,150,233,31,31,132,132,77,122,168,168,224,244,143,105,124,77,65,65,185,185,240,202,218,218,159,87,143,30,122,122,233,253,214,110,81,96,96,30,180,244,124,223,223,223,150,49,177,177,177,185,148,90,245,182,145,235,193,193,149,223,223,251,251,234,145,145,145,164,164,122,135,136,183,254,254,145,145,145,140,140,140,95,94,154,223,223,193,182,182,71,140,124,208,177,218,251,251,240,67,67,182,194,194,200,223,205
MYD17A2H.A2020169.h12v02.006.2020178061352.Psn_QC_500m,MYD17A2H,A2020169,Lat65.9255Lon-137.4220833Samp13Line13,2020178061352,Psn_QC_500m,2,2,2,2,2,2,10,10,10,67,67,67,67,10,2,18,10,10,10,67,67,67,67,67,67,67,2,10,67,67,67,67,67,2,2,67,67,67,10,67,67,67,67,67,67,10,67,67,67,10,10,2,67,67,67,10,2,2,67,10,10,10,10,2,67,10,10,2,2,10,10,10,10,2,67,67,67,18,10,10,10,18,18,2,2,67,67,83,67,18,10,18,18,18,2,10,67,83,83,83,10,10,10,67,10,10,10,10,10,10,10,10,10,67,83,10,10,10,10,10,10,10,2,2,10,10,10,10,10,10,10,10,10,10,10,10,10,10,10,10,10,10,10,10,10,10,10,10,10,10,10,10,75,10,75,10,10,10,10,10,10,83,83,10,10,10,10,18,18
MYD17A2H.A2020177.h12v02.006.2020189053557.Gpp_500m,MYD17A2H,A2020177,Lat65.9255Lon-137.4220833Samp13Line13,2020189053557,Gpp_500m,179,205,205,223,195,195,218,205,212,278,278,305,228,223,229,223,223,174,205,205,185,240,240,193,132,171,250,250,192,130,130,179,179,192,259,209,132,106,160,205,256,72,179,179,218,203,204,88,160,160,193,204,174,174,179,262,265,204,193,259,259,299,265,265,249,158,174,175,209,215,215,276,276,249,309,309,260,260,160,188,188,271,193,193,228,276,276,271,260,260,221,126,144,144,248,276,299,299,254,249,244,254,255,232,231,315,337,337,249,221,244,194,194,249,228,228,221,292,177,249,216,216,260,260,244,209,209,244,232,232,216,216,228,254,254,209,209,221,249,256,256,256,222,231,216,238,282,282,35,266,266,256,256,217,244,212,300,300,228,228,283,273,261,261,239,195,73,35,178
MYD17A2H.A2020177.h12v02.006.2020189053557.PsnNet_500m,MYD17A2H,A2020177,Lat65.9255Lon-137.4220833Samp13Line13,2020189053557,PsnNet_500m,162,187,187,200,179,179,196,187,192,247,247,275,204,201,205,200,200,157,187,187,168,216,216,175,122,155,225,225,174,120,120,164,164,174,232,189,122,98,146,187,227,66,164,164,197,184,184,81,146,146,174,187,159,159,164,234,234,184,175,233,233,265,236,236,223,144,157,159,189,193,193,243,243,223,273,274,234,234,146,171,171,241,174,174,204,245,246,242,231,231,199,115,131,131,222,249,267,267,228,223,218,228,228,209,209,279,299,299,223,199,219,175,175,223,206,205,199,262,160,223,193,193,234,235,220,190,190,218,209,209,193,193,205,228,228,190,190,199,223,229,229,229,199,209,192,213,254,254,32,237,237,229,229,195,221,190,267,267,205,205,252,245,236,236,215,177,68,32,160
MYD17A2H.A2020177.h12v02.006.2020189053557.Psn_QC_500m,MYD17A2H,A2020177,Lat65.9255Lon-137.4220833Samp13Line13,2020189053557,Psn_QC_500m,10,2,2,2,2,2,2,2,2,10,10,10,2,2,2,2,2,2,2,2,2,2,2,2,10,10,2,2,2,2,2,2,2,2,18,2,10,10,10,2,2,67,2,2,2,2,2,10,2,2,2,2,2,2,2,2,2,2,2,2,2,2,2,2,2,2,2,2,2,2,2,2,2,2,2,2,2,2,2,2,2,2,2,2,2,2,2,2,2,2,2,2,2,2,2,2,2,2,2,2,2,2,2,2,2,2,2,2,2,2,2,2,2,2,2,2,2,2,2,2,2,2,2,2,2,2,2,2,2,2,2,2,2,2,2,2,2,2,2,2,2,2,2,2,2,2,67,67,10,2,2,2,2,2,2,2,2,2,67,67,2,2,2,2,2,2,10,10,2
MYD17A2H.A2020185.h12v02.006.2020196235023.Gpp_500m,MYD17A2H,A2020185,Lat65.9255Lon-137.4220833Samp13Line13,2020196235023,Gpp_500m,143,143,143,70,70,70,88,225,225,104,218,218,168,137,61,61,43,164,262,262,104,104,76,28,87,185,257,158,164,164,269,268,87,87,92,87,120,210,120,158,158,55,121,121,268,168,168,173,210,237,276,157,66,180,251,164,120,168,168,242,120,237,276,236,163,197,111,250,237,276,173,168,242,242,287,287,227,270,250,256,185,276,126,113,265,282,330,276,140,321,298,250,207,207,242,242,33,33,281,270,321,264,211,200,233,221,221,33,330,330,298,347,280,216,200,302,302,124,276,341,341,347,298,98,260,167,49,260,320,312,250,362,293,98,98,64,64,188,188,333,312,312,216,237,249,177,113,152,60,71,333,260,71,71,194,33,135,177,308,302,302,33,76,80,167,71,71,33,138
MYD17A2H.A2020185.h12v02.006.2020196235023.PsnNet_500m,MYD17A2H,A2020185,Lat65.9255Lon-137.4220833Samp13Line13,2020196235023,PsnNet_500m,132,132,132,66,66,66,81,207,207,98,200,200,154,128,56,56,41,150,240,240,98,97,71,26,81,166,235,146,150,150,246,246,81,81,86,81,110,195,110,146,146,50,110,110,246,154,154,160,195,216,249,146,62,167,231,150,110,154,154,223,110,216,249,216,149,180,102,230,216,251,160,154,223,223,261,261,207,243,229,231,169,251,115,105,243,257,300,252,130,290,270,228,191,191,223,225,31,31,255,246,290,243,193,182,215,204,204,31,298,298,270,311,255,200,182,274,274,114,252,308,308,311,272,92,240,155,45,236,287,284,227,325,266,92,92,61,61,174,174,301,284,283,195,216,228,165,105,140,54,67,301,236,66,66,180,31,127,165,275,273,273,31,68,76,154,66,66,31,128
MYD17A2H.A2020185.h12v02.006.2020196235023.Psn_QC_500m,MYD17A2H,A2020185,Lat65.9255Lon-137.4220833Samp13Line13,2020196235023,Psn_QC_500m,10,10,10,10,10,10,75,10,10,10,67,67,67,10,83,83,75,67,67,67,10,10,83,83,67,2,18,67,67,67,67,67,10,10,67,67,67,67,2,67,67,83,75,75,67,67,67,67,67,67,67,2,75,67,67,67,67,67,67,67,67,67,67,67,2,67,67,67,67,67,67,67,67,67,67,67,67,2,67,67,67,67,67,67,67,18,18,67,67,2,2,67,18,18,67,10,10,10,67,67,2,2,2,2,67,2,2,10,2,2,2,2,2,2,2,2,2,10,2,2,2,2,2,10,10,10,18,67,2,2,2,2,2,10,10,18,18,67,67,2,2,2,2,2,18,18,67,67,18,2,2,67,10,10,67,10,18,18,2,2,2,10,67,10,67,10,10,10,10
MYD17A2H.A2020193.h12v02.006.2020202112050.Gpp_500m,MYD17A2H,A2020193,Lat65.9255Lon-137.4220833Samp13Line13,2020202112050,Gpp_500m,357,363,363,302,362,357,357,416,416,416,357,383,336,403,322,383,368,367,357,363,390,409,363,328,328,328,449,443,443,363,409,409,349,363,328,328,335,322,193,424,383,288,315,357,357,322,328,322,334,327,327,295,329,322,329,390,354,374,354,328,382,382,280,280,360,302,363,328,374,340,340,214,334,254,468,468,406,482,328,328,314,268,222,227,400,494,494,468,461,395,326,388,73,461,388,528,461,461,434,414,380,380,354,401,495,447,508,508,494,441,388,360,414,414,395,360,360,482,435,400,360,353,420,460,428,420,340,395,395,372,414,327,420,420,420,434,401,395,420,420,400,426,394,214,306,395,428,434,501,474,474,426,406,353,279,334,414,474,534,494,420,419,420,307,300,341,392,392,368
MYD17A2H.A2020193.h12v02.006.2020202112050.PsnNet_500m,MYD17A2H,A2020193,Lat65.9255Lon-137.4220833Samp13Line13,2020202112050,PsnNet_500m,319,324,324,273,324,319,319,371,370,370,318,342,302,360,289,341,330,330,319,323,350,363,323,295,295,296,397,391,391,323,366,366,313,323,295,295,302,288,180,373,345,263,285,318,317,291,295,290,302,296,296,266,295,287,295,345,318,337,318,296,343,343,256,256,322,271,323,295,337,312,312,195,304,230,412,411,361,420,295,295,284,245,201,207,361,431,431,411,405,352,295,346,69,407,349,457,404,404,383,367,342,342,316,358,431,399,444,444,433,390,344,322,367,367,351,322,322,423,383,353,322,315,372,405,378,374,306,352,353,334,367,296,375,375,372,385,358,352,375,375,357,378,351,195,277,351,378,385,436,417,417,378,363,317,254,300,367,417,459,430,372,372,372,277,276,308,349,349,329
MYD17A2H.A2020193.h12v02.006.2020202112050.Psn_QC_500m,MYD17A2H,A2020193,Lat65.9255Lon-137.4220833Samp13Line13,2020202112050,Psn_QC_500m,2,2,2,2,2,2,2,2,2,2,2,2,2,2,2,2,2,2,2,2,2,2,2,2,2,2,2,2,2,2,2,2,2,2,2,2,2,2,10,2,2,2,2,2,2,2,2,2,2,10,10,18,2,2,2,2,2,2,2,2,18,18,2,2,2,2,2,2,10,10,10,2,18,2,2,2,2,2,2,2,67,67,2,67,2,2,2,2,2,18,2,10,2,2,10,2,2,2,2,2,10,10,2,2,2,10,2,2,2,2,2,2,2,2,2,2,2,2,2,2,2,2,2,2,2,10,2,18,18,2,2,2,2,2,2,2,2,2,2,2,2,2,2,2,2,2,2,2,2,2,2,2,2,2,2,2,2,2,2,2,2,2,2,2,2,2,2,2,2
MYD17A2H.A2020201.h12v02.006.2020214200300.Gpp_500m,MYD17A2H,A2020201,Lat65.9255Lon-137.4220833Samp13Line13,2020214200300,Gpp_500m,89,60,60,56,85,60,61,116,69,52,237,197,195,130,94,139,69,159,61,146,206,206,183,181,147,162,139,139,206,146,164,226,226,226,158,158,139,139,215,130,169,167,167,177,197,139,139,139,162,162,175,105,183,201,167,167,167,139,139,185,185,255,92,366,128,158,216,167,59,23,23,217,232,217,190,215,207,207,92,170,199,199,223,245,223,190,217,12,11,180,180,246,215,217,158,190,283,283,67,232,214,139,115,115,185,195,215,337,337,246,223,4,0,0,102,139,180,237,250,250,246,223,28,125,105,105,28,0,158,36,250,250,189,167,0,125,28,121,121,0,0,23,59,186,198,139,0,0,222,0,0,0,0,0,0,50,115,276,296,0,185,0,0,0,0,147,165,166,179
MYD17A2H.A2020201.h12v02.006.2020214200300.PsnNet_500m,MYD17A2H,A2020201,Lat65.9255Lon-137.4220833Samp13Line13,2020214200300,PsnNet_500m,82,57,57,52,78,57,57,107,63,46,210,176,175,119,85,128,63,140,57,132,182,182,165,162,134,144,128,128,183,130,146,197,197,199,142,142,127,127,190,119,152,152,152,158,176,127,127,127,146,145,159,96,165,178,152,152,151,127,127,166,166,221,85,309,116,145,191,151,56,21,21,194,205,194,170,190,187,187,85,154,178,179,199,215,199,170,194,12,11,162,162,218,189,194,141,170,244,244,59,205,189,126,106,106,164,175,187,287,287,215,198,4,0,0,94,126,161,211,222,222,215,199,25,115,96,96,25,0,141,34,222,222,171,151,0,114,25,107,107,0,0,22,56,166,177,126,0,0,194,0,0,0,0,0,0,47,106,244,257,0,166,0,0,0,0,134,148,148,159
MYD17A2H.A2020201.h12v02.006.2020214200300.Psn_QC_500m,MYD17A2H,A2020201,Lat65.9255Lon-137.4220833Samp13Line13,2020214200300,Psn_QC_500m,10,10,10,18,18,10,10,10,10,10,2,18,18,10,2,10,10,2,10,10,2,2,18,18,2,2,10,10,10,10,18,2,2,2,10,10,18,18,18,10,18,18,18,2,2,10,10,10,18,18,18,10,2,2,2,2,2,18,18,18,18,2,10,10,10,18,10,18,10,75,107,18,18,10,10,10,2,2,10,18,2,2,18,2,18,18,18,75,75,2,10,2,18,10,10,10,2,2,10,2,2,10,10,10,2,10,2,2,2,2,2,75,75,75,10,10,10,10,2,2,2,10,10,10,10,10,10,75,10,10,2,2,18,10,75,67,10,67,2,75,75,2,2,18,10,10,75,75,2,75,75,75,75,75,75,2,10,10,2,75,2,75,75,75,75,10,10,10,10
MYD17A2H.A2020209.h12v02.006.2020228223328.Gpp_500m,MYD17A2H,A2020209,Lat65.9255Lon-137.4220833Samp13Line13,2020228223328,Gpp_500m,355,386,346,316,316,322,348,348,373,355,355,354,311,394,347,348,381,348,333,360,341,382,382,311,298,232,406,413,315,348,348,258,309,309,238,317,179,212,212,366,439,387,210,315,315,212,356,265,265,257,244,199,262,231,309,374,389,232,238,238,271,265,265,304,271,309,360,377,238,265,265,265,292,285,298,298,258,258,232,232,265,265,292,304,277,277,278,271,271,271,271,265,298,318,292,304,324,312,265,258,279,279,258,405,337,352,365,365,304,265,271,271,258,331,419,319,420,324,324,318,265,279,352,265,365,419,420,420,420,420,298,265,265,279,279,392,413,413,420,430,439,439,420,286,279,271,478,471,471,458,438,426,426,407,413,433,392,425,496,497,491,453,430,430,427,420,420,413,413
MYD17A2H.A2020209.h12v02.006.2020228223328.PsnNet_500m,MYD17A2H,A2020209,Lat65.9255Lon-137.4220833Samp13Line13,2020228223328,PsnNet_500m,305,331,299,276,276,279,299,299,321,306,306,306,270,338,305,305,328,299,289,313,293,329,329,270,258,205,344,351,273,299,300,225,268,268,212,274,159,186,186,319,369,330,187,273,273,188,308,233,233,232,216,176,230,200,268,319,332,202,212,212,240,233,233,265,240,268,308,321,212,233,233,233,256,249,260,260,229,229,205,205,233,233,255,265,241,241,242,240,240,240,240,233,258,275,256,265,281,271,233,229,242,242,229,347,292,305,314,314,265,233,240,240,229,285,355,279,358,281,281,282,233,245,302,233,319,355,357,357,357,357,258,233,233,242,242,338,352,353,358,369,374,374,359,249,242,240,403,395,395,389,376,364,364,351,353,366,338,364,416,416,413,382,370,370,364,357,357,353,353
MYD17A2H.A2020209.h12v02.006.2020228223328.Psn_QC_500m,MYD17A2H,A2020209,Lat65.9255Lon-137.4220833Samp13Line13,2020228223328,Psn_QC_500m,2,2,2,2,2,2,2,2,2,2,2,2,2,2,2,2,2,2,2,2,2,2,2,2,2,18,2,2,2,2,2,2,2,2,2,2,18,2,2,2,2,2,2,2,2,2,2,2,2,2,2,18,2,2,2,2,2,2,2,2,2,2,2,2,2,2,2,18,2,2,2,2,2,2,2,2,2,2,2,2,2,2,2,2,2,2,2,2,2,2,2,2,2,2,2,2,2,2,2,2,2,2,2,2,2,2,2,2,2,2,2,2,2,2,2,10,2,2,2,10,2,2,2,2,2,2,2,2,2,2,2,2,2,2,2,2,2,2,2,2,2,2,2,2,2,2,2,2,2,2,2,2,2,2,2,2,2,2,2,2,2,2,2,2,2,2,2,2,2
MYD17A2H.A2020217.h12v02.006.2020228234003.Gpp_500m,MYD17A2H,A2020217,Lat65.9255Lon-137.4220833Samp13Line13,2020228234003,Gpp_500m,183,180,248,219,219,175,147,139,48,209,258,258,236,264,259,254,209,209,94,139,139,209,230,143,143,196,264,235,189,118,165,165,258,223,223,171,128,491,211,45,54,100,213,248,165,163,146,48,18,79,264,236,234,173,173,154,48,137,75,75,171,231,231,298,363,223,172,134,93,93,109,128,171,171,316,310,310,221,192,192,157,157,373,373,196,339,339,241,261,244,236,169,153,153,221,324,349,349,211,231,221,221,210,202,187,378,378,369,369,310,251,251,231,220,196,196,210,389,384,335,310,236,236,260,221,220,191,210,205,205,310,202,231,349,289,289,196,196,206,205,220,220,202,329,344,325,325,264,264,230,230,210,210,205,220,220,349,349,373,264,245,230,220,220,220,215,215,211,230
MYD17A2H.A2020217.h12v02.006.2020228234003.PsnNet_500m,MYD17A2H,A2020217,Lat65.9255Lon-137.4220833Samp13Line13,2020228234003,PsnNet_500m,166,159,214,191,194,157,134,124,46,183,223,223,203,227,224,221,183,183,85,124,124,183,198,126,126,173,226,203,167,108,142,142,223,192,191,150,113,317,183,40,50,89,186,214,142,142,131,44,18,73,229,203,206,150,150,137,44,123,67,67,150,198,198,257,301,192,153,118,85,85,98,113,150,150,269,263,264,191,169,169,140,140,296,296,173,288,288,213,222,212,203,147,138,138,191,272,293,293,187,198,193,193,182,175,164,313,313,302,302,264,215,215,198,191,172,172,182,319,312,280,264,206,203,222,191,191,166,182,178,178,261,179,201,289,248,248,175,172,178,178,190,190,175,278,288,273,273,229,229,200,200,182,182,178,190,190,292,291,312,232,211,200,190,190,190,189,189,182,201
MYD17A2H.A2020217.h12v02.006.2020228234003.Psn_QC_500m,MYD17A2H,A2020217,Lat65.9255Lon-137.4220833Samp13Line13,2020228234003,Psn_QC_500m,18,18,2,10,10,10,2,2,2,2,2,2,2,2,2,10,10,10,2,2,2,2,2,2,2,2,2,10,2,2,2,2,2,2,2,2,2,99,2,99,10,2,2,2,2,2,2,2,107,2,2,2,2,2,2,2,2,2,2,2,2,2,2,2,2,2,2,2,2,2,18,2,2,2,2,10,10,2,10,10,2,2,99,99,2,2,2,10,2,2,2,2,2,2,2,2,18,18,10,2,2,2,2,2,99,2,2,18,18,10,2,2,2,2,2,2,2,2,18,2,10,2,2,2,2,2,2,2,2,2,2,2,2,2,2,2,10,2,2,2,2,2,2,2,2,2,2,10,2,2,2,2,2,2,2,2,2,2,10,10,2,2,2,2,2,2,2,2,2
MYD17A2H.A2020225.h12v02.006.2020345181958.Gpp_500m,MYD17A2H,A2020225,Lat65.9255Lon-137.4220833Samp13Line13,2020345181958,Gpp_500m,190,90,120,120,94,90,164,164,169,175,175,132,147,90,145,145,125,125,144,144,206,169,169,147,187,192,90,137,137,189,189,206,210,210,213,201,212,207,218,183,183,175,161,222,222,205,213,217,218,244,218,218,164,184,189,215,205,220,220,220,228,220,218,207,258,202,206,187,176,197,197,179,218,218,218,218,187,187,172,172,192,192,218,144,144,212,192,187,187,200,192,136,136,187,187,200,206,207,179,179,177,147,172,168,237,237,233,233,207,207,185,177,144,147,171,171,171,185,233,159,159,144,144,147,147,178,163,163,163,171,156,156,146,146,147,95,147,177,171,171,168,171,159,146,177,127,147,144,220,220,199,178,160,156,155,163,193,233,233,233,212,193,177,211,191,191,188,183,188
MYD17A2H.A2020225.h12v02.006.2020345181958.PsnNet_500m,MYD17A2H,A2020225,Lat65.9255Lon-137.4220833Samp13Line13,2020345181958,PsnNet_500m,173,85,111,111,88,85,151,151,156,160,160,122,136,85,133,133,113,113,132,132,189,156,156,136,172,175,85,126,126,173,173,189,193,193,195,183,194,188,196,167,167,161,147,201,201,187,194,196,196,223,196,196,151,170,173,196,187,200,202,202,209,201,196,188,230,184,189,172,164,182,182,167,196,196,197,197,170,170,158,158,176,176,196,131,131,195,176,170,169,183,176,125,125,170,170,183,188,191,165,165,161,135,157,154,217,216,211,210,188,188,169,161,132,135,157,157,157,169,210,148,148,132,132,135,135,163,150,150,150,157,144,144,135,135,135,89,135,161,157,157,154,157,146,135,161,117,135,131,200,200,182,163,146,141,141,150,175,211,211,210,194,175,161,193,175,175,173,169,173
MYD17A2H.A2020225.h12v02.006.2020345181958.Psn_QC_500m,MYD17A2H,A2020225,Lat65.9255Lon-137.4220833Samp13Line13,2020345181958,Psn_QC_500m,2,2,2,2,2,2,18,18,2,10,10,10,2,2,2,2,2,2,2,2,2,10,10,2,2,2,2,2,2,2,2,2,2,2,2,2,2,2,2,2,2,2,2,2,2,2,2,2,2,2,2,2,2,18,18,2,2,2,2,2,2,2,2,2,18,2,2,2,2,2,2,2,2,2,2,2,2,2,2,2,2,2,2,2,2,2,2,2,2,2,2,10,10,2,2,2,2,2,2,2,2,2,2,2,2,2,2,2,2,2,2,2,10,10,10,10,2,2,2,2,2,2,2,18,18,10,2,2,2,2,2,2,2,2,2,2,2,2,2,2,2,2,2,2,2,2,2,2,2,2,2,2,2,2,2,2,2,2,2,2,2,2,2,2,2,2,2,2,2
MYD17A2H.A2020233.h12v02.006.2020345192953.Gpp_500m,MYD17A2H,A2020233,Lat65.9255Lon-137.4220833Samp13Line13,2020345192953,Gpp_500m,166,149,113,152,152,184,184,152,194,186,186,134,132,142,156,170,155,173,194,155,134,134,173,177,177,144,174,190,152,152,141,152,160,134,151,151,159,151,183,168,168,141,134,152,149,114,114,151,175,183,202,183,130,114,145,144,151,151,164,151,193,193,191,193,186,82,82,145,159,141,131,131,175,195,211,186,183,183,132,151,151,157,170,191,193,183,183,191,190,152,145,175,175,191,170,220,152,152,152,131,149,149,29,131,221,215,195,193,193,171,171,171,149,145,131,131,131,195,193,145,145,145,264,238,152,131,131,131,131,145,203,231,252,253,149,131,157,157,131,131,157,157,149,190,190,141,253,260,260,141,131,172,172,173,145,131,231,253,287,287,283,242,238,186,154,131,131,173,157
MYD17A2H.A2020233.h12v02.006.2020345192953.PsnNet_500m,MYD17A2H,A2020233,Lat65.9255Lon-137.4220833Samp13Line13,2020345192953,PsnNet_500m,146,133,104,137,137,161,161,136,171,168,168,121,120,130,141,153,141,157,173,140,121,121,157,158,158,129,155,168,136,136,124,136,142,121,135,135,140,135,161,150,150,124,121,136,133,103,103,135,154,161,176,161,115,104,131,130,136,135,145,135,170,170,166,170,166,75,74,129,140,126,115,116,157,176,186,166,161,161,120,135,135,140,152,166,170,161,161,166,166,137,129,154,157,166,150,193,135,137,137,116,132,132,27,116,194,187,176,170,171,153,153,153,132,131,116,116,116,176,170,129,129,129,227,206,137,116,116,116,116,129,182,203,220,220,132,116,139,139,116,116,139,139,132,166,166,129,220,224,225,129,116,154,154,154,129,116,202,220,243,244,239,212,209,166,137,116,117,155,139
MYD17A2H.A2020233.h12v02.006.2020345192953.Psn_QC_500m,MYD17A2H,A2020233,Lat65.9255Lon-137.4220833Samp13Line13,2020345192953,Psn_QC_500m,2,2,2,2,2,2,2,2,2,2,2,2,2,2,10,18,18,2,2,2,2,2,2,2,2,2,18,18,2,2,2,2,2,2,2,2,2,2,2,2,2,2,2,2,2,2,2,2,2,2,2,2,2,18,18,18,2,2,2,2,2,2,2,2,2,2,2,2,2,2,2,2,2,2,2,2,2,2,2,2,2,2,2,2,2,2,2,2,2,2,2,2,2,2,2,2,2,2,2,2,2,2,10,2,2,2,2,2,2,2,2,2,2,10,2,2,2,2,2,2,2,2,10,10,2,2,2,2,2,2,10,10,10,10,2,2,2,2,2,2,2,2,2,2,2,2,2,2,2,10,2,2,2,2,2,2,2,2,2,2,2,2,2,2,2,2,2,2,2
MYD17A2H.A2020241.h12v02.006.2020345204423.Gpp_500m,MYD17A2H,A2020241,Lat65.9255Lon-137.4220833Samp13Line13,2020345204423,Gpp_500m,79,76,83,73,73,73,73,76,76,71,71,72,69,83,87,77,77,73,55,71,71,73,72,72,69,69,94,94,71,71,71,71,55,55,69,69,69,69,69,79,79,71,58,71,71,69,69,69,72,72,69,69,73,58,58,71,69,69,69,69,69,69,69,82,82,52,55,54,69,69,69,69,82,95,95,131,82,82,58,63,63,69,69,86,92,92,89,81,89,89,83,69,69,69,104,97,97,82,76,72,72,65,76,71,112,108,110,110,112,76,72,72,65,65,65,115,70,97,97,99,89,89,72,72,83,83,81,70,70,70,84,87,87,77,82,82,77,71,82,77,76,76,76,89,87,89,99,97,94,83,82,76,70,70,76,33,87,89,99,97,97,89,89,93,93,76,15,33,33
MYD17A2H.A2020241.h12v02.006.2020345204423.PsnNet_500m,MYD17A2H,A2020241,Lat65.9255Lon-137.4220833Samp13Line13,2020345204423,PsnNet_500m,69,66,72,64,63,63,63,66,66,61,61,63,61,72,75,67,67,63,49,61,61,63,63,61,61,61,80,80,62,62,61,61,49,49,61,61,61,61,61,68,68,61,50,61,61,61,61,61,61,61,61,61,63,50,50,61,61,61,61,61,61,61,61,72,72,47,49,48,61,61,61,61,72,81,81,110,72,72,50,55,55,61,61,74,81,81,80,68,80,80,74,61,61,61,91,81,81,72,68,62,62,57,68,62,97,93,94,94,97,68,62,62,57,57,57,98,62,81,81,84,74,74,62,62,74,74,68,62,62,62,74,74,74,68,72,72,68,62,72,68,68,68,68,74,74,80,84,81,81,74,72,68,62,62,68,31,74,80,85,81,81,74,74,81,80,68,13,31,31
MYD17A2H.A2020241.h12v02.006.2020345204423.Psn_QC_500m,MYD17A2H,A2020241,Lat65.9255Lon-137.4220833Samp13Line13,2020345204423,Psn_QC_500m,2,18,2,2,2,2,2,10,10,2,2,2,2,2,2,2,2,2,2,2,2,2,2,2,2,2,2,2,2,2,2,2,2,2,2,2,2,2,2,2,2,2,2,2,2,2,2,2,2,2,2,2,2,2,2,2,2,2,2,2,2,2,2,2,2,2,2,2,2,2,2,2,2,10,10,10,2,2,2,2,2,2,2,2,2,2,2,2,2,2,2,2,2,2,2,2,2,2,2,2,2,2,2,2,2,2,2,2,2,2,2,2,2,2,2,10,2,2,2,2,2,2,2,2,2,2,2,2,2,2,2,2,2,2,2,2,2,2,2,2,2,2,2,2,2,2,2,2,2,2,2,2,2,2,2,10,2,2,2,2,2,2,2,2,2,2,10,10,10
MYD17A2H.A2020249.h12v02.006.2020345220801.Gpp_500m,MYD17A2H,A2020249,Lat65.9255Lon-137.4220833Samp13Line13,2020345220801,Gpp_500m,57,51,51,57,57,57,57,17,30,30,38,38,36,77,77,63,52,52,17,48,48,17,38,17,28,28,51,52,52,17,17,17,52,17,17,28,52,81,81,71,71,52,52,52,48,52,52,52,52,81,81,81,52,52,48,48,73,52,52,81,81,100,100,94,91,73,73,73,84,83,83,96,96,39,39,52,76,76,78,52,97,97,96,96,52,52,81,81,51,81,81,81,66,58,84,84,84,81,50,50,81,64,64,69,85,75,69,94,69,52,51,51,51,82,82,78,78,69,91,69,52,51,51,51,82,82,78,103,51,51,74,74,51,51,81,86,86,86,103,84,80,80,80,84,84,80,91,91,97,108,97,80,80,51,50,67,80,101,100,103,103,80,51,51,84,84,71,71,82
MYD17A2H.A2020249.h12v02.006.2020345220801.PsnNet_500m,MYD17A2H,A2020249,Lat65.9255Lon-137.4220833Samp13Line13,2020345220801,PsnNet_500m,50,46,46,50,50,50,50,16,27,27,35,35,32,67,67,57,46,46,16,45,45,16,35,17,27,27,46,46,46,16,16,16,46,16,17,27,46,72,72,65,65,46,46,46,45,46,46,46,46,72,72,72,46,46,45,45,67,46,46,72,72,89,89,84,82,67,67,67,77,74,74,85,85,35,35,46,68,68,68,46,88,88,85,85,46,46,72,72,46,72,72,72,62,52,76,76,76,72,44,44,72,57,57,62,77,68,62,84,62,46,46,46,46,74,74,69,69,62,82,62,46,46,46,46,74,74,69,91,47,48,67,67,46,46,72,77,77,77,91,76,71,71,71,76,76,72,82,82,86,97,86,71,71,48,44,59,72,89,89,91,91,71,48,48,75,75,66,66,75
MYD17A2H.A2020249.h12v02.006.2020345220801.Psn_QC_500m,MYD17A2H,A2020249,Lat65.9255Lon-137.4220833Samp13Line13,2020345220801,Psn_QC_500m,18,2,2,18,18,18,10,10,10,10,10,10,10,18,18,18,2,2,10,2,2,10,10,10,10,10,2,2,2,10,10,10,2,10,10,10,2,2,2,2,2,2,2,2,2,2,2,2,2,2,2,2,2,2,2,2,10,2,2,2,2,10,10,10,10,10,10,10,10,18,18,18,18,2,2,2,2,2,10,2,18,18,18,18,2,2,2,2,18,2,2,2,2,2,2,2,2,2,2,2,2,18,18,18,2,2,2,2,2,2,2,2,2,2,2,2,2,2,2,2,2,2,2,2,2,2,2,10,2,2,10,10,2,2,2,2,2,2,10,2,2,2,2,18,18,2,2,2,2,10,2,2,2,2,2,2,2,2,2,2,2,2,2,2,2,2,10,10,2
MYD17A2H.A2020257.h12v02.006.2020345232206.Gpp_500m,MYD17A2H,A2020257,Lat65.9255Lon-137.4220833Samp13Line13,2020345232206,Gpp_500m,54,54,54,43,45,43,43,31,31,19,45,45,43,66,59,45,45,31,31,12,23,23,45,54,54,54,45,45,43,43,43,43,43,43,45,72,72,72,72,43,58,43,43,43,43,45,54,72,72,72,77,77,58,54,43,43,45,54,66,65,72,79,79,73,92,43,43,45,45,56,56,66,97,97,84,72,72,72,45,43,60,79,79,85,85,72,72,72,72,72,79,79,102,102,84,84,75,84,72,72,64,77,77,79,114,112,85,104,108,77,77,64,72,75,79,72,76,77,89,84,95,95,79,75,77,87,72,79,79,79,72,86,86,82,72,107,79,95,83,83,73,72,76,104,84,79,104,104,107,95,96,72,72,72,72,72,84,83,83,92,96,102,87,77,90,76,72,72,72
MYD17A2H.A2020257.h12v02.006.2020345232206.PsnNet_500m,MYD17A2H,A2020257,Lat65.9255Lon-137.4220833Samp13Line13,2020345232206,PsnNet_500m,46,46,46,42,43,42,42,30,29,13,43,43,42,59,53,43,43,30,30,12,22,22,43,49,49,49,43,43,42,42,42,42,42,42,43,63,63,63,63,42,53,42,42,42,42,43,49,63,63,63,70,70,53,46,42,42,43,49,60,58,63,70,70,65,80,42,42,43,43,53,53,61,85,85,74,63,63,63,43,42,53,70,70,75,75,63,63,63,63,63,70,70,89,89,74,74,66,74,63,63,56,68,68,70,100,96,76,91,94,68,68,56,63,67,70,63,68,70,78,74,84,84,70,67,68,76,63,70,70,70,63,76,76,72,63,93,70,84,72,72,65,63,68,90,74,70,91,91,92,84,85,63,63,63,63,63,74,72,72,80,85,89,76,68,79,68,63,63,63
MYD17A2H.A2020257.h12v02.006.2020345232206.Psn_QC_500m,MYD17A2H,A2020257,Lat65.9255Lon-137.4220833Samp13Line13,2020345232206,Psn_QC_500m,18,18,18,2,2,2,2,2,2,10,2,2,2,2,2,2,2,2,2,2,2,2,2,2,2,2,2,2,2,2,2,2,2,2,2,2,2,2,2,2,2,2,2,2,2,2,2,2,2,2,2,2,2,2,2,2,2,2,2,2,2,2,2,2,2,2,2,2,2,2,2,2,2,2,2,2,2,2,2,2,2,2,2,2,2,2,2,2,2,2,2,2,2,2,2,2,2,2,2,2,2,2,2,2,2,2,2,2,2,2,2,2,2,2,2,2,2,2,2,2,2,2,2,2,2,2,2,2,2,2,2,2,2,2,2,10,2,2,2,2,2,2,2,2,2,2,2,2,2,2,2,2,2,2,2,2,2,2,2,2,2,2,2,2,2,2,2,2,2
MYD17A2H.A2020265.h12v02.006.2020346003313.Gpp_500m,MYD17A2H,A2020265,Lat65.9255Lon-137.4220833Samp13Line13,2020346003313,Gpp_500m,25,21,21,14,21,21,22,20,20,20,20,22,22,25,20,20,20,20,9,9,14,11,20,21,21,21,20,20,20,20,14,11,11,17,21,21,21,21,27,20,22,11,12,14,12,21,21,21,21,21,32,32,20,20,14,20,21,21,21,21,24,32,32,32,32,20,12,12,21,21,31,31,40,40,32,32,32,32,21,17,27,32,32,32,32,32,27,31,31,32,32,22,40,49,33,33,32,32,31,31,31,32,32,32,49,43,40,40,35,35,32,32,31,31,32,32,32,33,33,40,40,35,32,32,32,32,32,32,33,33,27,31,40,32,35,35,36,32,32,31,31,31,33,43,40,40,40,43,43,43,33,31,27,21,58,58,32,33,35,33,33,33,33,31,31,27,27,21,31
MYD17A2H.A2020265.h12v02.006.2020346003313.PsnNet_500m,MYD17A2H,A2020265,Lat65.9255Lon-137.4220833Samp13Line13,2020346003313,PsnNet_500m,22,18,18,13,18,18,18,18,18,18,18,18,19,22,18,18,18,18,7,7,13,9,18,18,18,18,18,18,18,18,14,9,9,14,18,18,18,18,22,18,18,9,9,14,9,18,18,18,18,18,28,28,18,18,13,18,18,18,18,18,22,28,28,28,28,18,9,9,18,18,23,23,31,32,28,28,28,28,18,14,22,28,28,28,28,28,22,23,23,28,28,19,31,38,28,28,28,28,23,23,23,28,28,28,38,36,32,32,29,29,28,28,23,23,28,28,28,28,28,32,32,29,28,28,28,28,28,28,28,27,22,23,32,28,29,29,30,28,28,23,23,23,27,36,32,32,32,36,35,35,27,23,22,18,38,38,28,28,29,28,28,28,28,26,26,23,23,18,23
MYD17A2H.A2020265.h12v02.006.2020346003313.Psn_QC_500m,MYD17A2H,A2020265,Lat65.9255Lon-137.4220833Samp13Line13,2020346003313,Psn_QC_500m,2,2,2,2,2,2,2,2,2,2,2,2,2,2,2,2,2,2,10,10,2,2,2,2,2,2,2,2,2,2,10,2,2,2,2,2,2,2,2,2,2,2,10,10,10,2,2,2,2,2,2,2,2,2,2,2,2,2,2,2,2,2,2,2,2,2,10,10,2,2,2,2,2,2,2,2,2,2,2,2,2,2,2,2,2,2,2,2,2,2,2,2,2,2,2,2,2,2,2,2,2,2,2,2,2,2,2,2,2,2,2,2,2,2,2,2,2,2,2,2,2,2,2,2,2,2,2,2,2,2,2,2,2,2,2,2,2,2,2,2,2,2,2,2,2,2,2,2,2,2,2,2,2,2,99,99,2,2,2,2,2,2,2,2,2,2,2,2,2
MYD17A2H.A2020273.h12v02.006.2020346014308.Gpp_500m,MYD17A2H,A2020273,Lat65.9255Lon-137.4220833Samp13Line13,2020346014308,Gpp_500m,19,19,19,8,23,23,13,11,11,8,8,19,19,23,23,23,23,8,8,8,8,8,19,19,19,19,19,16,8,8,8,8,8,11,11,19,19,19,19,8,11,11,8,15,11,19,19,19,23,23,27,27,11,8,11,7,7,11,19,19,23,17,19,19,36,8,11,11,11,42,15,19,19,19,19,19,19,19,8,8,11,11,19,19,25,15,15,19,20,20,12,8,8,17,19,19,19,11,15,11,13,20,12,20,17,19,19,19,19,12,12,13,20,12,12,17,23,23,19,20,17,7,28,28,8,12,8,8,28,20,30,30,36,36,28,23,20,32,27,32,25,25,32,45,41,33,42,42,45,45,41,20,20,28,20,32,32,41,41,44,44,39,40,32,32,23,23,27,27
MYD17A2H.A2020273.h12v02.006.2020346014308.PsnNet_500m,MYD17A2H,A2020273,Lat65.9255Lon-137.4220833Samp13Line13,2020346014308,PsnNet_500m,16,16,16,7,17,17,11,11,11,7,7,16,16,17,17,17,17,7,7,7,7,7,16,16,16,16,16,11,7,7,7,7,7,11,11,16,16,16,16,7,11,11,7,12,11,16,16,16,18,18,22,22,11,7,11,5,5,11,16,16,18,12,16,16,28,7,11,11,8,30,12,16,16,16,16,16,16,16,6,6,8,8,16,16,22,12,12,16,16,16,11,6,6,13,16,16,16,11,12,11,11,16,11,16,13,16,16,16,16,11,11,11,16,11,11,13,19,17,16,16,14,5,22,22,6,11,6,6,22,17,26,26,28,28,22,19,16,26,22,26,22,22,26,36,34,27,35,35,36,36,32,17,17,22,17,26,26,32,32,35,35,31,31,26,26,17,17,22,22
MYD17A2H.A2020273.h12v02.006.2020346014308.Psn_QC_500m,MYD17A2H,A2020273,Lat65.9255Lon-137.4220833Samp13Line13,2020346014308,Psn_QC_500m,2,2,2,10,2,2,2,2,2,10,10,2,2,2,2,2,2,10,10,10,10,10,2,2,2,2,2,2,10,10,10,10,10,10,10,2,2,2,2,10,10,10,10,10,10,2,2,2,2,2,2,2,10,10,10,10,10,10,2,2,2,2,2,2,2,10,10,10,10,67,10,2,2,2,2,2,2,2,10,10,10,10,2,2,10,10,10,2,2,2,2,10,10,10,2,2,2,10,10,10,10,2,2,2,10,2,2,2,2,2,2,2,2,10,10,10,2,2,2,2,18,2,2,2,10,10,10,10,2,2,2,2,2,2,2,2,2,2,2,2,2,2,2,2,2,2,2,2,2,2,2,2,2,2,2,2,2,2,2,2,2,2,2,2,2,2,2,2,2
MYD17A2H.A2020281.h12v02.006.2020346033108.Gpp_500m,MYD17A2H,A2020281,Lat65.9255Lon-137.4220833Samp13Line13,2020346033108,Gpp_500m,0,0,0,0,0,0,0,0,26,26,26,0,0,0,0,0,0,0,0,26,8,8,26,25,0,0,0,0,0,0,0,26,26,26,25,25,0,15,0,0,0,0,26,0,26,25,25,0,0,4,1,25,0,0,0,0,25,0,0,0,0,23,25,25,25,0,0,0,0,0,2,9,25,25,3,15,16,25,0,0,0,1,2,25,2,23,25,14,14,1,2,0,0,0,0,14,20,25,25,25,1,1,0,0,25,25,8,17,25,25,25,0,0,25,25,25,0,8,25,23,18,5,3,12,25,25,25,0,0,0,15,15,6,2,2,0,0,0,1,1,0,0,0,16,3,3,0,0,0,2,1,1,0,0,1,0,5,5,0,0,3,1,1,2,1,1,1,1,1
MYD17A2H.A2020281.h12v02.006.2020346033108.PsnNet_500m,MYD17A2H,A2020281,Lat65.9255Lon-137.4220833Samp13Line13,2020346033108,PsnNet_500m,0,0,0,0,0,0,0,0,-17,-17,-17,0,0,0,0,0,0,0,0,-17,5,5,-17,-17,0,0,0,0,0,0,0,-17,-17,-17,-17,-17,0,3,0,0,0,0,-17,0,-17,-17,-17,0,0,2,0,-17,0,0,0,0,-17,0,0,0,0,-13,-17,-17,-17,0,0,0,0,0,1,5,-17,-17,1,3,4,-17,0,0,0,0,1,-17,1,-15,-17,3,3,0,1,0,0,0,0,3,-2,-17,-17,-17,0,0,0,0,-17,-17,5,3,-17,-17,-17,0,0,-17,-17,-17,0,5,-17,-6,3,4,2,3,-17,-17,-17,0,0,0,3,3,5,1,1,0,0,0,0,0,0,0,0,3,1,1,0,0,0,1,0,0,0,0,0,0,2,2,0,0,1,0,0,1,1,1,0,0,1
MYD17A2H.A2020281.h12v02.006.2020346033108.Psn_QC_500m,MYD17A2H,A2020281,Lat65.9255Lon-137.4220833Samp13Line13,2020346033108,Psn_QC_500m,75,75,75,75,75,75,75,75,67,67,67,75,75,75,75,75,75,75,75,67,67,67,67,67,75,75,75,75,75,83,75,67,67,67,67,67,75,75,75,75,83,83,67,75,67,67,67,75,75,67,75,67,75,75,75,75,67,75,75,75,75,67,67,67,67,75,75,75,75,75,67,75,75,75,67,67,67,75,75,75,75,83,83,75,67,67,67,67,67,67,67,75,75,75,75,67,67,67,67,67,67,67,67,67,75,75,67,67,67,67,67,83,75,75,75,75,75,67,67,67,67,83,83,75,75,75,75,75,75,75,67,67,75,75,75,75,75,75,75,75,75,75,75,67,75,75,75,75,75,75,75,75,75,75,75,75,83,83,75,75,75,75,75,75,75,75,75,75,75
MYD17A2H.A2020289.h12v02.006.2020346044012.Gpp_500m,MYD17A2H,A2020289,Lat65.9255Lon-137.4220833Samp13Line13,2020346044012,Gpp_500m,0,0,0,0,0,0,0,0,0,0,0,0,0,0,0,0,0,0,0,0,0,0,0,0,0,0,0,0,0,0,0,0,0,0,0,0,0,0,0,0,0,0,0,0,0,0,0,0,0,0,0,0,0,0,0,0,0,0,0,0,0,0,0,0,0,0,0,0,0,0,0,0,0,0,0,0,0,0,0,0,0,0,0,0,0,0,0,0,0,0,0,0,0,0,0,0,0,0,0,0,0,0,0,0,0,0,0,0,0,0,0,0,0,0,0,0,0,0,0,0,0,0,0,0,0,0,0,0,0,0,0,0,0,0,0,0,0,0,0,0,0,0,0,0,0,0,0,0,0,0,0,0,0,0,0,0,0,0,0,0,0,0,0,0,0,0,0,0,0
MYD17A2H.A2020289.h12v02.006.2020346044012.PsnNet_500m,MYD17A2H,A2020289,Lat65.9255Lon-137.4220833Samp13Line13,2020346044012,PsnNet_500m,0,0,0,0,0,0,0,0,0,0,0,0,0,0,0,0,0,0,0,0,0,0,0,0,0,0,0,0,0,0,0,0,0,0,0,0,0,0,0,0,0,0,0,0,0,0,0,0,0,0,0,0,0,0,0,0,0,0,0,0,0,0,0,0,0,0,0,0,0,0,0,0,0,0,0,0,0,0,0,0,0,0,0,0,0,0,0,0,0,0,0,0,0,0,0,0,0,0,0,0,0,0,0,0,0,0,0,0,0,0,0,0,0,0,0,0,0,0,0,0,0,0,0,0,0,0,0,0,0,0,0,0,0,0,0,0,0,0,0,0,0,0,0,0,0,0,0,0,0,0,0,0,0,0,0,0,0,0,0,0,0,0,0,0,0,0,0,0,0
MYD17A2H.A2020289.h12v02.006.2020346044012.Psn_QC_500m,MYD17A2H,A2020289,Lat65.9255Lon-137.4220833Samp13Line13,2020346044012,Psn_QC_500m,75,75,67,75,75,75,75,67,67,75,67,67,67,75,75,75,75,75,75,75,75,75,75,67,67,67,75,75,67,75,75,75,75,75,75,67,67,67,67,75,75,75,75,75,75,75,75,75,67,67,67,67,75,75,75,83,83,75,67,75,67,67,67,67,67,75,75,75,75,67,75,67,67,67,67,67,67,67,67,75,75,67,67,67,67,67,67,67,67,67,67,67,67,67,67,67,75,75,75,67,67,67,67,67,67,67,67,67,67,67,67,67,67,67,67,67,67,67,67,67,67,67,67,67,67,67,67,67,67,67,67,67,67,67,67,67,67,67,67,67,67,67,67,67,67,67,67,67,67,67,67,67,67,67,67,67,67,67,67,67,67,67,67,67,67,67,67,67,67
MYD17A2H.A2020297.h12v02.006.2020346054207.Gpp_500m,MYD17A2H,A2020297,Lat65.9255Lon-137.4220833Samp13Line13,2020346054207,Gpp_500m,0,0,0,0,0,0,0,0,0,0,0,0,0,0,0,0,0,0,0,0,0,0,0,0,0,0,0,0,0,0,0,0,0,0,0,0,0,0,0,0,0,0,0,0,0,0,0,0,0,0,0,0,0,0,0,0,0,0,0,0,0,0,0,0,0,0,0,0,0,0,0,0,0,0,0,0,0,0,0,0,0,0,0,0,0,0,0,0,0,0,0,0,0,0,0,0,0,0,0,0,0,0,0,0,0,0,0,0,0,0,0,0,0,0,0,0,0,0,0,0,0,0,0,0,0,0,0,0,0,0,0,0,0,0,0,0,0,0,0,0,0,0,0,0,0,0,0,0,0,0,0,0,0,0,0,0,0,0,0,0,0,0,0,0,0,0,0,0,0
MYD17A2H.A2020297.h12v02.006.2020346054207.PsnNet_500m,MYD17A2H,A2020297,Lat65.9255Lon-137.4220833Samp13Line13,2020346054207,PsnNet_500m,0,0,0,0,0,0,0,0,0,0,0,0,0,0,0,0,0,0,0,0,0,0,0,0,0,0,0,0,0,0,0,0,0,0,0,0,0,0,0,0,0,0,0,0,0,0,0,0,0,0,0,0,0,0,0,0,0,0,0,0,0,0,0,0,0,0,0,0,0,0,0,0,0,0,0,0,0,0,0,0,0,0,0,0,0,0,0,0,0,0,0,0,0,0,0,0,0,0,0,0,0,0,0,0,0,0,0,0,0,0,0,0,0,0,0,0,0,0,0,0,0,0,0,0,0,0,0,0,0,0,0,0,0,0,0,0,0,0,0,0,0,0,0,0,0,0,0,0,0,0,0,0,0,0,0,0,0,0,0,0,0,0,0,0,0,0,0,0,0
MYD17A2H.A2020297.h12v02.006.2020346054207.Psn_QC_500m,MYD17A2H,A2020297,Lat65.9255Lon-137.4220833Samp13Line13,2020346054207,Psn_QC_500m,75,67,67,67,67,67,67,75,67,75,67,75,67,75,75,67,67,75,75,75,75,75,75,75,75,67,75,67,67,67,75,75,75,75,67,75,67,67,67,83,75,75,75,75,75,75,67,67,67,67,67,67,67,67,75,75,75,75,75,75,67,67,67,67,67,75,75,75,75,75,67,67,67,67,67,67,67,67,75,75,75,67,67,67,67,75,75,67,67,67,67,67,67,67,67,67,67,67,75,67,67,67,75,75,67,67,67,67,67,75,67,67,67,75,67,67,67,67,67,67,75,75,75,75,75,75,75,75,75,75,67,67,75,75,75,67,67,75,75,75,75,67,67,67,67,67,67,67,67,67,67,67,67,67,67,67,67,67,67,67,67,67,67,67,67,67,75,67,67
MYD17A2H.A2020305.h12v02.006.2020346064848.Gpp_500m,MYD17A2H,A2020305,Lat65.9255Lon-137.4220833Samp13Line13,2020346064848,Gpp_500m,0,0,0,0,0,0,0,0,0,0,0,0,0,0,0,0,0,0,0,0,0,0,0,0,0,0,0,0,0,0,0,0,0,0,0,0,0,0,0,0,0,0,0,0,0,0,0,0,0,0,0,0,0,0,0,0,0,0,0,0,0,0,0,0,0,0,0,0,0,0,0,0,0,0,0,0,0,0,0,0,0,0,0,0,0,0,0,0,0,0,0,0,0,0,0,0,0,0,0,0,0,0,0,0,0,0,0,0,0,0,0,0,0,0,0,0,0,0,0,0,0,0,0,0,0,0,0,0,0,0,0,0,0,0,0,0,0,0,0,0,0,0,0,0,0,0,0,0,0,0,0,0,0,0,0,0,0,0,0,0,0,0,0,0,0,0,0,0,0
MYD17A2H.A2020305.h12v02.006.2020346064848.PsnNet_500m,MYD17A2H,A2020305,Lat65.9255Lon-137.4220833Samp13Line13,2020346064848,PsnNet_500m,0,0,0,0,0,0,0,0,0,0,0,0,0,0,0,0,0,0,0,0,0,0,0,0,0,0,0,0,0,0,0,0,0,0,0,0,0,0,0,0,0,0,0,0,0,0,0,0,0,0,0,0,0,0,0,0,0,0,0,0,0,0,0,0,0,0,0,0,0,0,0,0,0,0,0,0,0,0,0,0,0,0,0,0,0,0,0,0,0,0,0,0,0,0,0,0,0,0,0,0,0,0,0,0,0,0,0,0,0,0,0,0,0,0,0,0,0,0,0,0,0,0,0,0,0,0,0,0,0,0,0,0,0,0,0,0,0,0,0,0,0,0,0,0,0,0,0,0,0,0,0,0,0,0,0,0,0,0,0,0,0,0,0,0,0,0,0,0,0
MYD17A2H.A2020305.h12v02.006.2020346064848.Psn_QC_500m,MYD17A2H,A2020305,Lat65.9255Lon-137.4220833Samp13Line13,2020346064848,Psn_QC_500m,67,67,67,75,67,67,75,75,75,75,75,75,75,67,67,75,75,75,75,75,75,75,75,67,67,75,67,67,75,75,75,75,75,75,75,75,75,67,75,67,67,75,75,75,75,75,75,75,75,75,67,67,75,75,75,75,75,75,75,67,67,67,67,67,67,75,75,75,75,75,75,67,67,67,75,75,67,75,75,75,75,67,67,67,75,75,67,67,75,75,75,67,67,67,67,67,67,67,67,67,67,75,75,67,67,67,67,67,67,67,75,75,67,67,67,67,67,67,67,67,67,67,67,67,67,67,67,67,75,67,75,75,67,67,67,67,67,67,67,75,75,67,67,67,67,67,67,67,67,67,67,67,67,67,67,75,67,67,67,67,67,67,67,67,67,67,75,75,67
MYD17A2H.A2020313.h12v02.006.2020346075416.Gpp_500m,MYD17A2H,A2020313,Lat65.9255Lon-137.4220833Samp13Line13,2020346075416,Gpp_500m,0,0,0,0,0,0,0,0,0,0,0,0,0,0,0,0,0,0,0,0,0,0,0,0,0,0,0,0,0,0,0,0,0,0,0,0,0,0,0,0,0,0,0,0,0,0,0,0,0,0,0,0,0,0,0,0,0,0,0,0,0,0,0,0,0,0,0,0,0,0,0,0,0,0,0,0,0,0,0,0,0,0,0,0,0,0,0,0,0,0,0,0,0,0,0,0,0,0,0,0,0,0,0,0,0,0,0,0,0,0,0,0,0,0,0,0,0,0,0,0,0,0,0,0,0,0,0,0,0,0,0,0,0,0,0,0,0,0,0,0,0,0,0,0,0,0,0,0,0,0,0,0,0,0,0,0,0,0,0,0,0,0,0,0,0,0,0,0,0
MYD17A2H.A2020313.h12v02.006.2020346075416.PsnNet_500m,MYD17A2H,A2020313,Lat65.9255Lon-137.4220833Samp13Line13,2020346075416,PsnNet_500m,0,0,0,0,0,0,0,0,0,0,0,0,0,0,0,0,0,0,0,0,0,0,0,0,0,0,0,0,0,0,0,0,0,0,0,0,0,0,0,0,0,0,0,0,0,0,0,0,0,0,0,0,0,0,0,0,0,0,0,0,0,0,0,0,0,0,0,0,0,0,0,0,0,0,0,0,0,0,0,0,0,0,0,0,0,0,0,0,0,0,0,0,0,0,0,0,0,0,0,0,0,0,0,0,0,0,0,0,0,0,0,0,0,0,0,0,0,0,0,0,0,0,0,0,0,0,0,0,0,0,0,0,0,0,0,0,0,0,0,0,0,0,0,0,0,0,0,0,0,0,0,0,0,0,0,0,0,0,0,0,0,0,0,0,0,0,0,0,0
MYD17A2H.A2020313.h12v02.006.2020346075416.Psn_QC_500m,MYD17A2H,A2020313,Lat65.9255Lon-137.4220833Samp13Line13,2020346075416,Psn_QC_500m,67,75,75,75,75,75,75,75,75,75,75,75,75,75,75,75,75,75,75,75,75,75,75,75,75,75,75,75,75,75,75,75,75,75,75,75,75,75,75,67,67,75,75,75,75,75,75,75,75,75,75,75,75,75,75,75,75,75,75,75,75,75,75,75,75,75,75,75,75,75,75,75,75,75,75,75,75,75,75,75,75,75,75,75,75,75,75,75,75,75,75,75,75,75,75,75,75,75,75,75,75,75,75,75,75,75,75,75,75,67,75,75,75,75,75,75,75,75,75,75,75,75,75,75,75,75,75,75,75,75,75,67,67,75,75,75,75,67,75,75,75,75,75,67,75,75,67,67,75,75,75,75,75,75,75,75,75,75,75,75,67,75,75,75,75,75,75,75,75
MYD17A2H.A2020321.h12v02.006.2020346090016.Gpp_500m,MYD17A2H,A2020321,Lat65.9255Lon-137.4220833Samp13Line13,2020346090016,Gpp_500m,0,0,0,0,0,0,0,0,0,0,0,0,0,0,0,0,0,0,0,0,0,0,0,0,0,0,0,0,0,0,0,0,0,0,0,0,0,0,0,0,0,0,0,0,0,0,0,0,0,0,0,0,0,0,0,0,0,0,0,0,0,0,0,0,0,0,0,0,0,0,0,0,0,0,0,0,0,0,0,0,0,0,0,0,0,0,0,0,0,0,0,0,0,0,0,0,0,0,0,0,0,0,0,0,0,0,0,0,0,0,0,0,0,0,0,0,0,0,0,0,0,0,0,0,0,0,0,0,0,0,0,0,0,0,0,0,0,0,0,0,0,0,0,0,0,0,0,0,0,0,0,0,0,0,0,0,0,0,0,0,0,0,0,0,0,0,0,0,0
MYD17A2H.A2020321.h12v02.006.2020346090016.PsnNet_500m,MYD17A2H,A2020321,Lat65.9255Lon-137.4220833Samp13Line13,2020346090016,PsnNet_500m,0,0,0,0,0,0,0,0,0,0,0,0,0,0,0,0,0,0,0,0,0,0,0,0,0,0,0,0,0,0,0,0,0,0,0,0,0,0,0,0,0,0,0,0,0,0,0,0,0,0,0,0,0,0,0,0,0,0,0,0,0,0,0,0,0,0,0,0,0,0,0,0,0,0,0,0,0,0,0,0,0,0,0,0,0,0,0,0,0,0,0,0,0,0,0,0,0,0,0,0,0,0,0,0,0,0,0,0,0,0,0,0,0,0,0,0,0,0,0,0,0,0,0,0,0,0,0,0,0,0,0,0,0,0,0,0,0,0,0,0,0,0,0,0,0,0,0,0,0,0,0,0,0,0,0,0,0,0,0,0,0,0,0,0,0,0,0,0,0
MYD17A2H.A2020321.h12v02.006.2020346090016.Psn_QC_500m,MYD17A2H,A2020321,Lat65.9255Lon-137.4220833Samp13Line13,2020346090016,Psn_QC_500m,75,67,67,83,67,67,75,75,75,75,75,75,75,67,67,67,75,75,75,75,75,75,75,75,75,75,75,75,75,75,75,75,75,75,75,75,75,83,75,67,75,75,75,75,75,75,75,75,75,75,75,75,75,75,75,75,75,75,75,75,75,75,75,75,75,75,75,75,75,75,75,75,75,75,75,75,83,75,75,75,75,75,75,83,83,83,83,83,75,83,83,75,75,67,67,83,67,67,67,67,83,83,75,83,67,67,67,67,67,67,67,83,67,83,83,83,75,67,83,83,67,67,67,67,83,83,67,75,75,75,67,67,67,67,67,67,67,67,75,75,83,83,83,67,67,67,67,67,67,67,83,83,83,83,83,83,67,67,67,67,67,67,67,67,75,75,83,83,75
MYD17A2H.A2020329.h12v02.006.2020346100335.Gpp_500m,MYD17A2H,A2020329,Lat65.9255Lon-137.4220833Samp13Line13,2020346100335,Gpp_500m,32767,32767,32767,32767,32767,32767,32767,32767,32767,32767,32767,32767,32767,32767,32767,32767,32767,32767,32767,32767,32767,32767,32767,32767,32767,32767,32767,32767,32767,32767,32767,32767,32767,32767,32767,32767,32767,32767,32767,32767,32767,32767,32767,32767,32767,32767,32767,32767,32767,32767,32767,32767,32767,32767,32767,32767,32767,32767,32767,32767,32767,32767,32767,32767,32767,32767,32767,32767,32767,32767,32767,32767,32767,32767,32767,32767,32767,32767,32767,32767,32767,32767,32767,32767,32767,32767,32767,32767,32767,32767,32767,32767,32767,32767,32767,32767,32767,32767,32767,32767,32767,32767,32767,32767,32767,32767,32767,32767,32767,32767,32767,32767,32767,32767,32767,32767,32767,32767,32767,32767,32767,32767,32767,32767,32767,32767,32767,32767,32767,32767,32767,32767,32767,32767,32767,32767,32767,32767,32767,32767,32767,32767,32767,32767,32767,32767,32767,32767,32767,32767,32767,32767,32767,32767,32767,32767,32767,32767,32767,32767,32767,32767,32767,32767,32767,32767,32767,32767,32767
MYD17A2H.A2020329.h12v02.006.2020346100335.PsnNet_500m,MYD17A2H,A2020329,Lat65.9255Lon-137.4220833Samp13Line13,2020346100335,PsnNet_500m,32767,32767,32767,32767,32767,32767,32767,32767,32767,32767,32767,32767,32767,32767,32767,32767,32767,32767,32767,32767,32767,32767,32767,32767,32767,32767,32767,32767,32767,32767,32767,32767,32767,32767,32767,32767,32767,32767,32767,32767,32767,32767,32767,32767,32767,32767,32767,32767,32767,32767,32767,32767,32767,32767,32767,32767,32767,32767,32767,32767,32767,32767,32767,32767,32767,32767,32767,32767,32767,32767,32767,32767,32767,32767,32767,32767,32767,32767,32767,32767,32767,32767,32767,32767,32767,32767,32767,32767,32767,32767,32767,32767,32767,32767,32767,32767,32767,32767,32767,32767,32767,32767,32767,32767,32767,32767,32767,32767,32767,32767,32767,32767,32767,32767,32767,32767,32767,32767,32767,32767,32767,32767,32767,32767,32767,32767,32767,32767,32767,32767,32767,32767,32767,32767,32767,32767,32767,32767,32767,32767,32767,32767,32767,32767,32767,32767,32767,32767,32767,32767,32767,32767,32767,32767,32767,32767,32767,32767,32767,32767,32767,32767,32767,32767,32767,32767,32767,32767,32767
MYD17A2H.A2020329.h12v02.006.2020346100335.Psn_QC_500m,MYD17A2H,A2020329,Lat65.9255Lon-137.4220833Samp13Line13,2020346100335,Psn_QC_500m,255,255,255,255,255,255,255,255,255,255,255,255,255,255,255,255,255,255,255,255,255,255,255,255,255,255,255,255,255,255,255,255,255,255,255,255,255,255,255,255,255,255,255,255,255,255,255,255,255,255,255,255,255,255,255,255,255,255,255,255,255,255,255,255,255,255,255,255,255,255,255,255,255,255,255,255,255,255,255,255,255,255,255,255,255,255,255,255,255,255,255,255,255,255,255,255,255,255,255,255,255,255,255,255,255,255,255,255,255,255,255,255,255,255,255,255,255,255,255,255,255,255,255,255,255,255,255,255,255,255,255,255,255,255,255,255,255,255,255,255,255,255,255,255,255,255,255,255,255,255,255,255,255,255,255,255,255,255,255,255,255,255,255,255,255,255,255,255,255
MYD17A2H.A2020337.h12v02.006.2020347094505.Gpp_500m,MYD17A2H,A2020337,Lat65.9255Lon-137.4220833Samp13Line13,2020347094505,Gpp_500m,32767,32767,32767,32767,32767,32767,32767,32767,32767,32767,32767,32767,32767,32767,32767,32767,32767,32767,32767,32767,32767,32767,32767,32767,32767,32767,32767,32767,32767,32767,32767,32767,32767,32767,32767,32767,32767,32767,32767,32767,32767,32767,32767,32767,32767,32767,32767,32767,32767,32767,32767,32767,32767,32767,32767,32767,32767,32767,32767,32767,32767,32767,32767,32767,32767,32767,32767,32767,32767,32767,32767,32767,32767,32767,32767,32767,32767,32767,32767,32767,32767,32767,32767,32767,32767,32767,32767,32767,32767,32767,32767,32767,32767,32767,32767,32767,32767,32767,32767,32767,32767,32767,32767,32767,32767,32767,32767,32767,32767,32767,32767,32767,32767,32767,32767,32767,32767,32767,32767,32767,32767,32767,32767,32767,32767,32767,32767,32767,32767,32767,32767,32767,32767,32767,32767,32767,32767,32767,32767,32767,32767,32767,32767,32767,32767,32767,32767,32767,32767,32767,32767,32767,32767,32767,32767,32767,32767,32767,32767,32767,32767,32767,32767,32767,32767,32767,32767,32767,32767
MYD17A2H.A2020337.h12v02.006.2020347094505.PsnNet_500m,MYD17A2H,A2020337,Lat65.9255Lon-137.4220833Samp13Line13,2020347094505,PsnNet_500m,32767,32767,32767,32767,32767,32767,32767,32767,32767,32767,32767,32767,32767,32767,32767,32767,32767,32767,32767,32767,32767,32767,32767,32767,32767,32767,32767,32767,32767,32767,32767,32767,32767,32767,32767,32767,32767,32767,32767,32767,32767,32767,32767,32767,32767,32767,32767,32767,32767,32767,32767,32767,32767,32767,32767,32767,32767,32767,32767,32767,32767,32767,32767,32767,32767,32767,32767,32767,32767,32767,32767,32767,32767,32767,32767,32767,32767,32767,32767,32767,32767,32767,32767,32767,32767,32767,32767,32767,32767,32767,32767,32767,32767,32767,32767,32767,32767,32767,32767,32767,32767,32767,32767,32767,32767,32767,32767,32767,32767,32767,32767,32767,32767,32767,32767,32767,32767,32767,32767,32767,32767,32767,32767,32767,32767,32767,32767,32767,32767,32767,32767,32767,32767,32767,32767,32767,32767,32767,32767,32767,32767,32767,32767,32767,32767,32767,32767,32767,32767,32767,32767,32767,32767,32767,32767,32767,32767,32767,32767,32767,32767,32767,32767,32767,32767,32767,32767,32767,32767
MYD17A2H.A2020337.h12v02.006.2020347094505.Psn_QC_500m,MYD17A2H,A2020337,Lat65.9255Lon-137.4220833Samp13Line13,2020347094505,Psn_QC_500m,255,255,255,255,255,255,255,255,255,255,255,255,255,255,255,255,255,255,255,255,255,255,255,255,255,255,255,255,255,255,255,255,255,255,255,255,255,255,255,255,255,255,255,255,255,255,255,255,255,255,255,255,255,255,255,255,255,255,255,255,255,255,255,255,255,255,255,255,255,255,255,255,255,255,255,255,255,255,255,255,255,255,255,255,255,255,255,255,255,255,255,255,255,255,255,255,255,255,255,255,255,255,255,255,255,255,255,255,255,255,255,255,255,255,255,255,255,255,255,255,255,255,255,255,255,255,255,255,255,255,255,255,255,255,255,255,255,255,255,255,255,255,255,255,255,255,255,255,255,255,255,255,255,255,255,255,255,255,255,255,255,255,255,255,255,255,255,255,255
MYD17A2H.A2020345.h12v02.006.2020357233658.Gpp_500m,MYD17A2H,A2020345,Lat65.9255Lon-137.4220833Samp13Line13,2020357233658,Gpp_500m,32767,32767,32767,32767,32767,32767,32767,32767,32767,32767,32767,32767,32767,32767,32767,32767,32767,32767,32767,32767,32767,32767,32767,32767,32767,32767,32767,32767,32767,32767,32767,32767,32767,32767,32767,32767,32767,32767,32767,32767,32767,32767,32767,32767,32767,32767,32767,32767,32767,32767,32767,32767,32767,32767,32767,32767,32767,32767,32767,32767,32767,32767,32767,32767,32767,32767,32767,32767,32767,32767,32767,32767,32767,32767,32767,32767,32767,32767,32767,32767,32767,32767,32767,32767,32767,32767,32767,32767,32767,32767,32767,32767,32767,32767,32767,32767,32767,32767,32767,32767,32767,32767,32767,32767,32767,32767,32767,32767,32767,32767,32767,32767,32767,32767,32767,32767,32767,32767,32767,32767,32767,32767,32767,32767,32767,32767,32767,32767,32767,32767,32767,32767,32767,32767,32767,32767,32767,32767,32767,32767,32767,32767,32767,32767,32767,32767,32767,32767,32767,32767,32767,32767,32767,32767,32767,32767,32767,32767,32767,32767,32767,32767,32767,32767,32767,32767,32767,32767,32767
MYD17A2H.A2020345.h12v02.006.2020357233658.PsnNet_500m,MYD17A2H,A2020345,Lat65.9255Lon-137.4220833Samp13Line13,2020357233658,PsnNet_500m,32767,32767,32767,32767,32767,32767,32767,32767,32767,32767,32767,32767,32767,32767,32767,32767,32767,32767,32767,32767,32767,32767,32767,32767,32767,32767,32767,32767,32767,32767,32767,32767,32767,32767,32767,32767,32767,32767,32767,32767,32767,32767,32767,32767,32767,32767,32767,32767,32767,32767,32767,32767,32767,32767,32767,32767,32767,32767,32767,32767,32767,32767,32767,32767,32767,32767,32767,32767,32767,32767,32767,32767,32767,32767,32767,32767,32767,32767,32767,32767,32767,32767,32767,32767,32767,32767,32767,32767,32767,32767,32767,32767,32767,32767,32767,32767,32767,32767,32767,32767,32767,32767,32767,32767,32767,32767,32767,32767,32767,32767,32767,32767,32767,32767,32767,32767,32767,32767,32767,32767,32767,32767,32767,32767,32767,32767,32767,32767,32767,32767,32767,32767,32767,32767,32767,32767,32767,32767,32767,32767,32767,32767,32767,32767,32767,32767,32767,32767,32767,32767,32767,32767,32767,32767,32767,32767,32767,32767,32767,32767,32767,32767,32767,32767,32767,32767,32767,32767,32767
MYD17A2H.A2020345.h12v02.006.2020357233658.Psn_QC_500m,MYD17A2H,A2020345,Lat65.9255Lon-137.4220833Samp13Line13,2020357233658,Psn_QC_500m,255,255,255,255,255,255,255,255,255,255,255,255,255,255,255,255,255,255,255,255,255,255,255,255,255,255,255,255,255,255,255,255,255,255,255,255,255,255,255,255,255,255,255,255,255,255,255,255,255,255,255,255,255,255,255,255,255,255,255,255,255,255,255,255,255,255,255,255,255,255,255,255,255,255,255,255,255,255,255,255,255,255,255,255,255,255,255,255,255,255,255,255,255,255,255,255,255,255,255,255,255,255,255,255,255,255,255,255,255,255,255,255,255,255,255,255,255,255,255,255,255,255,255,255,255,255,255,255,255,255,255,255,255,255,255,255,255,255,255,255,255,255,255,255,255,255,255,255,255,255,255,255,255,255,255,255,255,255,255,255,255,255,255,255,255,255,255,255,255
MYD17A2H.A2020353.h12v02.006.2020365052421.Gpp_500m,MYD17A2H,A2020353,Lat65.9255Lon-137.4220833Samp13Line13,2020365052421,Gpp_500m,32767,32767,32767,32767,32767,32767,32767,32767,32767,32767,32767,32767,32767,32767,32767,32767,32767,32767,32767,32767,32767,32767,32767,32767,32767,32767,32767,32767,32767,32767,32767,32767,32767,32767,32767,32767,32767,32767,32767,32767,32767,32767,32767,32767,32767,32767,32767,32767,32767,32767,32767,32767,32767,32767,32767,32767,32767,32767,32767,32767,32767,32767,32767,32767,32767,32767,32767,32767,32767,32767,32767,32767,32767,32767,32767,32767,32767,32767,32767,32767,32767,32767,32767,32767,32767,32767,32767,32767,32767,32767,32767,32767,32767,32767,32767,32767,32767,32767,32767,32767,32767,32767,32767,32767,32767,32767,32767,32767,32767,32767,32767,32767,32767,32767,32767,32767,32767,32767,32767,32767,32767,32767,32767,32767,32767,32767,32767,32767,32767,32767,32767,32767,32767,32767,32767,32767,32767,32767,32767,32767,32767,32767,32767,32767,32767,32767,32767,32767,32767,32767,32767,32767,32767,32767,32767,32767,32767,32767,32767,32767,32767,32767,32767,32767,32767,32767,32767,32767,32767
MYD17A2H.A2020353.h12v02.006.2020365052421.PsnNet_500m,MYD17A2H,A2020353,Lat65.9255Lon-137.4220833Samp13Line13,2020365052421,PsnNet_500m,32767,32767,32767,32767,32767,32767,32767,32767,32767,32767,32767,32767,32767,32767,32767,32767,32767,32767,32767,32767,32767,32767,32767,32767,32767,32767,32767,32767,32767,32767,32767,32767,32767,32767,32767,32767,32767,32767,32767,32767,32767,32767,32767,32767,32767,32767,32767,32767,32767,32767,32767,32767,32767,32767,32767,32767,32767,32767,32767,32767,32767,32767,32767,32767,32767,32767,32767,32767,32767,32767,32767,32767,32767,32767,32767,32767,32767,32767,32767,32767,32767,32767,32767,32767,32767,32767,32767,32767,32767,32767,32767,32767,32767,32767,32767,32767,32767,32767,32767,32767,32767,32767,32767,32767,32767,32767,32767,32767,32767,32767,32767,32767,32767,32767,32767,32767,32767,32767,32767,32767,32767,32767,32767,32767,32767,32767,32767,32767,32767,32767,32767,32767,32767,32767,32767,32767,32767,32767,32767,32767,32767,32767,32767,32767,32767,32767,32767,32767,32767,32767,32767,32767,32767,32767,32767,32767,32767,32767,32767,32767,32767,32767,32767,32767,32767,32767,32767,32767,32767
MYD17A2H.A2020353.h12v02.006.2020365052421.Psn_QC_500m,MYD17A2H,A2020353,Lat65.9255Lon-137.4220833Samp13Line13,2020365052421,Psn_QC_500m,255,255,255,255,255,255,255,255,255,255,255,255,255,255,255,255,255,255,255,255,255,255,255,255,255,255,255,255,255,255,255,255,255,255,255,255,255,255,255,255,255,255,255,255,255,255,255,255,255,255,255,255,255,255,255,255,255,255,255,255,255,255,255,255,255,255,255,255,255,255,255,255,255,255,255,255,255,255,255,255,255,255,255,255,255,255,255,255,255,255,255,255,255,255,255,255,255,255,255,255,255,255,255,255,255,255,255,255,255,255,255,255,255,255,255,255,255,255,255,255,255,255,255,255,255,255,255,255,255,255,255,255,255,255,255,255,255,255,255,255,255,255,255,255,255,255,255,255,255,255,255,255,255,255,255,255,255,255,255,255,255,255,255,255,255,255,255,255,255
MYD17A2H.A2020361.h12v02.006.2021004041601.Gpp_500m,MYD17A2H,A2020361,Lat65.9255Lon-137.4220833Samp13Line13,2021004041601,Gpp_500m,32767,32767,32767,32767,32767,32767,32767,32767,32767,32767,32767,32767,32767,32767,32767,32767,32767,32767,32767,32767,32767,32767,32767,32767,32767,32767,32767,32767,32767,32767,32767,32767,32767,32767,32767,32767,32767,32767,32767,32767,32767,32767,32767,32767,32767,32767,32767,32767,32767,32767,32767,32767,32767,32767,32767,32767,32767,32767,32767,32767,32767,32767,32767,32767,32767,32767,32767,32767,32767,32767,32767,32767,32767,32767,32767,32767,32767,32767,32767,32767,32767,32767,32767,32767,32767,32767,32767,32767,32767,32767,32767,32767,32767,32767,32767,32767,32767,32767,32767,32767,32767,32767,32767,32767,32767,32767,32767,32767,32767,32767,32767,32767,32767,32767,32767,32767,32767,32767,32767,32767,32767,32767,32767,32767,32767,32767,32767,32767,32767,32767,32767,32767,32767,32767,32767,32767,32767,32767,32767,32767,32767,32767,32767,32767,32767,32767,32767,32767,32767,32767,32767,32767,32767,32767,32767,32767,32767,32767,32767,32767,32767,32767,32767,32767,32767,32767,32767,32767,32767
MYD17A2H.A2020361.h12v02.006.2021004041601.PsnNet_500m,MYD17A2H,A2020361,Lat65.9255Lon-137.4220833Samp13Line13,2021004041601,PsnNet_500m,32767,32767,32767,32767,32767,32767,32767,32767,32767,32767,32767,32767,32767,32767,32767,32767,32767,32767,32767,32767,32767,32767,32767,32767,32767,32767,32767,32767,32767,32767,32767,32767,32767,32767,32767,32767,32767,32767,32767,32767,32767,32767,32767,32767,32767,32767,32767,32767,32767,32767,32767,32767,32767,32767,32767,32767,32767,32767,32767,32767,32767,32767,32767,32767,32767,32767,32767,32767,32767,32767,32767,32767,32767,32767,32767,32767,32767,32767,32767,32767,32767,32767,32767,32767,32767,32767,32767,32767,32767,32767,32767,32767,32767,32767,32767,32767,32767,32767,32767,32767,32767,32767,32767,32767,32767,32767,32767,32767,32767,32767,32767,32767,32767,32767,32767,32767,32767,32767,32767,32767,32767,32767,32767,32767,32767,32767,32767,32767,32767,32767,32767,32767,32767,32767,32767,32767,32767,32767,32767,32767,32767,32767,32767,32767,32767,32767,32767,32767,32767,32767,32767,32767,32767,32767,32767,32767,32767,32767,32767,32767,32767,32767,32767,32767,32767,32767,32767,32767,32767
MYD17A2H.A2020361.h12v02.006.2021004041601.Psn_QC_500m,MYD17A2H,A2020361,Lat65.9255Lon-137.4220833Samp13Line13,2021004041601,Psn_QC_500m,255,255,255,255,255,255,255,255,255,255,255,255,255,255,255,255,255,255,255,255,255,255,255,255,255,255,255,255,255,255,255,255,255,255,255,255,255,255,255,255,255,255,255,255,255,255,255,255,255,255,255,255,255,255,255,255,255,255,255,255,255,255,255,255,255,255,255,255,255,255,255,255,255,255,255,255,255,255,255,255,255,255,255,255,255,255,255,255,255,255,255,255,255,255,255,255,255,255,255,255,255,255,255,255,255,255,255,255,255,255,255,255,255,255,255,255,255,255,255,255,255,255,255,255,255,255,255,255,255,255,255,255,255,255,255,255,255,255,255,255,255,255,255,255,255,255,255,255,255,255,255,255,255,255,255,255,255,255,255,255,255,255,255,255,255,255,255,255,255
MYD17A2H.A2021001.h12v02.006.2021010044213.Gpp_500m,MYD17A2H,A2021001,Lat65.9255Lon-137.4220833Samp13Line13,2021010044213,Gpp_500m,32767,32767,32767,32767,32767,32767,32767,32767,32767,32767,32767,32767,32767,32767,32767,32767,32767,32767,32767,32767,32767,32767,32767,32767,32767,32767,32767,32767,32767,32767,32767,32767,32767,32767,32767,32767,32767,32767,32767,32767,32767,32767,32767,32767,32767,32767,32767,32767,32767,32767,32767,32767,32767,32767,32767,32767,32767,32767,32767,32767,32767,32767,32767,32767,32767,32767,32767,32767,32767,32767,32767,32767,32767,32767,32767,32767,32767,32767,32767,32767,32767,32767,32767,32767,32767,32767,32767,32767,32767,32767,32767,32767,32767,32767,32767,32767,32767,32767,32767,32767,32767,32767,32767,32767,32767,32767,32767,32767,32767,32767,32767,32767,32767,32767,32767,32767,32767,32767,32767,32767,32767,32767,32767,32767,32767,32767,32767,32767,32767,32767,32767,32767,32767,32767,32767,32767,32767,32767,32767,32767,32767,32767,32767,32767,32767,32767,32767,32767,32767,32767,32767,32767,32767,32767,32767,32767,32767,32767,32767,32767,32767,32767,32767,32767,32767,32767,32767,32767,32767
MYD17A2H.A2021001.h12v02.006.2021010044213.PsnNet_500m,MYD17A2H,A2021001,Lat65.9255Lon-137.4220833Samp13Line13,2021010044213,PsnNet_500m,32767,32767,32767,32767,32767,32767,32767,32767,32767,32767,32767,32767,32767,32767,32767,32767,32767,32767,32767,32767,32767,32767,32767,32767,32767,32767,32767,32767,32767,32767,32767,32767,32767,32767,32767,32767,32767,32767,32767,32767,32767,32767,32767,32767,32767,32767,32767,32767,32767,32767,32767,32767,32767,32767,32767,32767,32767,32767,32767,32767,32767,32767,32767,32767,32767,32767,32767,32767,32767,32767,32767,32767,32767,32767,32767,32767,32767,32767,32767,32767,32767,32767,32767,32767,32767,32767,32767,32767,32767,32767,32767,32767,32767,32767,32767,32767,32767,32767,32767,32767,32767,32767,32767,32767,32767,32767,32767,32767,32767,32767,32767,32767,32767,32767,32767,32767,32767,32767,32767,32767,32767,32767,32767,32767,32767,32767,32767,32767,32767,32767,32767,32767,32767,32767,32767,32767,32767,32767,32767,32767,32767,32767,32767,32767,32767,32767,32767,32767,32767,32767,32767,32767,32767,32767,32767,32767,32767,32767,32767,32767,32767,32767,32767,32767,32767,32767,32767,32767,32767
MYD17A2H.A2021001.h12v02.006.2021010044213.Psn_QC_500m,MYD17A2H,A2021001,Lat65.9255Lon-137.4220833Samp13Line13,2021010044213,Psn_QC_500m,255,255,255,255,255,255,255,255,255,255,255,255,255,255,255,255,255,255,255,255,255,255,255,255,255,255,255,255,255,255,255,255,255,255,255,255,255,255,255,255,255,255,255,255,255,255,255,255,255,255,255,255,255,255,255,255,255,255,255,255,255,255,255,255,255,255,255,255,255,255,255,255,255,255,255,255,255,255,255,255,255,255,255,255,255,255,255,255,255,255,255,255,255,255,255,255,255,255,255,255,255,255,255,255,255,255,255,255,255,255,255,255,255,255,255,255,255,255,255,255,255,255,255,255,255,255,255,255,255,255,255,255,255,255,255,255,255,255,255,255,255,255,255,255,255,255,255,255,255,255,255,255,255,255,255,255,255,255,255,255,255,255,255,255,255,255,255,255,255
MYD17A2H.A2021009.h12v02.006.2021018044640.Gpp_500m,MYD17A2H,A2021009,Lat65.9255Lon-137.4220833Samp13Line13,2021018044640,Gpp_500m,32767,32767,32767,32767,32767,32767,32767,32767,32767,32767,32767,32767,32767,32767,32767,32767,32767,32767,32767,32767,32767,32767,32767,32767,32767,32767,32767,32767,32767,32767,32767,32767,32767,32767,32767,32767,32767,32767,32767,32767,32767,32767,32767,32767,32767,32767,32767,32767,32767,32767,32767,32767,32767,32767,32767,32767,32767,32767,32767,32767,32767,32767,32767,32767,32767,32767,32767,32767,32767,32767,32767,32767,32767,32767,32767,32767,32767,32767,32767,32767,32767,32767,32767,32767,32767,32767,32767,32767,32767,32767,32767,32767,32767,32767,32767,32767,32767,32767,32767,32767,32767,32767,32767,32767,32767,32767,32767,32767,32767,32767,32767,32767,32767,32767,32767,32767,32767,32767,32767,32767,32767,32767,32767,32767,32767,32767,32767,32767,32767,32767,32767,32767,32767,32767,32767,32767,32767,32767,32767,32767,32767,32767,32767,32767,32767,32767,32767,32767,32767,32767,32767,32767,32767,32767,32767,32767,32767,32767,32767,32767,32767,32767,32767,32767,32767,32767,32767,32767,32767
MYD17A2H.A2021009.h12v02.006.2021018044640.PsnNet_500m,MYD17A2H,A2021009,Lat65.9255Lon-137.4220833Samp13Line13,2021018044640,PsnNet_500m,32767,32767,32767,32767,32767,32767,32767,32767,32767,32767,32767,32767,32767,32767,32767,32767,32767,32767,32767,32767,32767,32767,32767,32767,32767,32767,32767,32767,32767,32767,32767,32767,32767,32767,32767,32767,32767,32767,32767,32767,32767,32767,32767,32767,32767,32767,32767,32767,32767,32767,32767,32767,32767,32767,32767,32767,32767,32767,32767,32767,32767,32767,32767,32767,32767,32767,32767,32767,32767,32767,32767,32767,32767,32767,32767,32767,32767,32767,32767,32767,32767,32767,32767,32767,32767,32767,32767,32767,32767,32767,32767,32767,32767,32767,32767,32767,32767,32767,32767,32767,32767,32767,32767,32767,32767,32767,32767,32767,32767,32767,32767,32767,32767,32767,32767,32767,32767,32767,32767,32767,32767,32767,32767,32767,32767,32767,32767,32767,32767,32767,32767,32767,32767,32767,32767,32767,32767,32767,32767,32767,32767,32767,32767,32767,32767,32767,32767,32767,32767,32767,32767,32767,32767,32767,32767,32767,32767,32767,32767,32767,32767,32767,32767,32767,32767,32767,32767,32767,32767
MYD17A2H.A2021009.h12v02.006.2021018044640.Psn_QC_500m,MYD17A2H,A2021009,Lat65.9255Lon-137.4220833Samp13Line13,2021018044640,Psn_QC_500m,255,255,255,255,255,255,255,255,255,255,255,255,255,255,255,255,255,255,255,255,255,255,255,255,255,255,255,255,255,255,255,255,255,255,255,255,255,255,255,255,255,255,255,255,255,255,255,255,255,255,255,255,255,255,255,255,255,255,255,255,255,255,255,255,255,255,255,255,255,255,255,255,255,255,255,255,255,255,255,255,255,255,255,255,255,255,255,255,255,255,255,255,255,255,255,255,255,255,255,255,255,255,255,255,255,255,255,255,255,255,255,255,255,255,255,255,255,255,255,255,255,255,255,255,255,255,255,255,255,255,255,255,255,255,255,255,255,255,255,255,255,255,255,255,255,255,255,255,255,255,255,255,255,255,255,255,255,255,255,255,255,255,255,255,255,255,255,255,255
MYD17A2H.A2021017.h12v02.006.2021026231459.Gpp_500m,MYD17A2H,A2021017,Lat65.9255Lon-137.4220833Samp13Line13,2021026231459,Gpp_500m,0,0,0,0,0,0,0,0,0,0,0,0,0,0,0,0,0,0,0,0,0,0,0,0,0,0,0,0,0,0,0,0,0,0,0,0,0,0,0,0,0,0,0,0,0,0,0,0,0,0,0,0,0,0,0,0,0,0,0,0,0,0,0,0,0,0,0,0,0,0,0,0,0,0,0,0,0,0,0,0,0,0,0,0,0,0,0,0,0,0,0,0,0,0,0,0,0,0,0,0,0,0,0,0,0,0,0,0,0,0,0,0,0,0,0,0,0,0,0,0,0,0,0,0,0,0,0,0,0,0,0,0,0,0,0,0,0,0,0,0,0,0,0,0,0,0,0,0,0,0,0,0,0,0,0,0,0,0,0,0,0,0,0,0,0,0,0,0,0
MYD17A2H.A2021017.h12v02.006.2021026231459.PsnNet_500m,MYD17A2H,A2021017,Lat65.9255Lon-137.4220833Samp13Line13,2021026231459,PsnNet_500m,0,0,0,0,0,0,0,0,0,0,0,0,0,0,0,0,0,0,0,0,0,0,0,0,0,0,0,0,0,0,0,0,0,0,0,0,0,0,0,0,0,0,0,0,0,0,0,0,0,0,0,0,0,0,0,0,0,0,0,0,0,0,0,0,0,0,0,0,0,0,0,0,0,0,0,0,0,0,0,0,0,0,0,0,0,0,0,0,0,0,0,0,0,0,0,0,0,0,0,0,0,0,0,0,0,0,0,0,0,0,0,0,0,0,0,0,0,0,0,0,0,0,0,0,0,0,0,0,0,0,0,0,0,0,0,0,0,0,0,0,0,0,0,0,0,0,0,0,0,0,0,0,0,0,0,0,0,0,0,0,0,0,0,0,0,0,0,0,0
MYD17A2H.A2021017.h12v02.006.2021026231459.Psn_QC_500m,MYD17A2H,A2021017,Lat65.9255Lon-137.4220833Samp13Line13,2021026231459,Psn_QC_500m,67,67,67,67,67,67,67,67,67,67,67,67,67,67,67,67,67,67,67,67,67,67,67,67,67,67,67,67,67,67,83,83,67,67,67,67,67,67,83,67,67,83,83,83,83,83,67,67,83,67,83,67,67,67,67,67,67,83,67,83,67,67,67,67,67,67,67,67,83,67,67,67,67,67,67,67,67,67,67,83,83,67,67,67,67,67,67,67,67,67,67,67,67,67,67,67,67,67,67,67,67,67,67,67,67,67,67,67,67,67,67,83,83,67,67,67,67,67,67,67,67,67,67,67,67,67,67,67,67,67,67,67,67,67,67,67,67,67,67,67,67,67,67,67,67,67,67,67,67,67,67,67,67,67,67,67,67,67,67,67,67,67,67,67,67,67,67,67,67
MYD17A2H.A2021025.h12v02.006.2021036183539.Gpp_500m,MYD17A2H,A2021025,Lat65.9255Lon-137.4220833Samp13Line13,2021036183539,Gpp_500m,0,0,0,0,0,0,0,0,0,0,0,0,0,0,0,0,0,0,0,0,0,0,0,0,0,0,0,0,0,0,0,0,0,0,0,0,0,0,0,0,0,0,0,0,0,0,0,0,0,0,0,0,0,0,0,0,0,0,0,0,0,0,0,0,0,0,0,0,0,0,0,0,0,0,0,0,0,0,0,0,0,0,0,0,0,0,0,0,0,0,0,0,0,0,0,0,0,0,0,0,0,0,0,0,0,0,0,0,0,0,0,0,0,0,0,0,0,0,0,0,0,0,0,0,0,0,0,0,0,0,0,0,0,0,0,0,0,0,0,0,0,0,0,0,0,0,0,0,0,0,0,0,0,0,0,0,0,0,0,0,0,0,0,0,0,0,0,0,0
MYD17A2H.A2021025.h12v02.006.2021036183539.PsnNet_500m,MYD17A2H,A2021025,Lat65.9255Lon-137.4220833Samp13Line13,2021036183539,PsnNet_500m,0,0,0,0,0,0,0,0,0,0,0,0,0,0,0,0,0,0,0,0,0,0,0,0,0,0,0,0,0,0,0,0,0,0,0,0,0,0,0,0,0,0,0,0,0,0,0,0,0,0,0,0,0,0,0,0,0,0,0,0,0,0,0,0,0,0,0,0,0,0,0,0,0,0,0,0,0,0,0,0,0,0,0,0,0,0,0,0,0,0,0,0,0,0,0,0,0,0,0,0,0,0,0,0,0,0,0,0,0,0,0,0,0,0,0,0,0,0,0,0,0,0,0,0,0,0,0,0,0,0,0,0,0,0,0,0,0,0,0,0,0,0,0,0,0,0,0,0,0,0,0,0,0,0,0,0,0,0,0,0,0,0,0,0,0,0,0,0,0
MYD17A2H.A2021025.h12v02.006.2021036183539.Psn_QC_500m,MYD17A2H,A2021025,Lat65.9255Lon-137.4220833Samp13Line13,2021036183539,Psn_QC_500m,75,67,75,75,75,75,75,75,75,75,75,75,75,75,75,75,75,75,75,75,75,75,75,75,75,75,67,75,75,75,75,75,75,75,75,75,75,75,75,67,75,75,75,75,75,75,75,75,75,75,75,75,75,75,75,75,75,75,75,75,75,75,75,75,75,75,75,75,75,75,75,75,75,75,75,75,75,75,75,75,75,75,75,75,75,75,75,75,75,75,75,75,75,75,75,75,75,75,75,75,75,75,75,75,67,67,75,75,75,75,75,75,75,75,75,75,75,75,75,75,75,75,75,75,75,75,75,75,75,75,75,75,67,67,75,75,75,67,75,75,75,75,75,67,75,75,75,75,75,75,67,75,75,75,75,75,75,67,67,67,67,67,67,75,75,75,75,75,75
MYD17A2H.A2021033.h12v02.006.2021042061654.Gpp_500m,MYD17A2H,A2021033,Lat65.9255Lon-137.4220833Samp13Line13,2021042061654,Gpp_500m,0,0,0,0,0,0,0,0,0,0,0,0,0,0,0,0,0,0,0,0,0,0,0,0,0,0,0,0,0,0,0,0,0,0,0,0,0,0,0,0,0,0,0,0,0,0,0,0,0,0,0,0,0,0,0,0,0,0,0,0,0,0,0,0,0,0,0,0,0,0,0,0,0,0,0,0,0,0,0,0,0,0,0,0,0,0,0,0,0,0,0,0,0,0,0,0,0,0,0,0,0,0,0,0,0,0,0,0,0,0,0,0,0,0,0,0,0,0,0,0,0,0,0,0,0,0,0,0,0,0,0,0,0,0,0,0,0,0,0,0,0,0,0,0,0,0,0,0,0,0,0,0,0,0,0,0,0,0,0,0,0,0,0,0,0,0,0,0,0
MYD17A2H.A2021033.h12v02.006.2021042061654.PsnNet_500m,MYD17A2H,A2021033,Lat65.9255Lon-137.4220833Samp13Line13,2021042061654,PsnNet_500m,0,0,0,0,0,0,0,0,0,0,0,0,0,0,0,0,0,0,0,0,0,0,0,0,0,0,0,0,0,0,0,0,0,0,0,0,0,0,0,0,0,0,0,0,0,0,0,0,0,0,0,0,0,0,0,0,0,0,0,0,0,0,0,0,0,0,0,0,0,0,0,0,0,0,0,0,0,0,0,0,0,0,0,0,0,0,0,0,0,0,0,0,0,0,0,0,0,0,0,0,0,0,0,0,0,0,0,0,0,0,0,0,0,0,0,0,0,0,0,0,0,0,0,0,0,0,0,0,0,0,0,0,0,0,0,0,0,0,0,0,0,0,0,0,0,0,0,0,0,0,0,0,0,0,0,0,0,0,0,0,0,0,0,0,0,0,0,0,0
MYD17A2H.A2021033.h12v02.006.2021042061654.Psn_QC_500m,MYD17A2H,A2021033,Lat65.9255Lon-137.4220833Samp13Line13,2021042061654,Psn_QC_500m,75,67,75,75,75,75,75,75,75,75,75,75,75,75,75,75,75,75,75,75,75,75,75,75,75,75,75,67,67,75,75,75,75,75,75,75,75,75,75,67,75,75,75,75,75,75,75,75,75,75,75,75,67,75,75,75,75,75,75,75,75,83,75,75,75,75,75,75,75,75,75,67,67,83,83,83,83,67,75,75,83,83,83,83,83,83,83,75,75,67,67,75,67,67,67,67,67,67,67,83,67,67,67,75,75,67,67,67,67,67,75,67,75,75,67,67,67,67,75,67,75,67,75,83,67,83,83,75,75,75,67,75,67,67,67,67,67,83,67,67,67,67,67,67,67,67,67,67,67,67,67,67,67,67,67,67,67,67,67,67,67,67,67,75,67,67,67,67,67
MYD17A2H.A2021041.h12v02.006.2021058090853.Gpp_500m,MYD17A2H,A2021041,Lat65.9255Lon-137.4220833Samp13Line13,2021058090853,Gpp_500m,0,0,0,0,0,0,0,0,0,0,0,0,0,0,0,0,0,0,0,0,0,0,0,0,0,0,0,0,0,0,0,0,0,0,0,0,0,0,0,0,0,0,0,0,0,0,0,0,0,0,0,0,0,0,0,0,0,0,0,0,0,0,0,0,0,0,0,0,0,0,0,0,0,0,0,0,0,0,0,0,0,0,0,0,0,0,0,0,0,0,0,0,0,0,0,0,0,0,0,0,0,0,0,0,0,0,0,0,0,0,0,0,0,0,0,0,0,0,0,0,0,0,0,0,0,0,0,0,0,0,0,0,0,0,0,0,0,0,0,0,0,0,0,0,0,0,0,0,0,0,0,0,0,0,0,0,0,0,0,0,0,0,0,0,0,0,0,0,0
MYD17A2H.A2021041.h12v02.006.2021058090853.PsnNet_500m,MYD17A2H,A2021041,Lat65.9255Lon-137.4220833Samp13Line13,2021058090853,PsnNet_500m,0,0,0,0,0,0,0,0,0,0,0,0,0,0,0,0,0,0,0,0,0,0,0,0,0,0,0,0,0,0,0,0,0,0,0,0,0,0,0,0,0,0,0,0,0,0,0,0,0,0,0,0,0,0,0,0,0,0,0,0,0,0,0,0,0,0,0,0,0,0,0,0,0,0,0,0,0,0,0,0,0,0,0,0,0,0,0,0,0,0,0,0,0,0,0,0,0,0,0,0,0,0,0,0,0,0,0,0,0,0,0,0,0,0,0,0,0,0,0,0,0,0,0,0,0,0,0,0,0,0,0,0,0,0,0,0,0,0,0,0,0,0,0,0,0,0,0,0,0,0,0,0,0,0,0,0,0,0,0,0,0,0,0,0,0,0,0,0,0
MYD17A2H.A2021041.h12v02.006.2021058090853.Psn_QC_500m,MYD17A2H,A2021041,Lat65.9255Lon-137.4220833Samp13Line13,2021058090853,Psn_QC_500m,67,67,75,67,67,67,67,67,67,67,67,67,67,67,67,67,67,67,67,67,67,67,67,67,67,67,67,67,67,67,67,75,67,67,67,67,67,67,67,67,67,75,67,67,67,67,67,67,67,67,75,75,67,67,67,67,67,67,67,67,75,67,67,75,67,67,67,67,67,67,67,75,67,67,75,75,67,67,67,67,67,67,67,67,67,75,67,67,67,67,67,67,67,67,67,67,67,67,67,67,67,67,67,67,67,67,67,67,67,67,67,67,67,67,67,67,67,75,75,67,67,67,67,75,67,67,67,75,67,67,67,67,67,67,67,67,67,67,67,67,67,67,67,67,75,67,67,67,67,67,67,67,67,67,67,67,67,67,67,67,67,67,67,67,67,67,67,67,67
MYD17A2H.A2021049.h12v02.006.2021062025635.Gpp_500m,MYD17A2H,A2021049,Lat65.9255Lon-137.4220833Samp13Line13,2021062025635,Gpp_500m,0,0,0,0,0,0,0,0,0,0,0,0,0,0,0,0,0,0,0,0,0,0,0,0,0,0,0,0,0,0,0,0,0,0,0,0,0,0,0,0,0,0,0,0,0,0,0,0,0,0,0,0,0,0,0,0,0,0,0,0,0,0,0,0,0,0,0,0,0,0,0,0,0,0,0,0,0,0,0,0,0,0,0,0,0,0,0,0,0,0,0,0,0,0,0,0,0,0,0,0,0,0,0,0,0,0,0,0,0,0,0,0,0,0,0,0,0,0,0,0,0,0,0,0,0,0,0,0,0,0,0,0,0,0,0,0,0,0,0,0,0,0,0,0,0,0,0,0,0,0,0,0,0,0,0,0,0,0,0,0,0,0,0,0,0,0,0,0,0
MYD17A2H.A2021049.h12v02.006.2021062025635.PsnNet_500m,MYD17A2H,A2021049,Lat65.9255Lon-137.4220833Samp13Line13,2021062025635,PsnNet_500m,0,0,0,0,0,0,0,0,0,0,0,0,0,0,0,0,0,0,0,0,0,0,0,0,0,0,0,0,0,0,0,0,0,0,0,0,0,0,0,0,0,0,0,0,0,0,0,0,0,0,0,0,0,0,0,0,0,0,0,0,0,0,0,0,0,0,0,0,0,0,0,0,0,0,0,0,0,0,0,0,0,0,0,0,0,0,0,0,0,0,0,0,0,0,0,0,0,0,0,0,0,0,0,0,0,0,0,0,0,0,0,0,0,0,0,0,0,0,0,0,0,0,0,0,0,0,0,0,0,0,0,0,0,0,0,0,0,0,0,0,0,0,0,0,0,0,0,0,0,0,0,0,0,0,0,0,0,0,0,0,0,0,0,0,0,0,0,0,0
MYD17A2H.A2021049.h12v02.006.2021062025635.Psn_QC_500m,MYD17A2H,A2021049,Lat65.9255Lon-137.4220833Samp13Line13,2021062025635,Psn_QC_500m,75,75,67,67,75,75,75,75,75,75,75,75,75,75,75,75,75,75,75,75,75,75,75,75,75,75,75,75,75,75,75,75,75,75,75,75,75,67,67,75,75,75,75,75,75,75,75,75,67,67,67,67,75,75,75,75,75,75,75,67,67,67,67,67,67,75,75,75,75,75,67,67,67,67,67,67,67,67,67,75,75,67,67,67,67,67,67,67,67,67,67,67,67,67,67,67,67,67,67,67,67,67,67,67,67,67,67,67,67,67,67,67,67,67,67,67,67,67,67,67,67,67,67,67,67,67,67,67,67,67,67,67,67,67,67,67,67,67,67,67,67,67,67,67,67,67,67,67,67,67,67,67,67,67,67,67,67,67,67,67,67,67,67,67,67,67,67,67,67
MYD17A2H.A2021057.h12v02.006.2021068132332.Gpp_500m,MYD17A2H,A2021057,Lat65.9255Lon-137.4220833Samp13Line13,2021068132332,Gpp_500m,0,0,0,0,0,0,0,0,0,0,0,0,0,0,0,0,0,0,0,0,0,0,0,0,0,0,0,0,0,0,0,0,0,0,0,0,0,0,0,0,0,0,0,0,0,0,0,0,0,0,0,0,0,0,0,0,0,0,0,0,0,0,0,0,0,0,0,0,0,0,0,0,0,0,0,0,0,0,0,0,0,0,0,0,0,0,0,0,0,0,0,0,0,0,0,0,0,0,0,0,0,0,0,0,0,0,0,0,0,0,0,0,0,0,0,0,0,0,0,0,0,0,0,0,0,0,0,0,0,0,0,0,0,0,0,0,0,0,0,0,0,0,0,0,0,0,0,0,0,0,0,0,0,0,0,0,0,0,0,0,0,0,0,0,0,0,0,0,0
MYD17A2H.A2021057.h12v02.006.2021068132332.PsnNet_500m,MYD17A2H,A2021057,Lat65.9255Lon-137.4220833Samp13Line13,2021068132332,PsnNet_500m,0,0,0,0,0,0,0,0,0,0,0,0,0,0,0,0,0,0,0,0,0,0,0,0,0,0,0,0,0,0,0,0,0,0,0,0,0,0,0,0,0,0,0,0,0,0,0,0,0,0,0,0,0,0,0,0,0,0,0,0,0,0,0,0,0,0,0,0,0,0,0,0,0,0,0,0,0,0,0,0,0,0,0,0,0,0,0,0,0,0,0,0,0,0,0,0,0,0,0,0,0,0,0,0,0,0,0,0,0,0,0,0,0,0,0,0,0,0,0,0,0,0,0,0,0,0,0,0,0,0,0,0,0,0,0,0,0,0,0,0,0,0,0,0,0,0,0,0,0,0,0,0,0,0,0,0,0,0,0,0,0,0,0,0,0,0,0,0,0
MYD17A2H.A2021057.h12v02.006.2021068132332.Psn_QC_500m,MYD17A2H,A2021057,Lat65.9255Lon-137.4220833Samp13Line13,2021068132332,Psn_QC_500m,75,75,75,75,75,75,75,75,75,75,75,75,67,75,75,75,75,75,75,75,75,75,75,75,75,75,75,75,75,75,75,75,75,75,75,75,75,75,67,75,75,75,75,75,75,75,75,75,75,67,67,67,75,75,75,75,75,75,75,67,67,67,67,67,67,75,75,75,75,75,67,67,67,67,67,67,67,67,75,75,75,67,67,67,67,67,67,67,67,67,67,75,67,67,67,67,67,67,67,67,67,67,67,67,67,67,67,67,67,67,67,67,67,67,67,67,67,75,67,67,67,67,67,67,67,67,67,67,67,67,67,67,67,67,67,67,67,67,67,67,67,67,67,67,67,67,67,67,67,67,67,67,67,67,67,67,67,67,67,67,67,67,67,67,67,67,67,67,67
MYD17A2H.A2021065.h12v02.006.2021076061549.Gpp_500m,MYD17A2H,A2021065,Lat65.9255Lon-137.4220833Samp13Line13,2021076061549,Gpp_500m,0,0,0,0,0,0,0,0,0,0,0,0,0,0,0,0,0,0,0,0,0,0,0,0,0,0,0,0,0,0,0,0,0,0,0,0,0,0,0,0,0,0,0,0,0,0,0,0,0,0,0,0,0,0,0,0,0,0,0,0,0,0,0,0,0,0,0,0,0,0,0,0,0,0,0,0,0,0,0,0,0,0,0,0,0,0,0,0,0,0,0,0,0,0,0,0,0,0,0,0,0,0,0,0,0,0,0,0,0,0,0,0,0,0,0,0,0,0,0,0,0,0,0,0,0,0,0,0,0,0,0,0,0,0,0,0,0,0,0,0,0,0,0,0,0,0,0,0,0,0,0,0,0,0,0,0,0,0,0,0,0,0,0,0,0,0,0,0,0
MYD17A2H.A2021065.h12v02.006.2021076061549.PsnNet_500m,MYD17A2H,A2021065,Lat65.9255Lon-137.4220833Samp13Line13,2021076061549,PsnNet_500m,0,0,0,0,0,0,0,0,0,0,0,0,0,0,0,0,0,0,0,0,0,0,0,0,0,0,0,0,0,0,0,0,0,0,0,0,0,0,0,0,0,0,0,0,0,0,0,0,0,0,0,0,0,0,0,0,0,0,0,0,0,0,0,0,0,0,0,0,0,0,0,0,0,0,0,0,0,0,0,0,0,0,0,0,0,0,0,0,0,0,0,0,0,0,0,0,0,0,0,0,0,0,0,0,0,0,0,0,0,0,0,0,0,0,0,0,0,0,0,0,0,0,0,0,0,0,0,0,0,0,0,0,0,0,0,0,0,0,0,0,0,0,0,0,0,0,0,0,0,0,0,0,0,0,0,0,0,0,0,0,0,0,0,0,0,0,0,0,0
MYD17A2H.A2021065.h12v02.006.2021076061549.Psn_QC_500m,MYD17A2H,A2021065,Lat65.9255Lon-137.4220833Samp13Line13,2021076061549,Psn_QC_500m,67,67,67,67,75,75,75,75,75,75,75,75,67,75,75,75,75,75,75,10,10,75,67,67,67,67,75,75,75,67,10,10,75,75,75,75,67,67,67,75,67,75,67,67,75,75,67,75,67,2,2,2,75,75,75,75,67,75,67,67,67,2,2,2,2,75,67,67,67,67,2,2,2,2,2,2,2,2,67,67,67,67,2,2,2,2,2,2,2,67,2,67,67,67,2,67,2,2,2,2,2,2,2,2,67,67,67,67,67,67,2,2,2,2,2,2,2,75,67,2,2,2,2,2,2,2,2,2,2,2,2,2,2,2,2,2,2,2,2,2,2,2,2,67,2,2,67,67,67,67,67,2,2,2,2,2,2,67,67,10,2,2,67,2,67,2,2,2,2
MYD17A2H.A2021073.h12v02.006.2021084184108.Gpp_500m,MYD17A2H,A2021073,Lat65.9255Lon-137.4220833Samp13Line13,2021084184108,Gpp_500m,0,0,0,0,0,0,0,0,0,0,0,0,0,0,0,0,0,0,0,0,0,0,0,0,0,0,0,0,0,0,0,0,0,0,0,0,0,0,0,0,0,0,0,0,0,0,0,0,0,0,0,0,0,0,0,0,0,0,0,0,0,0,0,0,0,0,0,0,0,0,0,0,0,0,0,0,0,0,0,0,0,0,0,0,0,0,0,0,0,0,0,0,0,0,0,0,0,0,0,0,0,0,0,0,0,0,0,0,0,0,0,0,0,0,0,0,0,0,0,0,0,0,0,0,0,0,0,0,0,0,0,0,0,0,0,0,0,0,0,0,0,0,0,0,0,0,0,0,0,0,0,0,0,0,0,0,0,0,0,0,0,0,0,0,0,0,0,0,0
MYD17A2H.A2021073.h12v02.006.2021084184108.PsnNet_500m,MYD17A2H,A2021073,Lat65.9255Lon-137.4220833Samp13Line13,2021084184108,PsnNet_500m,0,0,0,0,0,0,0,0,0,0,0,0,0,0,0,0,0,0,0,0,0,0,0,0,0,0,0,0,0,0,0,0,0,0,0,0,0,0,0,0,0,0,0,0,0,0,0,0,0,0,0,0,0,0,0,0,0,0,0,0,0,0,0,0,0,0,0,0,0,0,0,0,0,0,0,0,0,0,0,0,0,0,0,0,0,0,0,0,0,0,0,0,0,0,0,0,0,0,0,0,0,0,0,0,0,0,0,0,0,0,0,0,0,0,0,0,0,0,0,0,0,0,0,0,0,0,0,0,0,0,0,0,0,0,0,0,0,0,0,0,0,0,0,0,0,0,0,0,0,0,0,0,0,0,0,0,0,0,0,0,0,0,0,0,0,0,0,0,0
MYD17A2H.A2021073.h12v02.006.2021084184108.Psn_QC_500m,MYD17A2H,A2021073,Lat65.9255Lon-137.4220833Samp13Line13,2021084184108,Psn_QC_500m,107,99,99,115,115,99,99,2,2,10,99,99,99,99,115,115,107,107,99,99,2,2,99,99,99,99,107,107,107,107,2,10,10,107,99,99,99,107,2,107,99,99,99,99,99,99,99,99,99,99,2,2,107,99,99,99,99,99,99,99,2,2,2,2,2,99,99,99,99,99,10,2,2,2,2,2,2,2,99,99,99,2,2,2,2,2,2,2,2,10,10,99,99,99,99,99,99,2,2,2,2,2,2,2,99,99,99,99,99,2,2,2,2,2,10,2,2,99,99,2,2,2,2,2,2,2,2,2,2,2,2,2,2,2,2,2,2,2,2,2,2,2,2,2,2,2,2,2,2,2,2,2,2,2,2,10,2,2,2,2,2,2,2,2,99,2,2,2,2
MYD17A2H.A2021081.h12v02.006.2021090064009.Gpp_500m,MYD17A2H,A2021081,Lat65.9255Lon-137.4220833Samp13Line13,2021090064009,Gpp_500m,0,0,0,0,0,0,0,0,0,0,0,0,0,0,0,0,0,0,0,0,0,0,0,0,0,0,0,0,0,0,0,0,0,0,0,0,0,0,0,0,0,0,0,0,0,0,0,0,0,0,0,0,0,0,0,0,0,0,0,0,0,0,0,0,0,0,0,0,0,0,0,0,0,0,0,0,0,0,0,0,0,0,0,0,0,0,0,0,0,0,0,0,0,0,0,0,0,0,0,0,0,0,0,0,0,0,0,0,0,0,0,0,0,0,0,0,0,0,0,0,0,0,0,0,0,0,0,0,0,0,0,0,0,0,0,0,0,0,0,0,0,0,0,0,0,0,0,0,0,0,0,0,0,0,0,0,0,0,0,0,0,0,0,0,0,0,0,0,0
MYD17A2H.A2021081.h12v02.006.2021090064009.PsnNet_500m,MYD17A2H,A2021081,Lat65.9255Lon-137.4220833Samp13Line13,2021090064009,PsnNet_500m,0,0,0,0,0,0,0,0,0,0,0,0,0,0,0,0,0,0,0,0,0,0,0,0,0,0,0,0,0,0,0,0,0,0,0,0,0,0,0,0,0,0,0,0,0,0,0,0,0,0,0,0,0,0,0,0,0,0,0,0,0,0,0,0,0,0,0,0,0,0,0,0,0,0,0,0,0,0,0,0,0,0,0,0,0,0,0,0,0,0,0,0,0,0,0,0,0,0,0,0,0,0,0,0,0,0,0,0,0,0,0,0,0,0,0,0,0,0,0,0,0,0,0,0,0,0,0,0,0,0,0,0,0,0,0,0,0,0,0,0,0,0,0,0,0,0,0,0,0,0,0,0,0,0,0,0,0,0,0,0,0,0,0,0,0,0,0,0,0
MYD17A2H.A2021081.h12v02.006.2021090064009.Psn_QC_500m,MYD17A2H,A2021081,Lat65.9255Lon-137.4220833Samp13Line13,2021090064009,Psn_QC_500m,107,107,107,99,99,99,107,107,2,10,107,107,107,107,107,107,107,107,107,107,107,107,107,107,107,107,107,107,107,107,107,10,10,107,107,99,107,99,99,107,107,107,107,107,107,107,107,99,99,99,10,2,107,107,107,107,107,107,99,107,107,99,10,10,10,107,107,107,107,107,99,10,10,10,10,10,2,10,107,107,107,10,10,2,2,10,10,10,2,107,10,99,99,99,99,99,107,99,10,10,10,10,10,10,99,99,107,99,107,10,10,10,10,10,10,10,10,107,107,107,99,10,10,10,10,10,10,10,10,10,10,10,107,107,10,10,2,2,10,10,10,10,10,99,107,107,2,107,107,107,107,2,10,10,10,10,10,107,107,107,107,107,107,107,107,2,10,2,10
MYD17A2H.A2021089.h12v02.006.2021098064245.Gpp_500m,MYD17A2H,A2021089,Lat65.9255Lon-137.4220833Samp13Line13,2021098064245,Gpp_500m,0,0,0,0,0,0,0,0,0,0,0,0,0,0,0,0,0,0,0,0,0,0,0,0,0,0,0,0,0,0,0,0,0,0,0,0,0,0,0,0,0,0,0,0,0,0,0,0,0,0,0,0,0,0,0,0,0,0,0,0,0,0,0,0,0,0,0,0,0,0,0,0,0,0,0,0,0,0,0,0,0,0,0,0,0,0,0,0,0,0,0,0,0,0,0,0,0,0,0,0,0,0,0,0,0,0,0,0,0,0,0,0,0,0,0,0,0,0,0,0,0,0,0,0,0,0,0,0,0,0,0,0,0,0,0,0,0,0,0,0,0,0,0,0,0,0,0,0,0,0,0,0,0,0,0,0,0,0,0,0,0,0,0,0,0,0,0,0,0
MYD17A2H.A2021089.h12v02.006.2021098064245.PsnNet_500m,MYD17A2H,A2021089,Lat65.9255Lon-137.4220833Samp13Line13,2021098064245,PsnNet_500m,0,0,0,0,0,0,0,0,0,0,0,0,0,0,0,0,0,0,0,0,0,0,0,0,0,0,0,0,0,0,0,0,0,0,0,0,0,0,0,0,0,0,0,0,0,0,0,0,0,0,0,0,-23,0,0,0,0,0,0,0,0,0,0,0,0,0,0,0,0,0,0,0,0,0,0,0,0,0,0,0,0,0,0,0,0,0,0,0,0,0,0,0,0,0,0,0,0,0,0,0,0,0,0,0,0,0,0,0,0,0,0,0,0,0,0,0,0,0,0,0,0,0,0,0,0,0,0,0,0,0,0,0,0,0,0,0,0,0,0,0,0,0,0,0,0,0,0,0,0,0,0,0,0,0,0,0,0,0,0,0,0,0,0,0,0,0,0,0,0
MYD17A2H.A2021089.h12v02.006.2021098064245.Psn_QC_500m,MYD17A2H,A2021089,Lat65.9255Lon-137.4220833Samp13Line13,2021098064245,Psn_QC_500m,107,107,107,107,107,107,107,10,10,107,107,107,107,107,107,107,107,107,107,107,107,107,107,107,107,107,2,2,107,107,107,107,107,107,107,107,107,107,10,107,107,107,107,107,107,107,107,107,107,107,10,10,99,107,107,107,107,107,107,107,107,107,107,10,10,107,107,107,107,107,107,107,107,99,10,10,10,10,107,107,107,107,99,107,107,107,2,2,107,10,10,107,99,99,107,99,99,99,2,2,10,99,10,10,99,99,99,107,99,99,107,2,10,10,10,10,107,99,99,107,99,10,10,10,10,10,107,107,107,107,99,99,10,107,10,107,107,10,10,107,107,107,10,107,99,107,107,107,107,107,107,107,10,99,2,2,99,107,107,107,107,107,107,107,99,107,107,10,10
MYD17A2H.A2021097.h12v02.006.2021107112816.Gpp_500m,MYD17A2H,A2021097,Lat65.9255Lon-137.4220833Samp13Line13,2021107112816,Gpp_500m,0,0,0,0,0,0,0,0,0,0,0,0,0,0,0,0,0,0,0,0,0,0,0,0,0,0,0,0,0,0,0,0,0,0,0,0,0,0,0,0,0,0,0,0,0,0,0,0,0,0,0,0,0,0,0,0,0,0,0,0,0,0,0,0,0,0,0,0,0,0,0,0,0,0,0,0,0,0,0,0,0,0,0,0,0,0,0,0,0,0,0,0,0,0,0,0,0,0,0,0,0,0,0,0,0,0,0,0,0,0,0,0,0,0,0,0,0,0,0,0,0,0,0,0,0,0,0,0,0,0,0,0,0,0,0,0,0,0,0,0,0,0,0,0,0,0,0,0,0,0,0,0,0,0,0,0,0,0,0,0,0,0,0,0,0,0,0,0,0
MYD17A2H.A2021097.h12v02.006.2021107112816.PsnNet_500m,MYD17A2H,A2021097,Lat65.9255Lon-137.4220833Samp13Line13,2021107112816,PsnNet_500m,0,0,0,0,0,0,0,0,0,0,0,0,0,0,0,0,0,0,0,0,0,0,0,0,0,0,0,0,0,0,0,0,0,0,0,0,0,0,0,0,0,0,0,0,0,0,0,0,0,0,0,0,0,0,0,0,0,0,0,0,0,0,0,0,0,0,0,0,0,0,0,0,0,0,0,0,0,0,0,0,0,0,0,0,0,0,0,0,0,0,0,0,0,0,0,0,0,0,0,0,0,0,0,0,0,0,0,0,0,0,0,0,0,0,0,0,0,0,0,0,0,0,0,0,0,0,0,0,0,0,0,0,0,0,0,0,0,0,0,0,0,0,0,0,0,0,0,0,0,0,0,0,0,0,0,0,0,0,0,0,0,0,0,0,0,0,0,0,0
MYD17A2H.A2021097.h12v02.006.2021107112816.Psn_QC_500m,MYD17A2H,A2021097,Lat65.9255Lon-137.4220833Samp13Line13,2021107112816,Psn_QC_500m,107,107,107,99,107,107,107,107,107,107,107,107,107,99,107,107,107,107,107,107,107,107,107,107,107,99,107,107,107,107,107,107,107,107,107,107,107,99,107,107,107,107,107,107,107,107,107,107,99,99,10,10,107,107,107,99,107,107,107,99,107,10,10,10,10,99,99,99,107,107,107,10,10,107,107,2,2,10,99,99,107,99,99,99,107,99,2,2,107,107,10,107,99,107,107,99,99,99,107,107,10,10,2,10,99,99,99,107,99,107,107,10,10,107,10,10,10,107,107,107,107,107,107,107,10,10,10,107,107,107,107,99,99,99,107,107,107,107,107,107,107,107,107,99,99,107,107,107,107,107,107,107,10,107,10,10,107,107,107,107,107,107,107,107,107,10,10,10,10
MYD17A2H.A2021105.h12v02.006.2021114074251.Gpp_500m,MYD17A2H,A2021105,Lat65.9255Lon-137.4220833Samp13Line13,2021114074251,Gpp_500m,0,0,0,0,0,0,0,5,5,0,0,0,0,0,0,0,0,0,0,0,0,0,0,0,0,0,0,5,0,0,0,0,0,0,0,0,0,0,0,0,0,0,0,0,0,0,0,0,0,0,5,5,0,0,0,0,0,0,0,0,5,5,5,5,5,0,0,0,0,0,0,5,5,5,5,5,5,5,0,0,0,1,5,5,1,5,5,5,5,5,5,0,1,1,0,0,5,5,5,5,5,5,5,5,1,1,0,0,3,5,5,5,5,5,5,5,5,0,0,5,5,5,5,5,5,5,5,5,5,5,5,5,5,5,5,5,5,5,5,5,5,5,4,5,5,5,5,5,5,3,3,5,5,4,4,4,5,5,5,5,3,3,5,4,4,4,4,4,4
MYD17A2H.A2021105.h12v02.006.2021114074251.PsnNet_500m,MYD17A2H,A2021105,Lat65.9255Lon-137.4220833Samp13Line13,2021114074251,PsnNet_500m,0,0,0,0,0,0,0,5,5,0,0,0,0,0,0,0,0,0,0,0,0,0,0,0,0,0,0,5,0,0,0,0,0,0,0,0,0,0,0,0,0,0,0,0,0,0,0,0,0,0,4,4,0,0,0,0,0,0,0,0,4,4,4,3,3,0,0,0,0,0,0,4,4,4,3,3,3,3,0,0,0,1,4,4,1,3,3,3,3,3,3,0,1,1,0,0,3,3,3,3,3,3,3,3,1,1,0,0,2,3,3,3,3,3,3,3,3,0,0,3,3,3,3,3,3,3,3,3,3,3,4,3,3,3,3,3,3,3,3,3,3,3,3,3,3,3,3,3,3,3,3,3,3,3,3,3,3,3,3,3,3,3,3,3,3,3,3,3,3
MYD17A2H.A2021105.h12v02.006.2021114074251.Psn_QC_500m,MYD17A2H,A2021105,Lat65.9255Lon-137.4220833Samp13Line13,2021114074251,Psn_QC_500m,107,99,99,107,107,99,107,2,2,107,107,107,107,99,99,107,107,107,107,107,107,107,107,107,107,107,107,2,99,107,99,99,99,107,107,107,107,107,99,99,99,99,99,99,99,107,107,107,107,99,2,2,99,107,107,107,99,107,107,107,2,2,2,2,2,99,99,99,99,107,99,2,2,2,2,2,2,2,99,99,99,99,2,2,99,2,2,2,2,2,2,99,99,99,99,99,10,2,2,2,2,2,2,2,99,99,99,99,99,2,10,10,10,10,2,2,2,99,99,2,2,10,10,10,10,2,2,2,2,2,2,2,2,2,2,2,2,2,2,2,2,2,2,10,2,2,2,2,2,99,99,2,2,2,2,2,2,2,2,2,99,99,2,2,2,2,2,2,2
MYD17A2H.A2021113.h12v02.006.2021122101808.Gpp_500m,MYD17A2H,A2021113,Lat65.9255Lon-137.4220833Samp13Line13,2021122101808,Gpp_500m,0,5,5,0,0,0,0,0,5,0,0,0,0,5,5,5,0,0,0,0,0,0,0,0,0,0,8,5,0,0,0,0,0,0,0,0,0,0,4,5,5,0,0,0,0,0,0,0,0,5,7,8,0,0,0,0,0,0,0,0,7,7,8,7,8,0,0,0,0,0,4,7,7,5,5,7,7,7,0,0,0,5,5,5,4,5,5,7,7,8,8,0,1,5,5,0,5,5,5,5,7,7,7,8,4,1,0,5,7,7,5,5,7,5,8,7,5,0,4,7,8,5,7,5,5,5,7,7,8,8,5,5,5,5,5,5,5,5,5,5,8,5,5,8,8,5,10,10,8,8,5,5,5,8,8,8,5,8,8,9,9,7,7,5,5,5,5,7,7
MYD17A2H.A2021113.h12v02.006.2021122101808.PsnNet_500m,MYD17A2H,A2021113,Lat65.9255Lon-137.4220833Samp13Line13,2021122101808,PsnNet_500m,0,5,4,0,0,0,0,0,4,0,0,0,0,4,4,4,0,0,0,0,0,0,0,0,0,0,7,4,0,0,0,0,0,0,0,0,0,0,3,5,4,0,0,0,0,0,0,0,0,5,5,7,0,0,0,0,0,0,0,0,7,7,7,5,7,0,0,0,0,0,3,7,7,5,5,5,5,7,0,0,0,5,5,5,3,5,5,5,7,7,7,0,1,5,5,0,5,5,5,5,5,5,5,7,3,1,0,5,7,5,5,5,7,5,7,7,5,0,3,7,7,5,7,5,5,5,7,7,8,8,5,5,5,5,5,5,5,5,5,5,8,5,5,7,7,5,10,10,7,7,5,5,5,8,8,8,5,7,7,8,8,5,5,5,5,5,5,5,5
MYD17A2H.A2021113.h12v02.006.2021122101808.Psn_QC_500m,MYD17A2H,A2021113,Lat65.9255Lon-137.4220833Samp13Line13,2021122101808,Psn_QC_500m,99,2,2,99,99,99,99,99,2,99,99,99,99,2,2,2,99,99,99,99,99,99,99,99,99,99,2,2,99,99,99,99,99,99,99,99,99,99,2,2,2,99,99,99,99,99,99,99,99,2,2,2,99,99,99,99,99,99,99,99,2,2,2,2,2,99,99,99,99,99,2,2,2,2,2,2,2,2,99,99,99,2,2,2,2,2,2,2,2,2,2,99,99,2,2,99,2,2,2,2,2,2,2,2,2,99,99,2,2,2,2,2,2,2,2,2,2,99,2,2,2,2,2,2,2,2,2,2,2,2,2,2,2,2,2,2,2,2,2,2,2,2,2,2,2,2,2,2,2,2,2,2,2,2,2,2,2,2,2,2,2,2,2,2,2,2,2,2,2
MYD17A2H.A2021121.h12v02.006.2021131040841.Gpp_500m,MYD17A2H,A2021121,Lat65.9255Lon-137.4220833Samp13Line13,2021131040841,Gpp_500m,7,7,7,7,8,0,0,7,7,7,7,7,7,14,14,7,0,7,7,7,7,7,14,7,7,7,7,8,8,0,7,7,7,7,7,7,0,7,12,13,13,7,7,7,7,7,7,0,7,14,14,14,13,7,7,7,7,7,7,7,8,8,8,14,14,0,0,0,0,7,7,14,14,12,7,13,14,13,7,0,0,7,14,7,7,7,12,7,14,16,14,7,7,7,14,7,12,14,14,8,14,13,14,14,22,17,14,14,20,20,12,13,14,14,14,14,13,13,13,14,14,7,12,13,12,12,14,7,11,11,12,12,13,7,14,7,7,12,12,11,11,7,11,20,19,12,14,14,14,14,7,7,7,7,7,12,7,14,14,19,14,14,14,14,7,7,7,7,8
MYD17A2H.A2021121.h12v02.006.2021131040841.PsnNet_500m,MYD17A2H,A2021121,Lat65.9255Lon-137.4220833Samp13Line13,2021131040841,PsnNet_500m,6,6,6,6,7,0,0,6,6,6,6,6,6,13,13,6,0,6,6,6,6,6,13,6,6,6,6,7,7,0,6,6,6,6,6,6,0,6,8,11,10,6,6,6,6,6,6,0,6,14,14,14,10,6,6,6,6,6,6,6,7,7,7,14,12,0,0,0,0,6,6,12,12,8,6,11,13,11,6,0,0,6,13,6,6,6,8,6,14,14,12,6,6,6,14,6,8,14,14,7,12,11,13,13,20,14,14,14,17,17,8,11,12,13,13,12,10,11,11,13,13,6,8,11,8,8,13,6,8,8,8,8,11,6,13,6,6,8,8,8,8,6,8,17,17,8,12,12,13,14,6,6,6,6,6,9,6,14,14,16,13,13,13,12,6,6,6,6,7
MYD17A2H.A2021121.h12v02.006.2021131040841.Psn_QC_500m,MYD17A2H,A2021121,Lat65.9255Lon-137.4220833Samp13Line13,2021131040841,Psn_QC_500m,10,10,2,10,10,107,107,10,10,10,10,10,10,10,10,10,107,10,10,10,10,10,10,10,10,10,10,10,10,107,10,10,10,10,10,10,107,10,10,10,10,10,10,10,10,10,10,107,10,10,10,10,10,10,10,10,10,10,10,10,10,10,10,2,10,99,99,99,107,10,10,2,2,10,2,10,10,10,10,107,107,10,2,2,2,2,10,2,2,10,10,10,10,2,10,10,10,2,2,10,10,10,2,2,10,10,10,10,2,2,10,2,2,10,2,10,2,10,10,10,10,10,10,2,10,2,2,2,10,2,10,2,10,2,10,2,2,2,2,2,2,2,2,2,2,2,10,10,10,2,2,2,2,2,2,2,2,10,10,10,10,2,2,2,2,2,2,2,2
MYD17A2H.A2021129.h12v02.006.2021138065022.Gpp_500m,MYD17A2H,A2021129,Lat65.9255Lon-137.4220833Samp13Line13,2021138065022,Gpp_500m,49,55,47,47,39,39,36,28,28,30,30,78,49,55,55,49,49,39,28,36,36,28,36,26,20,20,69,69,45,28,28,20,20,20,72,38,34,34,24,39,36,20,14,20,20,61,61,38,38,54,41,32,36,28,24,30,44,61,20,20,49,84,54,48,50,24,24,14,14,33,33,33,28,47,28,28,28,48,14,34,42,42,33,32,26,26,28,20,41,39,54,34,42,42,50,41,41,28,20,20,32,32,39,48,82,82,48,44,81,81,28,28,59,39,41,41,41,48,48,96,96,59,59,28,41,41,39,28,28,26,23,32,23,26,39,48,39,54,29,28,26,28,28,59,59,39,48,73,73,73,29,28,28,22,22,22,64,64,64,64,67,39,75,75,28,28,13,26,41
MYD17A2H.A2021129.h12v02.006.2021138065022.PsnNet_500m,MYD17A2H,A2021129,Lat65.9255Lon-137.4220833Samp13Line13,2021138065022,PsnNet_500m,44,48,44,44,34,34,33,26,26,28,28,70,46,48,48,44,44,34,26,33,33,27,33,24,18,18,62,62,41,26,26,20,20,20,66,33,32,32,21,34,33,20,13,20,19,56,55,33,33,48,38,29,33,26,21,28,39,55,20,20,46,76,48,46,47,21,21,12,12,29,29,29,27,43,26,26,26,46,12,32,38,38,29,29,24,24,26,18,38,37,47,32,38,38,47,38,38,26,18,18,29,29,37,44,76,76,46,39,73,73,26,26,54,37,38,38,38,43,46,87,87,54,54,26,38,38,37,26,26,23,21,29,21,23,37,45,37,47,28,26,23,26,26,57,57,37,45,66,66,66,28,26,26,20,20,20,59,59,59,59,62,37,70,69,26,26,12,23,37
MYD17A2H.A2021129.h12v02.006.2021138065022.Psn_QC_500m,MYD17A2H,A2021129,Lat65.9255Lon-137.4220833Samp13Line13,2021138065022,Psn_QC_500m,2,2,2,2,2,2,10,2,2,2,2,10,10,2,2,2,2,2,2,10,10,10,2,2,2,2,18,18,2,2,2,10,10,10,10,2,10,10,10,2,10,10,10,2,2,10,10,2,2,2,2,2,10,2,10,2,10,10,2,2,2,2,2,2,18,10,10,18,18,2,2,2,10,2,2,10,10,18,10,18,2,2,2,2,2,2,10,18,10,18,18,18,10,10,10,2,2,10,18,18,10,18,2,18,10,10,10,10,10,10,10,2,10,10,10,10,18,10,10,10,10,10,10,10,10,10,2,18,18,10,10,10,10,10,2,18,2,18,2,10,10,10,10,2,2,2,18,10,10,10,10,10,10,18,2,18,18,18,18,18,10,2,10,10,18,18,2,10,18
MYD17A2H.A2021137.h12v02.006.2021146120619.Gpp_500m,MYD17A2H,A2021137,Lat65.9255Lon-137.4220833Samp13Line13,2021146120619,Gpp_500m,116,116,37,87,87,87,88,72,72,76,88,127,127,114,61,61,61,88,72,72,72,88,88,89,89,96,98,98,78,88,72,72,62,76,84,89,89,107,111,72,61,62,62,69,53,72,107,99,99,123,123,155,78,78,69,62,89,107,79,99,148,155,181,155,155,78,50,84,79,79,148,148,172,148,155,135,135,156,79,79,96,148,148,137,148,155,155,156,155,155,168,155,161,210,148,148,162,162,155,142,156,156,129,137,187,165,165,181,172,162,155,114,89,134,157,147,148,141,135,155,156,168,147,147,147,157,134,147,148,148,135,175,175,147,142,142,134,173,155,155,129,128,128,181,147,148,148,162,176,173,173,61,71,80,128,128,155,155,164,112,112,123,131,131,128,148,148,101,108
MYD17A2H.A2021137.h12v02.006.2021146120619.PsnNet_500m,MYD17A2H,A2021137,Lat65.9255Lon-137.4220833Samp13Line13,2021146120619,PsnNet_500m,108,108,37,79,79,79,79,67,67,69,79,113,115,105,56,56,56,79,67,67,67,79,79,81,81,87,90,90,72,79,67,67,56,69,77,81,81,97,102,67,56,56,56,63,48,67,99,90,90,112,112,144,72,72,63,56,81,99,76,90,138,144,163,144,139,72,45,78,73,73,136,136,156,136,144,122,122,144,73,73,87,136,136,128,136,144,144,144,139,140,153,144,146,189,136,136,146,146,139,128,144,144,115,128,171,152,152,163,157,146,139,105,81,122,144,135,137,128,122,144,144,153,135,135,135,144,122,135,136,137,122,160,161,135,129,129,122,158,140,140,116,116,116,163,135,137,137,146,161,158,158,58,68,76,116,116,140,140,150,102,102,112,120,120,117,138,138,92,100
MYD17A2H.A2021137.h12v02.006.2021146120619.Psn_QC_500m,MYD17A2H,A2021137,Lat65.9255Lon-137.4220833Samp13Line13,2021146120619,Psn_QC_500m,2,2,2,2,2,2,2,2,2,2,2,2,2,2,2,2,2,2,2,2,2,2,2,2,2,2,2,2,2,2,2,2,2,2,2,2,2,2,10,2,10,2,2,2,2,2,2,2,18,2,2,2,2,2,2,2,2,2,2,2,10,2,2,2,2,2,2,2,2,2,2,2,2,2,2,2,2,2,2,2,2,2,2,18,2,2,2,2,2,2,2,10,2,2,2,2,2,2,2,2,2,2,2,2,2,2,2,10,2,2,2,2,2,2,2,2,2,2,2,2,2,2,2,2,2,2,2,2,2,2,2,2,2,2,2,2,2,2,2,2,2,2,2,2,2,2,2,2,2,2,2,2,2,2,2,2,2,2,2,2,2,2,2,2,2,2,2,2,18
MYD17A2H.A2021145.h12v02.006.2021154070451.Gpp_500m,MYD17A2H,A2021145,Lat65.9255Lon-137.4220833Samp13Line13,2021154070451,Gpp_500m,70,75,62,18,36,36,100,91,62,55,50,70,72,74,58,47,47,50,91,55,66,75,75,65,65,68,69,62,55,78,78,41,55,55,65,57,64,57,64,62,55,55,51,51,53,53,53,64,59,59,72,73,36,53,41,41,53,54,69,54,72,72,83,83,78,36,36,45,53,54,83,72,72,87,86,68,83,93,44,59,65,83,78,78,89,82,82,78,89,89,94,69,69,87,87,68,86,72,72,89,89,87,92,94,87,79,68,83,87,87,83,83,81,92,89,89,86,68,83,86,86,89,86,83,86,87,87,83,87,87,63,82,86,81,68,68,89,89,83,87,87,68,53,83,81,81,86,92,102,101,91,81,68,72,72,78,87,89,86,87,87,101,91,91,89,87,68,78,86
MYD17A2H.A2021145.h12v02.006.2021154070451.PsnNet_500m,MYD17A2H,A2021145,Lat65.9255Lon-137.4220833Samp13Line13,2021154070451,PsnNet_500m,65,69,55,15,33,33,89,84,55,51,44,65,66,67,51,44,44,44,83,50,58,69,69,57,57,60,61,55,50,71,71,40,51,51,57,51,55,51,55,55,50,50,46,46,49,47,47,55,55,55,66,67,33,49,40,40,47,49,64,48,65,65,74,74,70,32,32,42,47,49,71,65,65,77,76,63,74,81,40,55,56,74,70,70,80,71,71,70,80,80,82,64,64,77,77,63,77,65,65,80,80,77,81,81,77,70,63,74,77,77,74,74,71,81,80,80,76,63,74,76,76,80,76,74,76,77,77,74,77,77,55,71,76,71,62,62,80,80,74,77,77,61,47,74,71,71,76,81,91,90,81,71,61,65,65,68,77,80,76,77,77,90,81,81,80,78,63,68,76
MYD17A2H.A2021145.h12v02.006.2021154070451.Psn_QC_500m,MYD17A2H,A2021145,Lat65.9255Lon-137.4220833Samp13Line13,2021154070451,Psn_QC_500m,18,2,2,10,10,10,10,10,18,2,18,18,2,2,10,10,10,2,10,2,2,18,18,2,2,2,2,2,2,10,10,18,18,18,18,2,2,2,2,2,2,2,18,18,18,2,2,2,2,2,2,2,2,2,2,2,2,2,2,2,2,2,2,2,2,2,2,2,2,2,2,2,2,2,2,2,2,2,2,2,2,2,2,2,2,2,2,2,2,2,2,2,2,2,2,2,2,2,2,2,2,2,2,2,2,2,2,2,2,2,2,2,2,2,2,2,2,2,10,2,2,2,2,2,2,2,2,2,2,2,2,2,2,2,10,10,2,2,2,2,2,2,2,2,2,2,2,2,2,2,2,10,2,2,2,2,2,2,2,2,2,2,2,2,2,2,2,2,2
MYD17A2H.A2021153.h12v02.006.2021165150707.Gpp_500m,MYD17A2H,A2021153,Lat65.9255Lon-137.4220833Samp13Line13,2021165150707,Gpp_500m,150,150,101,101,76,63,63,48,48,87,48,143,110,111,76,63,101,101,93,48,87,123,123,125,116,116,111,127,101,101,101,97,97,110,121,76,76,76,139,127,101,101,118,118,127,76,76,76,116,191,191,197,83,127,145,101,53,53,72,139,139,144,191,176,191,101,101,102,102,125,191,197,125,173,173,167,173,185,76,102,125,201,205,205,235,162,173,167,167,162,197,76,153,232,231,186,124,197,153,153,144,105,86,91,167,110,181,200,181,134,139,139,83,83,71,153,153,124,124,191,200,211,210,197,101,76,82,238,238,247,153,153,211,210,158,200,200,147,229,147,147,124,228,91,124,147,139,215,215,203,200,203,203,203,203,186,147,157,157,200,153,251,233,233,228,219,199,190,190
MYD17A2H.A2021153.h12v02.006.2021165150707.PsnNet_500m,MYD17A2H,A2021153,Lat65.9255Lon-137.4220833Samp13Line13,2021165150707,PsnNet_500m,141,140,95,95,73,61,59,46,46,82,46,130,103,104,73,61,94,94,87,46,82,114,114,116,108,108,104,115,94,94,94,90,90,104,111,72,72,72,130,116,94,96,109,109,116,72,72,72,108,177,177,181,78,116,134,94,50,50,68,128,128,131,177,165,176,94,94,93,93,116,177,181,115,157,157,155,158,171,72,93,116,187,188,188,215,150,158,155,155,150,180,72,143,211,211,171,115,180,144,144,134,97,82,84,154,103,167,186,167,123,128,129,76,76,68,144,143,115,115,176,186,193,193,180,92,71,76,220,220,225,144,144,193,192,144,184,184,136,211,136,136,115,211,84,115,136,129,197,197,187,183,187,187,187,187,170,136,144,144,184,143,231,213,213,211,200,184,173,173
MYD17A2H.A2021153.h12v02.006.2021165150707.Psn_QC_500m,MYD17A2H,A2021153,Lat65.9255Lon-137.4220833Samp13Line13,2021165150707,Psn_QC_500m,2,2,2,2,2,10,2,2,2,2,2,2,2,2,2,10,2,2,2,2,10,10,10,2,2,2,2,2,2,2,2,10,10,2,18,2,2,2,2,2,2,18,2,2,2,2,2,2,2,2,2,2,2,18,2,2,10,10,10,2,2,2,2,2,2,10,10,2,2,2,2,2,2,2,2,2,2,2,2,2,2,2,2,2,2,2,2,2,2,2,2,2,2,2,2,2,2,2,2,2,2,2,2,2,2,2,2,2,2,2,2,2,10,10,10,2,2,2,2,2,2,2,2,2,2,2,10,2,2,2,2,2,2,10,2,2,2,2,2,2,2,2,2,2,2,2,2,2,2,2,2,2,2,2,2,2,2,2,2,2,2,2,2,2,2,2,2,2,2
MYD17A2H.A2021161.h12v02.006.2021170065049.Gpp_500m,MYD17A2H,A2021161,Lat65.9255Lon-137.4220833Samp13Line13,2021170065049,Gpp_500m,351,351,351,351,345,345,335,401,402,385,361,386,390,394,411,394,394,293,345,345,335,368,345,348,312,348,411,411,401,310,311,411,345,335,338,322,322,262,330,345,360,303,219,219,335,338,279,289,349,416,416,441,327,276,276,276,297,330,338,416,459,459,424,484,424,269,335,247,262,297,467,483,483,451,493,467,433,434,262,338,338,365,365,382,477,424,424,467,467,434,400,356,408,391,476,424,424,451,417,417,408,408,416,358,543,467,477,476,357,339,382,351,425,416,416,402,409,451,451,441,434,434,425,467,416,416,409,403,418,409,417,451,425,467,451,366,351,358,418,418,419,392,392,442,460,314,384,408,409,512,451,419,392,392,392,409,416,511,511,520,485,442,409,452,419,419,403,404,420
MYD17A2H.A2021161.h12v02.006.2021170065049.PsnNet_500m,MYD17A2H,A2021161,Lat65.9255Lon-137.4220833Samp13Line13,2021170065049,PsnNet_500m,320,320,320,320,314,314,304,366,366,349,326,353,358,357,371,357,358,269,314,314,304,336,314,317,286,317,371,371,366,284,284,372,314,305,310,296,296,240,303,314,326,278,199,199,305,310,256,265,317,377,378,398,300,253,253,253,271,303,310,377,413,413,385,436,385,248,305,226,240,272,421,436,436,408,443,422,392,392,240,310,310,332,332,346,431,385,385,422,422,391,362,327,372,354,431,385,385,409,379,379,368,372,379,328,486,422,431,431,327,312,349,318,386,379,379,363,374,408,409,401,391,391,386,424,379,379,373,363,379,370,379,409,386,423,409,333,318,328,379,380,380,356,357,401,414,288,349,373,373,460,410,380,356,357,357,371,379,459,460,469,437,402,371,410,380,380,365,365,379
MYD17A2H.A2021161.h12v02.006.2021170065049.Psn_QC_500m,MYD17A2H,A2021161,Lat65.9255Lon-137.4220833Samp13Line13,2021170065049,Psn_QC_500m,2,2,2,2,2,2,2,2,2,2,2,2,2,2,2,2,2,2,2,2,2,2,2,2,2,2,2,2,2,2,2,2,2,2,2,2,2,2,2,2,2,2,2,2,2,2,2,2,2,2,2,2,2,2,2,2,2,2,2,2,2,2,2,2,2,2,2,2,2,2,2,2,2,2,2,2,2,2,2,2,2,2,2,2,2,2,2,2,2,2,2,2,2,2,2,2,2,2,2,2,2,2,2,2,2,2,2,2,2,2,2,2,2,2,2,2,2,2,2,2,2,2,2,2,2,2,2,2,2,2,2,2,2,2,2,2,2,2,2,2,2,2,2,2,2,2,2,2,2,2,2,2,2,2,2,2,2,2,2,2,2,2,2,2,2,2,2,2,2
MYD17A2H.A2021169.h12v02.006.2021178081234.Gpp_500m,MYD17A2H,A2021169,Lat65.9255Lon-137.4220833Samp13Line13,2021178081234,Gpp_500m,566,566,517,538,538,538,538,538,626,596,576,586,589,556,645,616,616,576,508,546,605,596,538,538,488,410,676,676,616,576,538,666,576,508,509,389,469,469,410,596,675,527,486,486,456,410,389,389,389,549,539,539,517,467,406,456,410,459,410,410,480,599,549,539,501,328,388,370,459,538,539,539,618,558,610,558,549,550,370,370,599,599,558,549,558,558,501,610,610,550,481,558,558,549,589,558,558,489,539,501,489,501,510,510,659,599,610,610,650,589,519,519,531,510,510,552,579,599,599,578,549,539,539,579,621,621,589,570,552,552,539,530,539,539,599,569,579,570,590,579,580,610,531,558,558,539,551,680,640,640,571,571,561,540,581,591,489,660,660,650,729,650,600,571,601,561,561,561,522
MYD17A2H.A2021169.h12v02.006.2021178081234.PsnNet_500m,MYD17A2H,A2021169,Lat65.9255Lon-137.4220833Samp13Line13,2021178081234,PsnNet_500m,509,509,467,483,484,484,484,483,559,532,520,525,527,504,574,553,553,520,457,492,545,535,484,485,442,373,597,597,553,516,483,591,516,457,458,354,425,425,373,535,600,474,441,441,413,373,354,354,354,495,485,485,466,424,372,413,373,416,373,373,431,538,495,485,450,300,352,337,416,485,485,485,553,506,543,506,495,495,337,337,538,538,506,495,506,506,450,543,543,495,432,506,506,495,528,506,506,443,485,450,443,452,464,464,586,538,543,543,577,529,470,470,479,464,464,496,522,538,538,522,495,485,486,523,555,555,528,513,496,496,485,479,485,486,535,513,523,516,528,522,522,549,479,506,506,486,495,605,571,571,513,513,506,486,522,530,444,586,587,579,643,583,540,514,542,507,507,507,472
MYD17A2H.A2021169.h12v02.006.2021178081234.Psn_QC_500m,MYD17A2H,A2021169,Lat65.9255Lon-137.4220833Samp13Line13,2021178081234,Psn_QC_500m,2,2,2,2,2,2,2,2,2,2,2,2,2,2,2,2,2,2,2,2,2,2,2,2,2,2,2,2,2,2,2,2,2,2,2,2,2,2,2,2,2,2,2,2,2,2,2,2,2,2,2,2,2,2,2,2,2,2,2,2,2,2,2,2,2,2,2,2,2,2,2,2,2,2,2,2,2,2,2,2,2,2,2,2,2,2,2,2,2,2,2,2,2,2,2,2,2,2,2,2,2,2,2,2,2,2,2,2,2,2,2,2,2,2,2,2,2,2,2,2,2,2,2,2,2,2,2,2,2,2,2,2,2,2,2,2,2,2,2,2,2,2,2,2,2,2,2,2,2,2,2,2,2,2,2,2,2,2,2,2,2,2,2,2,2,2,2,2,2
MYD17A2H.A2021177.h12v02.006.2021188164838.Gpp_500m,MYD17A2H,A2021177,Lat65.9255Lon-137.4220833Samp13Line13,2021188164838,Gpp_500m,655,706,655,604,573,562,573,573,656,614,674,573,574,800,666,655,655,615,553,635,769,728,729,522,511,511,698,697,644,594,562,674,674,563,562,574,552,511,561,696,717,718,655,563,520,522,530,543,574,624,624,624,541,489,489,541,522,543,543,636,645,645,636,689,594,498,583,468,562,562,636,710,710,636,709,678,678,605,511,562,636,699,636,668,668,604,604,625,678,605,687,574,668,615,688,668,668,604,604,583,574,573,583,583,762,720,762,762,762,657,605,583,593,583,583,551,583,699,699,657,625,613,613,657,626,583,572,572,572,583,624,604,605,668,667,666,572,572,572,594,605,605,563,720,574,573,605,708,646,645,594,572,572,550,614,614,708,613,708,719,719,677,594,595,605,584,572,573,572
MYD17A2H.A2021177.h12v02.006.2021188164838.PsnNet_500m,MYD17A2H,A2021177,Lat65.9255Lon-137.4220833Samp13Line13,2021188164838,PsnNet_500m,595,636,592,546,523,512,523,523,592,557,612,522,523,712,603,592,592,558,502,575,688,656,655,477,467,467,627,627,585,539,513,611,611,513,512,523,502,467,512,625,644,644,591,513,477,477,488,496,523,568,568,568,494,449,449,493,474,496,496,575,585,585,575,620,539,457,528,428,512,512,575,639,639,578,634,610,610,552,467,512,575,628,575,603,604,552,552,568,614,551,621,523,602,558,621,604,604,552,552,530,522,521,532,532,679,648,679,679,679,593,552,530,539,532,532,506,529,631,630,593,568,558,558,593,568,532,521,521,521,533,568,552,552,603,603,599,521,521,521,541,551,551,515,645,522,521,551,637,585,585,541,521,521,500,559,558,642,558,637,644,644,614,540,539,551,533,522,522,521
MYD17A2H.A2021177.h12v02.006.2021188164838.Psn_QC_500m,MYD17A2H,A2021177,Lat65.9255Lon-137.4220833Samp13Line13,2021188164838,Psn_QC_500m,2,2,2,2,2,2,2,2,2,2,2,2,2,2,2,2,2,2,2,2,2,2,2,2,2,2,2,2,2,2,2,2,2,2,2,2,2,2,2,2,2,2,2,2,2,2,2,2,2,2,2,2,2,2,2,2,2,2,2,2,2,2,2,2,2,2,2,2,2,2,2,2,2,2,2,2,2,2,2,2,2,2,2,2,2,2,2,2,2,2,2,2,2,2,2,2,2,2,2,2,2,2,2,2,2,2,2,2,2,2,2,2,2,2,2,2,2,2,2,2,2,2,2,2,2,2,2,2,2,2,2,2,2,2,2,2,2,2,2,2,2,2,2,2,2,2,2,2,2,2,2,2,2,2,2,2,2,2,2,2,2,2,2,2,2,2,2,2,2
MYD17A2H.A2021185.h12v02.006.2021194072422.Gpp_500m,MYD17A2H,A2021185,Lat65.9255Lon-137.4220833Samp13Line13,2021194072422,Gpp_500m,483,483,519,438,339,467,472,498,505,505,444,467,414,482,399,354,452,458,458,444,473,473,444,441,405,397,407,504,498,458,489,505,505,451,397,397,397,405,405,543,543,429,399,429,437,375,375,383,412,449,472,449,473,391,384,422,397,397,412,465,473,472,479,495,495,413,413,414,413,427,509,502,502,516,516,516,456,503,345,405,495,473,502,502,516,479,487,503,503,503,487,465,577,509,509,502,585,479,479,494,456,456,433,457,539,539,563,547,585,516,479,479,479,472,479,464,464,577,502,487,479,479,503,502,487,465,472,472,568,568,487,487,487,507,516,472,465,411,411,457,337,405,432,487,472,472,472,532,449,447,464,390,419,464,493,493,493,493,575,367,411,411,382,390,388,239,239,285,352
MYD17A2H.A2021185.h12v02.006.2021194072422.PsnNet_500m,MYD17A2H,A2021185,Lat65.9255Lon-137.4220833Samp13Line13,2021194072422,PsnNet_500m,429,429,454,391,307,419,424,438,444,444,396,415,369,429,362,322,405,407,407,396,419,419,395,395,361,354,369,448,438,407,433,442,442,405,355,355,354,361,361,474,472,385,357,385,391,337,337,342,370,402,417,396,419,353,345,377,355,355,370,413,417,417,425,434,434,368,368,369,369,381,446,442,442,454,454,454,404,441,311,361,436,417,442,442,454,425,428,441,441,441,429,413,499,449,449,442,508,425,425,436,405,405,388,405,474,474,489,474,508,454,425,425,426,416,426,412,412,502,444,428,425,425,441,441,429,412,419,419,491,491,428,428,429,449,454,416,412,368,368,404,305,361,385,429,416,421,421,465,396,396,412,353,373,408,432,432,436,436,501,328,368,369,342,349,349,215,215,258,321
MYD17A2H.A2021185.h12v02.006.2021194072422.Psn_QC_500m,MYD17A2H,A2021185,Lat65.9255Lon-137.4220833Samp13Line13,2021194072422,Psn_QC_500m,2,2,2,10,10,2,2,2,2,2,2,2,2,2,18,18,2,2,2,2,2,2,2,2,2,2,18,2,2,2,2,2,2,2,2,2,2,2,2,2,2,2,2,2,2,2,2,2,2,2,2,2,2,2,2,2,2,2,2,2,2,2,2,2,2,2,2,2,2,2,2,2,2,2,2,2,2,2,2,2,2,2,2,2,2,2,2,2,2,2,2,2,2,2,2,2,2,2,2,2,2,2,2,2,2,2,2,2,2,2,2,2,2,2,2,2,2,2,2,2,2,2,2,2,2,2,2,2,18,18,2,2,2,2,2,2,2,2,2,2,10,2,2,2,2,2,2,2,2,2,2,10,2,2,2,2,2,2,2,2,2,2,2,2,2,2,2,2,10
MYD17A2H.A2021193.h12v02.006.2021203035911.Gpp_500m,MYD17A2H,A2021193,Lat65.9255Lon-137.4220833Samp13Line13,2021203035911,Gpp_500m,391,391,416,450,398,433,425,450,450,416,416,409,342,441,441,450,433,433,384,409,409,166,384,293,293,375,458,458,458,416,258,158,391,308,309,342,375,349,233,458,433,468,468,333,283,284,233,217,333,402,409,409,433,360,360,374,375,375,375,384,416,416,384,433,433,232,216,342,342,408,433,433,457,409,458,458,376,402,349,366,433,426,426,409,433,433,376,433,451,392,410,433,433,433,501,517,402,426,392,376,358,416,416,451,500,492,517,525,492,392,376,376,383,409,402,358,468,517,433,433,392,392,392,433,402,409,409,376,376,366,402,402,392,525,509,441,441,376,376,366,392,392,376,392,376,425,433,432,432,458,383,457,526,526,468,468,392,475,501,517,416,383,383,501,501,476,376,359,402
MYD17A2H.A2021193.h12v02.006.2021203035911.PsnNet_500m,MYD17A2H,A2021193,Lat65.9255Lon-137.4220833Samp13Line13,2021203035911,PsnNet_500m,356,356,375,406,362,390,383,406,405,375,375,370,310,397,397,406,390,390,348,367,372,155,348,268,268,339,410,410,410,375,238,145,356,282,285,310,339,317,213,410,388,418,418,303,262,262,216,198,304,361,367,367,388,327,327,340,340,340,339,347,375,375,347,388,388,216,199,309,309,368,388,388,412,368,412,412,339,360,317,330,393,384,384,368,393,393,339,393,405,356,368,393,393,393,446,463,360,384,356,338,325,377,377,404,446,441,463,468,441,356,338,338,347,373,364,326,422,462,393,393,356,356,356,393,364,373,373,338,339,331,360,360,356,472,455,396,396,338,338,331,356,356,339,356,338,386,393,393,393,411,347,416,469,469,419,419,356,428,445,463,374,347,347,452,452,428,339,326,361
MYD17A2H.A2021193.h12v02.006.2021203035911.Psn_QC_500m,MYD17A2H,A2021193,Lat65.9255Lon-137.4220833Samp13Line13,2021203035911,Psn_QC_500m,2,2,2,2,2,2,2,2,2,2,2,2,2,2,2,2,2,2,2,2,67,2,2,2,2,2,2,2,2,2,10,10,2,2,2,2,2,2,2,2,2,2,2,2,2,2,10,2,2,2,2,2,2,2,2,2,2,2,2,2,2,2,2,2,2,10,2,2,2,2,2,2,2,2,2,2,2,2,2,2,2,2,2,2,2,2,2,2,2,2,2,2,2,2,2,2,2,2,2,2,2,2,2,2,2,2,2,2,2,2,2,2,2,2,2,2,2,2,2,2,2,2,2,2,2,2,2,2,2,2,2,2,2,18,18,2,2,2,2,2,2,2,2,2,2,2,2,2,2,2,2,2,2,2,2,2,2,2,2,2,2,2,2,2,2,2,2,2,2
MYD17A2H.A2021201.h12v02.006.2021210071939.Gpp_500m,MYD17A2H,A2021201,Lat65.9255Lon-137.4220833Samp13Line13,2021210071939,Gpp_500m,417,433,494,441,562,441,401,515,416,401,441,441,387,562,591,454,455,433,448,506,507,462,409,379,379,379,471,456,456,493,507,507,379,394,349,379,379,371,379,636,636,388,388,371,387,387,362,363,393,425,410,402,394,349,349,401,402,393,402,387,410,410,387,418,515,349,349,342,371,410,410,410,464,393,463,463,379,486,362,362,455,455,417,562,562,540,410,456,524,450,418,433,410,478,523,593,410,547,470,410,410,372,387,387,638,515,600,615,540,500,500,402,402,402,395,365,403,570,455,554,464,464,418,524,418,418,387,387,403,395,410,402,394,418,418,508,456,456,379,395,403,403,365,418,418,379,395,470,470,426,379,387,387,365,386,403,379,480,480,487,458,403,403,380,403,372,403,464,479
MYD17A2H.A2021201.h12v02.006.2021210071939.PsnNet_500m,MYD17A2H,A2021201,Lat65.9255Lon-137.4220833Samp13Line13,2021210071939,PsnNet_500m,365,378,425,384,473,384,358,443,365,352,384,385,341,477,491,397,397,378,392,437,437,400,357,333,333,333,408,394,394,425,437,437,332,346,307,333,333,326,331,521,521,338,338,326,338,338,324,324,347,369,358,351,345,307,307,351,351,347,354,338,358,358,339,366,444,307,307,299,322,357,357,358,401,343,401,401,330,420,324,324,393,393,366,475,475,465,359,400,451,388,366,380,357,415,451,499,359,467,408,359,359,326,339,339,522,444,502,510,457,432,432,350,350,355,347,320,350,482,393,471,401,401,362,448,366,367,338,338,349,347,359,350,347,362,362,437,400,400,331,347,349,349,319,367,367,330,347,405,405,370,331,338,339,319,340,355,330,412,412,418,394,349,349,332,355,328,358,403,414
MYD17A2H.A2021201.h12v02.006.2021210071939.Psn_QC_500m,MYD17A2H,A2021201,Lat65.9255Lon-137.4220833Samp13Line13,2021210071939,Psn_QC_500m,2,2,2,2,2,2,10,2,2,2,2,2,2,2,2,2,2,2,2,2,2,2,2,2,2,2,2,2,2,2,2,2,2,2,2,2,2,2,2,2,2,2,2,2,2,2,2,2,2,2,2,2,2,2,2,2,2,2,2,2,2,2,2,2,2,2,2,2,2,2,2,2,2,2,2,2,2,2,10,10,2,2,2,2,2,2,2,18,2,2,2,2,2,2,2,2,2,2,2,2,2,2,2,2,2,2,2,2,2,2,2,2,2,2,2,2,2,2,2,2,2,2,2,2,2,2,2,2,2,2,2,2,2,2,2,2,2,2,2,2,2,2,2,2,2,2,2,2,2,2,2,2,2,2,2,2,2,2,2,2,2,2,2,2,2,2,2,2,2
MYD17A2H.A2021209.h12v02.006.2021221211809.Gpp_500m,MYD17A2H,A2021209,Lat65.9255Lon-137.4220833Samp13Line13,2021221211809,Gpp_500m,391,429,415,430,437,400,452,415,429,494,494,494,407,443,458,458,437,480,480,480,517,517,480,439,388,366,554,574,523,494,494,546,429,472,388,388,366,388,425,523,465,465,386,437,437,432,407,402,402,490,491,481,416,355,356,422,425,432,460,460,474,474,461,527,505,350,386,344,432,439,439,460,519,498,519,505,505,438,351,379,446,468,474,498,519,519,474,475,453,403,352,432,490,490,547,512,512,474,475,461,382,389,382,382,490,547,547,601,519,498,396,389,397,389,344,344,359,498,519,418,403,403,397,397,389,337,331,374,331,388,395,403,433,461,462,438,366,337,337,389,388,388,418,425,425,438,505,505,389,418,344,440,440,448,492,492,418,566,566,403,529,462,492,462,463,483,455,455,434
MYD17A2H.A2021209.h12v02.006.2021221211809.PsnNet_500m,MYD17A2H,A2021209,Lat65.9255Lon-137.4220833Samp13Line13,2021221211809,PsnNet_500m,345,376,363,376,382,352,393,363,373,429,429,429,362,387,400,400,381,417,417,417,445,445,418,384,339,321,467,485,448,427,426,463,372,410,339,339,321,342,370,446,410,410,339,382,382,377,360,354,354,422,422,415,363,316,316,368,369,377,401,401,415,415,401,451,434,312,339,304,381,388,388,401,448,428,447,438,438,389,312,336,388,410,415,428,444,444,415,415,394,357,311,377,422,422,466,439,439,412,412,404,335,341,335,335,421,471,471,502,447,428,348,341,347,344,303,303,318,431,447,366,352,352,347,347,344,301,292,334,292,348,348,355,378,399,399,386,324,299,300,344,344,345,371,375,370,382,435,435,341,370,307,386,387,392,425,425,368,479,479,357,451,401,424,403,403,422,398,398,381
MYD17A2H.A2021209.h12v02.006.2021221211809.Psn_QC_500m,MYD17A2H,A2021209,Lat65.9255Lon-137.4220833Samp13Line13,2021221211809,Psn_QC_500m,2,2,2,2,2,2,2,2,2,2,2,2,2,2,2,2,2,2,2,2,2,2,2,2,2,2,2,2,2,2,2,2,2,2,2,2,2,2,2,2,2,2,2,2,2,2,2,2,2,2,2,2,2,2,2,2,2,2,2,2,2,2,2,2,10,2,2,2,2,2,2,2,2,2,2,10,10,10,2,2,2,18,2,2,2,2,10,10,2,2,2,2,18,18,2,2,2,10,10,10,2,2,2,2,2,2,2,2,2,2,2,2,2,2,2,2,2,2,2,2,2,2,2,2,10,10,2,2,2,10,2,2,2,2,2,10,2,2,2,2,10,10,10,2,2,2,2,2,2,2,2,2,2,2,2,2,2,2,2,2,2,2,2,2,2,2,2,2,2
MYD17A2H.A2021217.h12v02.006.2021226104615.Gpp_500m,MYD17A2H,A2021217,Lat65.9255Lon-137.4220833Samp13Line13,2021226104615,Gpp_500m,224,232,232,208,232,221,126,205,205,216,216,224,194,228,232,232,227,123,221,221,206,221,206,99,99,182,240,243,243,213,164,164,167,159,161,99,182,182,186,141,141,197,178,187,197,182,182,185,190,210,216,205,197,183,175,203,185,185,190,213,219,219,219,228,228,170,183,198,198,198,236,225,225,239,236,236,239,214,182,182,225,216,228,228,243,232,232,225,225,225,237,217,216,251,239,239,248,248,210,202,206,186,214,206,266,270,270,280,255,227,227,214,221,221,206,206,206,278,260,236,232,225,221,221,216,197,198,209,206,206,220,227,227,232,232,225,213,209,209,216,225,225,209,227,232,206,209,262,247,240,239,209,209,203,209,225,206,233,260,259,259,243,215,215,206,214,206,206,227
MYD17A2H.A2021217.h12v02.006.2021226104615.PsnNet_500m,MYD17A2H,A2021217,Lat65.9255Lon-137.4220833Samp13Line13,2021226104615,PsnNet_500m,192,200,200,181,200,190,109,176,176,189,189,194,168,196,200,200,196,108,190,190,179,190,176,87,87,160,203,207,207,183,145,145,149,140,141,87,158,158,162,126,126,172,156,161,172,160,160,162,167,180,186,177,172,160,153,172,162,162,167,183,188,188,189,197,196,148,159,170,170,170,200,191,191,202,200,200,202,183,158,158,191,186,197,197,206,198,198,192,192,192,202,186,186,213,202,202,210,210,180,173,177,162,184,177,224,227,227,237,215,196,196,183,191,191,177,177,177,232,218,202,198,192,187,187,185,170,170,181,177,177,187,196,196,198,197,192,184,181,181,185,192,193,181,196,197,177,180,221,209,202,202,181,181,174,180,193,177,197,219,217,217,208,185,185,177,184,177,177,197
MYD17A2H.A2021217.h12v02.006.2021226104615.Psn_QC_500m,MYD17A2H,A2021217,Lat65.9255Lon-137.4220833Samp13Line13,2021226104615,Psn_QC_500m,2,2,2,2,2,2,2,2,2,2,2,2,2,2,2,2,2,10,2,2,2,2,2,2,2,2,2,2,2,2,2,2,2,10,10,2,2,2,2,2,2,2,2,2,2,2,2,2,2,2,2,2,2,2,2,2,2,2,2,2,2,2,2,2,2,2,2,2,2,2,2,2,2,2,2,2,2,2,2,2,2,2,2,2,2,2,2,2,2,2,2,2,2,2,2,2,2,2,2,2,2,2,2,2,2,2,2,2,2,2,2,2,2,2,2,2,2,2,2,2,2,2,2,2,2,2,2,2,2,2,2,2,2,2,2,2,2,2,2,2,2,2,2,2,2,2,2,2,2,2,2,2,2,2,2,2,2,2,2,2,2,2,2,2,2,2,2,2,2
MYD17A2H.A2021225.h12v02.006.2021234083747.Gpp_500m,MYD17A2H,A2021225,Lat65.9255Lon-137.4220833Samp13Line13,2021234083747,Gpp_500m,199,214,188,188,194,188,199,201,162,157,157,81,81,202,202,190,190,193,140,140,160,128,113,114,114,69,209,162,110,166,166,149,110,128,114,128,150,151,151,128,205,205,168,128,128,128,114,143,144,140,151,151,199,176,140,157,156,114,140,140,129,151,151,188,188,168,191,156,156,173,179,151,151,169,213,213,217,227,190,190,168,198,144,144,135,217,217,218,219,239,239,184,209,179,261,184,206,206,206,206,227,227,233,233,209,206,189,179,146,155,155,197,197,242,226,224,175,264,264,176,184,184,208,256,252,239,219,225,225,143,140,140,129,175,249,246,224,224,194,194,182,143,143,129,213,129,179,201,202,194,151,117,147,154,154,181,129,173,173,157,146,124,125,147,151,150,199,154,208
MYD17A2H.A2021225.h12v02.006.2021234083747.PsnNet_500m,MYD17A2H,A2021225,Lat65.9255Lon-137.4220833Samp13Line13,2021234083747,PsnNet_500m,180,192,169,169,177,169,180,183,146,146,146,74,75,183,183,175,175,177,128,128,146,117,105,104,104,66,190,149,104,151,151,139,104,117,104,118,138,138,138,116,186,186,154,117,117,118,104,130,130,125,138,138,180,159,128,146,146,104,125,125,118,138,138,169,169,154,173,143,143,157,163,138,138,153,189,190,195,205,173,173,154,179,130,130,121,196,196,198,197,214,214,166,189,163,218,167,178,178,186,186,205,204,209,212,181,186,169,161,135,139,139,178,178,218,207,201,159,219,219,156,168,168,189,228,226,214,198,203,203,125,125,125,117,159,223,219,203,203,176,176,167,126,126,117,191,117,164,184,184,176,131,109,129,135,135,154,117,153,153,143,135,112,112,129,130,130,180,134,187
MYD17A2H.A2021225.h12v02.006.2021234083747.Psn_QC_500m,MYD17A2H,A2021225,Lat65.9255Lon-137.4220833Samp13Line13,2021234083747,Psn_QC_500m,2,2,2,2,2,2,10,2,10,10,10,2,2,2,2,2,2,2,2,2,10,2,10,10,10,10,2,10,2,2,2,2,10,2,10,2,2,2,2,10,2,2,2,2,2,2,2,2,2,2,2,2,2,2,2,10,10,2,2,2,2,2,2,18,18,10,2,2,2,2,2,2,2,2,2,2,2,2,2,2,2,2,2,2,10,2,2,2,2,2,2,2,2,2,10,2,10,10,2,2,2,2,2,2,2,2,2,10,2,2,2,2,2,2,2,2,2,10,10,10,2,2,2,2,2,2,2,2,2,2,10,10,2,2,2,2,2,2,2,2,10,2,2,2,2,2,2,2,2,2,10,10,2,2,2,2,2,2,2,18,10,2,2,2,2,2,10,2,10
MYD17A2H.A2021233.h12v02.006.2021243142851.Gpp_500m,MYD17A2H,A2021233,Lat65.9255Lon-137.4220833Samp13Line13,2021243142851,Gpp_500m,75,75,60,87,52,52,52,61,96,87,76,102,103,101,96,96,87,87,93,49,65,65,109,45,45,78,87,93,25,49,49,52,11,44,95,95,55,94,94,40,49,87,88,88,93,94,68,11,11,49,92,95,99,95,87,95,25,25,25,94,94,92,92,91,39,156,161,159,88,88,88,92,92,39,39,45,45,45,159,88,78,49,49,51,51,60,51,95,96,25,100,94,51,51,51,96,96,91,43,51,51,130,131,96,96,96,96,25,20,20,82,82,157,157,163,145,133,43,43,20,20,82,82,157,163,25,25,25,142,142,72,72,72,72,72,19,157,157,157,151,161,160,160,160,160,157,157,200,193,192,184,169,157,157,154,157,154,176,197,202,202,187,184,184,154,154,147,94,67
MYD17A2H.A2021233.h12v02.006.2021243142851.PsnNet_500m,MYD17A2H,A2021233,Lat65.9255Lon-137.4220833Samp13Line13,2021243142851,PsnNet_500m,69,69,54,79,47,47,47,55,87,79,69,93,94,93,87,87,79,79,84,45,61,61,98,41,41,73,79,84,25,45,45,49,10,39,87,87,50,85,85,36,45,79,79,79,84,85,61,10,10,45,85,85,89,87,79,87,24,24,24,85,85,82,85,85,36,141,143,141,81,81,81,85,85,36,36,41,41,41,141,81,73,45,45,49,49,55,46,85,87,24,90,85,49,49,49,87,87,85,37,48,48,118,118,87,87,87,87,24,20,20,75,75,140,140,146,132,121,37,37,20,20,75,75,140,146,24,24,24,127,126,69,69,69,69,69,16,139,139,138,135,141,141,141,140,140,140,140,174,168,168,162,149,138,138,135,138,136,156,171,175,175,164,162,162,135,135,132,85,60
MYD17A2H.A2021233.h12v02.006.2021243142851.Psn_QC_500m,MYD17A2H,A2021233,Lat65.9255Lon-137.4220833Samp13Line13,2021243142851,Psn_QC_500m,10,10,10,18,18,18,18,18,18,18,10,10,10,18,18,18,18,18,18,10,10,10,10,10,10,10,18,18,10,10,10,10,107,10,10,10,10,10,10,10,10,18,18,18,18,10,10,107,107,10,10,10,18,18,18,18,10,10,10,10,10,10,10,10,10,10,10,10,10,10,10,10,10,10,10,10,10,10,10,10,10,10,10,10,10,10,18,10,10,10,10,10,10,10,10,10,10,10,10,10,10,10,10,10,10,10,10,10,107,107,10,10,18,18,10,10,10,10,10,107,107,10,10,18,18,10,10,10,2,2,2,2,18,18,18,107,2,2,2,2,2,2,2,2,2,2,2,2,2,2,2,2,2,2,2,2,2,2,2,2,2,2,2,2,2,2,2,18,2
MYD17A2H.A2021241.h12v02.006.2021251191152.Gpp_500m,MYD17A2H,A2021241,Lat65.9255Lon-137.4220833Samp13Line13,2021251191152,Gpp_500m,124,122,122,108,108,109,109,106,106,113,113,106,101,116,117,106,109,109,109,109,113,113,106,106,106,106,122,122,106,106,106,109,106,106,94,106,106,106,106,122,116,106,81,93,106,106,106,106,106,117,117,117,106,106,106,93,106,94,106,113,122,122,117,124,122,80,87,80,94,106,109,109,139,124,132,122,117,124,91,109,123,129,124,124,124,122,94,122,129,129,122,123,151,151,139,144,122,134,122,116,122,116,116,116,152,158,162,162,139,139,124,106,107,107,116,116,123,139,132,132,129,129,132,122,118,122,107,107,116,116,129,129,129,129,116,116,107,123,123,123,123,107,116,139,139,118,129,129,139,155,139,107,107,132,123,118,118,145,159,159,139,134,155,155,155,110,110,117,125
MYD17A2H.A2021241.h12v02.006.2021251191152.PsnNet_500m,MYD17A2H,A2021241,Lat65.9255Lon-137.4220833Samp13Line13,2021251191152,PsnNet_500m,110,109,109,97,97,97,97,95,95,102,102,95,90,103,103,95,97,97,97,97,102,102,95,96,96,96,109,109,95,95,95,97,95,95,83,96,96,96,96,109,103,95,76,84,95,96,96,96,96,105,105,105,95,95,95,84,96,83,96,101,109,109,105,110,109,69,78,71,83,96,97,97,123,110,116,109,105,110,80,97,110,114,110,110,110,109,83,109,112,112,109,110,132,132,123,123,109,118,109,102,109,102,102,105,134,137,142,142,123,123,110,96,96,96,105,105,109,123,116,116,112,112,116,109,105,109,96,96,102,102,111,112,112,112,102,102,96,109,109,109,109,96,102,123,123,105,115,115,125,136,126,96,96,116,109,106,105,130,139,139,126,118,136,136,138,98,98,102,111
MYD17A2H.A2021241.h12v02.006.2021251191152.Psn_QC_500m,MYD17A2H,A2021241,Lat65.9255Lon-137.4220833Samp13Line13,2021251191152,Psn_QC_500m,2,2,2,2,2,2,2,2,2,2,2,2,2,2,2,2,2,2,2,2,2,2,2,2,2,2,2,2,2,2,2,2,2,2,2,2,2,2,2,2,2,2,2,2,2,2,2,2,2,2,2,2,2,2,2,2,2,2,2,2,2,2,2,2,2,2,2,2,2,2,2,2,2,2,2,2,2,2,2,2,2,2,2,2,2,2,2,2,2,2,2,2,2,2,2,2,2,2,2,2,2,2,2,2,2,2,2,2,2,2,2,2,2,2,2,2,2,2,2,2,2,2,2,2,2,2,2,2,2,2,2,2,2,2,2,2,2,2,2,2,2,2,2,2,2,2,2,2,2,2,2,2,2,2,2,2,2,2,2,2,2,2,2,2,2,2,2,2,2
MYD17A2H.A2021249.h12v02.006.2021258074101.Gpp_500m,MYD17A2H,A2021249,Lat65.9255Lon-137.4220833Samp13Line13,2021258074101,Gpp_500m,93,99,113,102,97,115,97,83,83,74,93,93,93,115,115,115,99,74,74,70,83,74,74,93,87,93,113,113,86,93,86,74,74,74,81,93,100,88,113,115,113,74,70,70,74,74,87,87,88,113,113,113,93,86,70,70,87,93,93,88,113,133,133,113,113,70,70,71,87,93,100,113,136,133,130,100,113,134,74,74,113,113,121,123,123,113,113,113,115,123,140,127,133,150,130,130,127,145,113,113,113,113,113,128,169,169,127,153,153,134,127,113,113,127,130,123,114,115,134,134,144,140,134,127,114,123,123,114,114,123,93,123,134,134,130,128,135,135,116,123,123,114,123,134,130,113,154,163,163,154,147,116,118,114,114,114,127,123,161,161,156,154,150,150,136,129,114,114,114
MYD17A2H.A2021249.h12v02.006.2021258074101.PsnNet_500m,MYD17A2H,A2021249,Lat65.9255Lon-137.4220833Samp13Line13,2021258074101,PsnNet_500m,85,90,101,94,87,105,87,77,77,69,85,86,86,105,105,105,90,69,69,66,77,69,69,86,81,86,101,101,78,85,78,69,69,69,74,86,92,81,103,105,101,69,66,66,69,70,81,81,81,103,103,103,85,78,66,66,81,86,86,81,103,121,121,103,103,66,66,66,81,86,92,103,123,121,118,92,103,121,70,70,103,103,109,112,112,103,103,103,107,113,128,115,121,136,117,117,115,134,103,103,103,103,103,115,150,151,115,136,136,121,115,103,103,115,119,113,103,106,121,121,128,128,121,115,103,113,113,103,103,113,86,112,121,121,118,115,121,121,107,113,113,103,113,121,118,103,136,149,149,139,135,107,107,103,103,103,115,114,144,144,141,139,136,136,125,115,103,103,103
MYD17A2H.A2021249.h12v02.006.2021258074101.Psn_QC_500m,MYD17A2H,A2021249,Lat65.9255Lon-137.4220833Samp13Line13,2021258074101,Psn_QC_500m,2,2,2,2,2,2,2,2,2,2,2,2,2,2,2,2,2,2,2,2,2,2,2,2,2,2,2,2,2,2,2,2,2,2,2,2,2,2,2,2,2,2,2,2,2,2,2,2,2,2,2,2,2,2,2,2,2,2,2,2,2,2,2,2,2,2,2,2,2,2,2,2,2,2,2,2,2,2,2,2,2,2,2,2,2,2,2,2,2,2,2,2,2,2,2,2,2,2,2,2,2,2,2,2,2,2,2,2,2,2,2,2,2,2,2,2,2,2,2,2,2,2,2,2,2,2,2,2,2,2,2,2,2,2,2,2,2,2,2,2,2,2,2,2,2,2,2,2,2,2,2,2,2,2,2,2,2,2,2,2,2,2,2,2,2,2,2,2,2
MYD17A2H.A2021257.h12v02.006.2021266054340.Gpp_500m,MYD17A2H,A2021257,Lat65.9255Lon-137.4220833Samp13Line13,2021266054340,Gpp_500m,50,50,33,44,54,48,48,36,36,42,42,42,42,50,44,54,42,42,27,42,42,42,42,34,34,43,54,54,42,35,35,33,27,33,34,34,36,35,42,46,42,23,23,36,35,36,36,36,42,51,51,51,48,35,35,33,34,51,61,42,51,51,51,63,66,27,27,34,42,36,42,51,72,71,55,61,61,61,42,51,44,51,56,61,70,51,51,51,51,61,72,63,63,59,70,60,71,51,51,44,61,61,61,50,75,66,69,69,69,69,59,44,51,51,79,61,51,51,71,71,66,61,61,61,61,67,51,51,61,61,51,51,66,66,56,56,61,67,56,61,56,56,56,66,71,61,63,67,72,71,71,51,55,55,51,43,56,63,63,67,67,67,63,67,63,56,55,51,51
MYD17A2H.A2021257.h12v02.006.2021266054340.PsnNet_500m,MYD17A2H,A2021257,Lat65.9255Lon-137.4220833Samp13Line13,2021266054340,PsnNet_500m,43,43,27,38,47,43,43,34,34,35,35,35,36,43,38,47,37,37,24,35,38,38,38,27,27,39,47,47,37,28,28,27,22,27,27,27,33,28,36,40,35,21,21,34,28,33,33,33,36,43,43,43,43,28,28,27,27,43,51,36,43,43,43,52,56,24,22,27,36,33,36,43,62,61,48,52,52,52,36,43,39,43,48,51,59,43,43,43,43,51,62,52,52,51,59,51,61,43,43,39,51,51,51,42,64,55,58,58,58,58,49,39,43,43,67,51,42,45,61,61,56,51,51,51,51,56,42,42,51,51,43,45,56,56,48,48,51,56,48,51,48,48,48,56,59,51,52,56,62,62,62,42,48,48,42,38,48,52,52,56,56,56,54,57,54,48,48,42,43
MYD17A2H.A2021257.h12v02.006.2021266054340.Psn_QC_500m,MYD17A2H,A2021257,Lat65.9255Lon-137.4220833Samp13Line13,2021266054340,Psn_QC_500m,2,2,2,2,18,18,18,18,18,10,18,10,10,2,2,18,18,18,18,18,2,2,2,2,2,2,18,18,18,2,2,2,2,2,2,2,10,2,2,2,2,2,2,2,2,2,2,2,10,2,2,2,18,2,2,2,2,2,10,10,2,2,2,2,2,18,18,2,2,18,18,2,2,2,2,2,2,2,2,2,2,2,2,2,2,2,2,2,2,2,2,2,2,2,2,2,10,2,2,2,2,2,2,18,2,2,2,2,2,2,2,2,2,2,2,10,2,2,2,2,2,2,2,18,18,18,2,2,2,2,2,2,2,2,18,18,2,2,2,2,2,2,10,2,2,2,2,2,2,2,2,2,10,10,2,10,2,2,2,2,2,2,10,2,18,2,2,2,2
MYD17A2H.A2021265.h12v02.006.2021279172724.Gpp_500m,MYD17A2H,A2021265,Lat65.9255Lon-137.4220833Samp13Line13,2021279172724,Gpp_500m,0,0,0,0,0,0,0,0,0,0,0,0,0,0,0,0,0,0,0,0,0,0,0,0,0,0,0,0,0,0,0,0,0,0,0,0,0,0,0,0,0,0,0,0,0,0,0,0,0,0,0,1,0,0,0,0,0,0,0,0,0,0,1,1,0,0,0,0,0,0,0,0,0,0,0,1,1,0,0,0,0,0,0,0,0,0,0,0,1,0,0,0,0,0,0,0,0,0,0,0,0,1,0,0,0,0,0,0,0,0,0,0,0,1,1,0,1,0,0,0,0,1,1,1,0,1,0,0,1,1,1,1,0,0,0,0,2,1,1,0,0,0,0,0,0,1,0,0,0,0,0,0,1,0,0,1,0,0,0,0,0,0,0,0,0,0,0,0,1
MYD17A2H.A2021265.h12v02.006.2021279172724.PsnNet_500m,MYD17A2H,A2021265,Lat65.9255Lon-137.4220833Samp13Line13,2021279172724,PsnNet_500m,0,0,0,0,0,0,0,0,0,0,0,0,0,0,0,0,0,0,0,0,0,0,0,0,0,0,0,0,0,0,0,0,0,0,0,0,0,0,0,0,0,0,0,0,0,0,0,0,0,0,0,0,0,0,0,0,0,0,0,0,0,0,0,0,0,0,0,0,0,0,0,0,0,0,0,0,0,0,0,0,0,0,0,0,0,0,0,0,0,0,0,0,0,0,0,0,0,0,0,0,0,0,0,0,0,0,0,0,0,0,0,0,0,0,0,0,0,0,0,0,0,0,0,0,0,0,0,0,0,0,0,0,0,0,0,0,1,0,0,0,0,0,0,0,0,0,0,0,0,0,0,0,0,0,0,0,0,0,0,0,0,0,0,0,0,0,0,0,0
MYD17A2H.A2021265.h12v02.006.2021279172724.Psn_QC_500m,MYD17A2H,A2021265,Lat65.9255Lon-137.4220833Samp13Line13,2021279172724,Psn_QC_500m,75,75,75,75,75,75,107,2,2,107,75,107,107,75,107,107,107,107,75,2,75,75,75,75,75,75,2,2,107,107,2,2,2,75,107,107,75,2,2,75,107,107,75,75,75,107,107,107,107,107,75,2,75,75,75,2,107,107,107,75,75,2,2,2,75,107,107,107,107,107,2,2,2,2,2,2,2,10,107,75,107,2,2,2,75,2,2,2,2,2,2,107,2,75,75,75,99,2,2,2,2,2,2,2,75,75,75,99,99,99,2,2,2,2,2,2,2,75,75,10,99,2,2,2,2,2,2,2,2,2,2,2,2,2,2,2,2,2,2,107,107,107,2,99,75,2,75,99,99,99,107,107,10,2,2,2,2,2,99,2,2,99,99,99,99,2,2,2,2
MYD17A2H.A2021273.h12v02.006.2021282063154.Gpp_500m,MYD17A2H,A2021273,Lat65.9255Lon-137.4220833Samp13Line13,2021282063154,Gpp_500m,0,0,0,0,0,0,0,0,0,0,0,0,0,0,0,0,0,0,0,0,0,0,0,0,0,0,0,0,0,0,0,0,0,0,0,0,0,0,0,0,0,0,0,0,0,0,0,0,0,0,0,0,0,0,0,0,0,0,0,0,0,0,0,0,0,0,0,0,0,0,0,0,0,0,0,0,0,0,0,0,0,0,0,0,0,0,0,0,0,0,0,0,0,0,0,0,0,0,0,0,0,0,0,0,0,0,0,0,0,0,0,0,0,0,0,0,0,0,0,0,0,0,0,0,0,0,0,0,0,0,0,0,0,0,0,0,0,0,0,0,0,0,0,0,0,0,0,0,0,0,0,0,0,0,0,0,0,0,0,0,0,0,0,0,0,0,0,0,0
MYD17A2H.A2021273.h12v02.006.2021282063154.PsnNet_500m,MYD17A2H,A2021273,Lat65.9255Lon-137.4220833Samp13Line13,2021282063154,PsnNet_500m,0,0,0,0,0,0,0,0,0,0,0,0,0,0,0,0,0,0,0,0,0,0,0,0,0,0,0,0,0,0,0,0,0,0,0,0,0,0,0,0,0,0,0,0,0,0,0,0,0,0,0,0,0,0,0,0,0,0,0,0,0,0,0,0,0,0,0,0,0,0,0,0,0,0,0,0,0,0,0,0,0,0,0,0,0,0,0,0,0,0,0,0,0,0,0,0,0,0,0,0,0,0,0,0,0,0,0,0,0,0,0,0,0,0,0,0,0,0,0,0,0,0,0,0,0,0,0,0,0,0,0,0,0,0,0,0,0,0,0,0,0,0,0,0,0,0,0,0,0,0,0,0,0,0,0,0,0,0,0,0,0,0,0,0,0,0,0,0,0
MYD17A2H.A2021273.h12v02.006.2021282063154.Psn_QC_500m,MYD17A2H,A2021273,Lat65.9255Lon-137.4220833Samp13Line13,2021282063154,Psn_QC_500m,67,67,67,67,75,75,75,75,67,75,75,75,75,67,67,67,67,67,75,67,67,75,75,75,75,75,10,67,67,67,67,75,75,75,75,75,75,67,67,67,67,67,75,75,75,75,75,75,67,67,67,67,75,75,75,75,75,75,75,75,67,10,10,10,10,75,75,75,75,75,10,10,10,10,10,10,10,10,75,75,75,67,10,10,10,10,10,10,2,2,2,75,67,67,67,10,10,2,2,67,67,2,2,10,67,67,67,67,67,67,2,2,2,2,10,10,10,75,2,2,2,2,2,2,2,10,10,2,10,2,2,2,2,2,10,10,67,67,10,2,2,10,2,67,67,10,67,67,67,75,75,2,67,2,2,2,67,67,67,67,10,10,75,75,2,2,2,2,2
MYD17A2H.A2021281.h12v02.006.2021290053927.Gpp_500m,MYD17A2H,A2021281,Lat65.9255Lon-137.4220833Samp13Line13,2021290053927,Gpp_500m,0,0,0,0,0,0,0,0,0,0,0,0,0,0,0,0,0,0,0,0,0,0,0,0,0,0,0,0,0,0,0,0,0,0,0,0,0,0,0,0,0,0,0,0,0,0,0,0,0,0,0,0,0,0,0,0,0,0,0,0,0,0,0,0,0,0,0,0,0,0,0,0,0,0,0,0,0,0,0,0,0,0,0,0,0,0,0,0,0,0,0,0,0,0,0,0,0,0,0,0,0,0,0,0,0,0,0,0,0,0,0,0,0,0,0,0,0,0,0,0,0,0,0,0,0,0,0,0,0,0,0,0,0,0,0,0,0,0,0,0,0,0,0,0,0,0,0,0,0,0,0,0,0,0,0,0,0,0,0,0,0,0,0,0,0,0,0,0,0
MYD17A2H.A2021281.h12v02.006.2021290053927.PsnNet_500m,MYD17A2H,A2021281,Lat65.9255Lon-137.4220833Samp13Line13,2021290053927,PsnNet_500m,0,0,0,0,0,0,0,0,0,0,0,0,0,0,0,0,0,0,0,0,0,0,0,0,0,0,0,0,0,0,0,0,0,0,0,0,0,0,0,0,0,0,0,0,0,0,0,0,0,0,0,0,0,0,0,0,0,0,0,0,0,0,0,0,0,0,0,0,0,0,0,0,0,0,0,0,0,0,0,0,0,0,0,0,0,0,0,0,0,0,0,0,0,0,0,0,0,0,0,0,0,0,0,0,0,0,0,0,0,0,0,0,0,0,0,0,0,0,0,0,0,0,0,0,0,0,0,0,0,0,0,0,0,0,0,0,0,0,0,0,0,0,0,0,0,0,0,0,0,0,0,0,0,0,0,0,0,0,0,0,0,0,0,0,0,0,0,0,0
MYD17A2H.A2021281.h12v02.006.2021290053927.Psn_QC_500m,MYD17A2H,A2021281,Lat65.9255Lon-137.4220833Samp13Line13,2021290053927,Psn_QC_500m,67,67,67,67,67,67,67,67,67,67,67,67,67,67,67,67,67,67,67,67,67,67,67,67,67,67,67,67,67,67,67,67,67,67,67,67,67,67,67,67,67,67,67,67,67,67,67,67,67,67,67,67,67,67,67,67,67,67,67,67,67,67,67,67,67,67,67,67,67,67,67,67,67,67,67,67,67,67,67,67,67,67,67,67,67,67,67,67,67,67,67,67,67,67,67,67,67,67,67,67,67,67,67,67,67,67,67,67,67,67,67,67,67,67,67,67,67,67,67,67,67,67,67,67,67,67,67,67,67,67,67,67,67,67,67,67,67,67,67,67,67,67,67,67,67,67,67,67,67,67,67,67,67,67,67,67,67,67,67,67,67,67,67,67,67,67,67,67,67
MYD17A2H.A2021289.h12v02.006.2021298215244.Gpp_500m,MYD17A2H,A2021289,Lat65.9255Lon-137.4220833Samp13Line13,2021298215244,Gpp_500m,0,0,0,0,0,0,0,0,0,0,0,0,0,0,0,0,0,0,0,0,0,0,0,0,0,0,0,0,0,0,0,0,0,0,0,0,0,0,0,0,0,0,0,0,0,0,0,0,0,0,0,0,0,0,0,0,0,0,0,0,0,0,0,0,0,0,0,0,0,0,0,0,0,0,0,0,0,0,0,0,0,0,0,0,0,0,0,0,0,0,0,0,0,0,0,0,0,0,0,0,0,0,0,0,0,0,0,0,0,0,0,0,0,0,0,0,0,0,0,0,0,0,0,0,0,0,0,0,0,0,0,0,0,0,0,0,0,0,0,0,0,0,0,0,0,0,0,0,0,0,0,0,0,0,0,0,0,0,0,0,0,0,0,0,0,0,0,0,0
MYD17A2H.A2021289.h12v02.006.2021298215244.PsnNet_500m,MYD17A2H,A2021289,Lat65.9255Lon-137.4220833Samp13Line13,2021298215244,PsnNet_500m,0,0,0,0,0,0,0,0,0,0,0,0,0,0,0,0,0,0,0,0,0,0,0,0,0,0,0,0,0,0,0,0,0,0,0,0,0,0,0,0,0,0,0,0,0,0,0,0,0,0,0,0,0,0,0,0,0,0,0,0,0,0,0,0,0,0,0,0,0,0,0,0,0,0,0,0,0,0,0,0,0,0,0,0,0,0,0,0,0,0,0,0,0,0,0,0,0,0,0,0,0,0,0,0,0,0,0,0,0,0,0,0,0,0,0,0,0,0,0,0,0,0,0,0,0,0,0,0,0,0,0,0,0,0,0,0,0,0,0,0,0,0,0,0,0,0,0,0,0,0,0,0,0,0,0,0,0,0,0,0,0,0,0,0,0,0,0,0,0
MYD17A2H.A2021289.h12v02.006.2021298215244.Psn_QC_500m,MYD17A2H,A2021289,Lat65.9255Lon-137.4220833Samp13Line13,2021298215244,Psn_QC_500m,75,67,67,75,67,75,75,67,75,75,75,75,75,75,75,75,75,75,75,75,75,75,75,75,75,67,75,75,83,75,75,75,75,75,75,67,67,67,67,67,75,75,75,75,75,67,67,67,75,75,67,67,75,75,75,75,75,67,67,67,67,67,67,67,67,75,75,75,75,67,75,67,67,67,67,67,67,67,75,75,67,67,67,67,67,67,67,67,67,67,67,67,67,67,67,67,67,67,67,67,67,67,67,67,67,67,67,67,67,67,67,67,67,67,67,67,67,67,67,67,67,67,67,67,67,67,67,67,67,83,67,67,67,67,67,67,67,67,67,67,67,67,67,67,67,67,67,67,67,67,67,67,67,67,67,67,67,67,67,67,67,67,67,67,67,67,67,67,67
MYD17A2H.A2021297.h12v02.006.2021306230627.Gpp_500m,MYD17A2H,A2021297,Lat65.9255Lon-137.4220833Samp13Line13,2021306230627,Gpp_500m,0,0,0,0,0,0,0,0,0,0,0,0,0,0,0,0,0,0,0,0,0,0,0,0,0,0,0,0,0,0,0,0,0,0,0,0,0,0,0,0,0,0,0,0,0,0,0,0,0,0,0,0,0,0,0,0,0,0,0,0,0,0,0,0,0,0,0,0,0,0,0,0,0,0,0,0,0,0,0,0,0,0,0,0,0,0,0,0,0,0,0,0,0,0,0,0,0,0,0,0,0,0,0,0,0,0,0,0,0,0,0,0,0,0,0,0,0,0,0,0,0,0,0,0,0,0,0,0,0,0,0,0,0,0,0,0,0,0,0,0,0,0,0,0,0,0,0,0,0,0,0,0,0,0,0,0,0,0,0,0,0,0,0,0,0,0,0,0,0
MYD17A2H.A2021297.h12v02.006.2021306230627.PsnNet_500m,MYD17A2H,A2021297,Lat65.9255Lon-137.4220833Samp13Line13,2021306230627,PsnNet_500m,0,0,0,0,0,0,0,0,0,0,0,0,0,0,0,0,0,0,0,0,0,0,0,0,0,0,0,0,0,0,0,0,0,0,0,0,0,0,0,0,0,0,0,0,0,0,0,0,0,0,0,0,0,0,0,0,0,0,0,0,0,0,0,0,0,0,0,0,0,0,0,0,0,0,0,0,0,0,0,0,0,0,0,0,0,0,0,0,0,0,0,0,0,0,0,0,0,0,0,0,0,0,0,0,0,0,0,0,0,0,0,0,0,0,0,0,0,0,0,0,0,0,0,0,0,0,0,0,0,0,0,0,0,0,0,0,0,0,0,0,0,0,0,0,0,0,0,0,0,0,0,0,0,0,0,0,0,0,0,0,0,0,0,0,0,0,0,0,0
MYD17A2H.A2021297.h12v02.006.2021306230627.Psn_QC_500m,MYD17A2H,A2021297,Lat65.9255Lon-137.4220833Samp13Line13,2021306230627,Psn_QC_500m,75,75,75,75,75,75,75,75,75,75,75,75,75,75,75,75,75,75,75,75,75,75,75,75,75,75,75,75,75,75,75,75,75,67,75,75,75,75,67,75,75,75,67,67,67,75,75,75,75,67,75,75,67,67,67,67,75,75,75,75,75,67,67,67,67,67,67,75,75,75,75,75,67,75,75,75,75,67,75,75,75,75,75,75,75,75,75,75,75,75,75,75,75,75,75,75,75,75,75,75,75,75,75,75,75,75,75,83,67,67,67,75,75,75,75,75,75,75,83,67,67,67,75,75,75,75,75,75,75,75,75,75,67,75,75,75,75,75,75,75,75,75,75,75,75,75,75,75,75,75,75,75,75,75,75,75,75,75,75,75,75,75,75,75,75,75,75,75,75
MYD17A2H.A2021305.h12v02.006.2021314102002.Gpp_500m,MYD17A2H,A2021305,Lat65.9255Lon-137.4220833Samp13Line13,2021314102002,Gpp_500m,0,0,0,0,0,0,0,0,0,0,0,0,0,0,0,0,0,0,0,0,0,0,0,0,0,0,0,0,0,0,0,0,0,0,0,0,0,0,0,0,0,0,0,0,0,0,0,0,0,0,0,0,0,0,0,0,0,0,0,0,0,0,0,0,0,0,0,0,0,0,0,0,0,0,0,0,0,0,0,0,0,0,0,0,0,0,0,0,0,0,0,0,0,0,0,0,0,0,0,0,0,0,0,0,0,0,0,0,0,0,0,0,0,0,0,0,0,0,0,0,0,0,0,0,0,0,0,0,0,0,0,0,0,0,0,0,0,0,0,0,0,0,0,0,0,0,0,0,0,0,0,0,0,0,0,0,0,0,0,0,0,0,0,0,0,0,0,0,0
MYD17A2H.A2021305.h12v02.006.2021314102002.PsnNet_500m,MYD17A2H,A2021305,Lat65.9255Lon-137.4220833Samp13Line13,2021314102002,PsnNet_500m,0,0,0,0,0,0,0,0,0,0,0,0,0,0,0,0,0,0,0,0,0,0,0,0,0,0,0,0,0,0,0,0,0,0,0,0,0,0,0,0,0,0,0,0,0,0,0,0,0,0,0,0,0,0,0,0,0,0,0,0,0,0,0,0,0,0,0,0,0,0,0,0,0,0,0,0,0,0,0,0,0,0,0,0,0,0,0,0,0,0,0,0,0,0,0,0,0,0,0,0,0,0,0,0,0,0,0,0,0,0,0,0,0,0,0,0,0,0,0,0,0,0,0,0,0,0,0,0,0,0,0,0,0,0,0,0,0,0,0,0,0,0,0,0,0,0,0,0,0,0,0,0,0,0,0,0,0,0,0,0,0,0,0,0,0,0,0,0,0
MYD17A2H.A2021305.h12v02.006.2021314102002.Psn_QC_500m,MYD17A2H,A2021305,Lat65.9255Lon-137.4220833Samp13Line13,2021314102002,Psn_QC_500m,75,67,75,75,67,75,75,75,75,75,75,75,75,67,67,75,75,75,75,75,75,75,75,75,75,75,67,67,67,75,75,75,75,75,75,75,75,75,75,67,67,75,75,75,75,75,75,75,75,75,75,75,67,75,75,75,75,75,75,67,67,67,67,67,67,75,75,75,75,75,67,67,67,67,67,67,67,67,75,75,75,67,75,67,67,67,67,67,67,67,67,67,67,67,67,67,67,67,67,67,67,67,67,67,67,67,67,67,67,67,67,67,67,67,67,67,67,67,67,67,67,67,67,67,67,67,67,67,67,67,67,67,67,67,67,67,67,67,67,75,75,67,67,75,67,67,67,67,67,67,67,67,67,67,67,67,67,67,67,67,67,67,67,67,67,67,67,67,67
MYD17A2H.A2021313.h12v02.006.2021322090446.Gpp_500m,MYD17A2H,A2021313,Lat65.9255Lon-137.4220833Samp13Line13,2021322090446,Gpp_500m,0,0,0,0,0,0,0,0,0,0,0,0,0,0,0,0,0,0,0,0,0,0,0,0,0,0,0,0,0,0,0,0,0,0,0,0,0,0,0,0,0,0,0,0,0,0,0,0,0,0,0,0,0,0,0,0,0,0,0,0,0,0,0,0,0,0,0,0,0,0,0,0,0,0,0,0,0,0,0,0,0,0,0,0,0,0,0,0,0,0,0,0,0,0,0,0,0,0,0,0,0,0,0,0,0,0,0,0,0,0,0,0,0,0,0,0,0,0,0,0,0,0,0,0,0,0,0,0,0,0,0,0,0,0,0,0,0,0,0,0,0,0,0,0,0,0,0,0,0,0,0,0,0,0,0,0,0,0,0,0,0,0,0,0,0,0,0,0,0
MYD17A2H.A2021313.h12v02.006.2021322090446.PsnNet_500m,MYD17A2H,A2021313,Lat65.9255Lon-137.4220833Samp13Line13,2021322090446,PsnNet_500m,0,0,0,0,0,0,0,0,0,0,0,0,0,0,0,0,0,0,0,0,0,0,0,0,0,0,0,0,0,0,0,0,0,0,0,0,0,0,0,0,0,0,0,0,0,0,0,0,0,0,0,0,0,0,0,0,0,0,0,0,0,0,0,0,0,0,0,0,0,0,0,0,0,0,0,0,0,0,0,0,0,0,0,0,0,0,0,0,0,0,0,0,0,0,0,0,0,0,0,0,0,0,0,0,0,0,0,0,0,0,0,0,0,0,0,0,0,0,0,0,0,0,0,0,0,0,0,0,0,0,0,0,0,0,0,0,0,0,0,0,0,0,0,0,0,0,0,0,0,0,0,0,0,0,0,0,0,0,0,0,0,0,0,0,0,0,0,0,0
MYD17A2H.A2021313.h12v02.006.2021322090446.Psn_QC_500m,MYD17A2H,A2021313,Lat65.9255Lon-137.4220833Samp13Line13,2021322090446,Psn_QC_500m,75,75,75,75,75,75,75,75,75,75,75,75,75,75,75,75,75,75,75,75,75,75,75,75,75,75,75,75,75,75,75,75,75,75,75,75,75,75,75,75,75,75,75,75,75,75,75,75,75,75,75,75,75,75,75,75,75,75,75,75,75,75,75,75,75,75,75,75,75,75,75,75,75,75,75,75,75,75,75,75,75,75,75,75,75,75,75,75,75,75,75,75,75,75,75,75,75,75,75,75,75,75,75,75,67,67,75,75,75,75,75,75,75,75,75,75,75,75,75,75,75,75,75,75,75,75,75,75,75,75,75,75,75,75,75,75,75,75,75,75,75,75,75,75,75,75,75,75,75,75,75,75,75,75,75,75,75,75,75,75,75,75,75,75,75,75,75,75,75
MYD17A2H.A2021321.h12v02.006.2021331094002.Gpp_500m,MYD17A2H,A2021321,Lat65.9255Lon-137.4220833Samp13Line13,2021331094002,Gpp_500m,0,0,0,0,0,0,0,0,0,0,0,0,0,0,0,0,0,0,0,0,0,0,0,0,0,0,0,0,0,0,0,0,0,0,0,0,0,0,0,0,0,0,0,0,0,0,0,0,0,0,0,0,0,0,0,0,0,0,0,0,0,0,0,0,0,0,0,0,0,0,0,0,0,0,0,0,0,0,0,0,0,0,0,0,0,0,0,0,0,0,0,0,0,0,0,0,0,0,0,0,0,0,0,0,0,0,0,0,0,0,0,0,0,0,0,0,0,0,0,0,0,0,0,0,0,0,0,0,0,0,0,0,0,0,0,0,0,0,0,0,0,0,0,0,0,0,0,0,0,0,0,0,0,0,0,0,0,0,0,0,0,0,0,0,0,0,0,0,0
MYD17A2H.A2021321.h12v02.006.2021331094002.PsnNet_500m,MYD17A2H,A2021321,Lat65.9255Lon-137.4220833Samp13Line13,2021331094002,PsnNet_500m,0,0,0,0,0,0,0,0,0,0,0,0,0,0,0,0,0,0,0,0,0,0,0,0,0,0,0,0,0,0,0,0,0,0,0,0,0,0,0,0,0,0,0,0,0,0,0,0,0,0,0,0,0,0,0,0,0,0,0,0,0,0,0,0,0,0,0,0,0,0,0,0,0,0,0,0,0,0,0,0,0,0,0,0,0,0,0,0,0,0,0,0,0,0,0,0,0,0,0,0,0,0,0,0,0,0,0,0,0,0,0,0,0,0,0,0,0,0,0,0,0,0,0,0,0,0,0,0,0,0,0,0,0,0,0,0,0,0,0,0,0,0,0,0,0,0,0,0,0,0,0,0,0,0,0,0,0,0,0,0,0,0,0,0,0,0,0,0,0
MYD17A2H.A2021321.h12v02.006.2021331094002.Psn_QC_500m,MYD17A2H,A2021321,Lat65.9255Lon-137.4220833Samp13Line13,2021331094002,Psn_QC_500m,75,75,67,75,75,75,75,75,75,75,75,75,75,75,67,67,75,75,75,75,75,75,75,75,75,75,75,75,75,75,75,75,75,75,75,75,75,75,75,67,75,75,75,75,75,75,75,75,75,75,75,75,75,75,75,75,75,75,75,75,75,75,75,75,75,75,75,75,75,75,75,75,75,75,75,75,75,75,75,75,75,75,75,75,75,75,75,75,75,75,75,75,75,67,75,67,75,75,75,75,75,75,75,75,67,67,75,75,75,75,75,75,75,75,75,75,75,75,75,75,75,75,75,75,75,75,75,75,75,75,75,75,75,75,75,75,75,75,75,75,75,75,75,67,75,75,67,67,67,67,75,75,75,75,75,75,75,75,67,67,67,75,75,67,75,75,75,75,75
MYD17A2H.A2021329.h12v02.006.2021341003854.Gpp_500m,MYD17A2H,A2021329,Lat65.9255Lon-137.4220833Samp13Line13,2021341003854,Gpp_500m,32767,32767,32767,32767,32767,32767,32767,32767,32767,32767,32767,32767,32767,32767,32767,32767,32767,32767,32767,32767,32767,32767,32767,32767,32767,32767,32767,32767,32767,32767,32767,32767,32767,32767,32767,32767,32767,32767,32767,32767,32767,32767,32767,32767,32767,32767,32767,32767,32767,32767,32767,32767,32767,32767,32767,32767,32767,32767,32767,32767,32767,32767,32767,32767,32767,32767,32767,32767,32767,32767,32767,32767,32767,32767,32767,32767,32767,32767,32767,32767,32767,32767,32767,32767,32767,32767,32767,32767,32767,32767,32767,32767,32767,32767,32767,32767,32767,32767,32767,32767,32767,32767,32767,32767,32767,32767,32767,32767,32767,32767,32767,32767,32767,32767,32767,32767,32767,32767,32767,32767,32767,32767,32767,32767,32767,32767,32767,32767,32767,32767,32767,32767,32767,32767,32767,32767,32767,32767,32767,32767,32767,32767,32767,32767,32767,32767,32767,32767,32767,32767,32767,32767,32767,32767,32767,32767,32767,32767,32767,32767,32767,32767,32767,32767,32767,32767,32767,32767,32767
MYD17A2H.A2021329.h12v02.006.2021341003854.PsnNet_500m,MYD17A2H,A2021329,Lat65.9255Lon-137.4220833Samp13Line13,2021341003854,PsnNet_500m,32767,32767,32767,32767,32767,32767,32767,32767,32767,32767,32767,32767,32767,32767,32767,32767,32767,32767,32767,32767,32767,32767,32767,32767,32767,32767,32767,32767,32767,32767,32767,32767,32767,32767,32767,32767,32767,32767,32767,32767,32767,32767,32767,32767,32767,32767,32767,32767,32767,32767,32767,32767,32767,32767,32767,32767,32767,32767,32767,32767,32767,32767,32767,32767,32767,32767,32767,32767,32767,32767,32767,32767,32767,32767,32767,32767,32767,32767,32767,32767,32767,32767,32767,32767,32767,32767,32767,32767,32767,32767,32767,32767,32767,32767,32767,32767,32767,32767,32767,32767,32767,32767,32767,32767,32767,32767,32767,32767,32767,32767,32767,32767,32767,32767,32767,32767,32767,32767,32767,32767,32767,32767,32767,32767,32767,32767,32767,32767,32767,32767,32767,32767,32767,32767,32767,32767,32767,32767,32767,32767,32767,32767,32767,32767,32767,32767,32767,32767,32767,32767,32767,32767,32767,32767,32767,32767,32767,32767,32767,32767,32767,32767,32767,32767,32767,32767,32767,32767,32767
MYD17A2H.A2021329.h12v02.006.2021341003854.Psn_QC_500m,MYD17A2H,A2021329,Lat65.9255Lon-137.4220833Samp13Line13,2021341003854,Psn_QC_500m,255,255,255,255,255,255,255,255,255,255,255,255,255,255,255,255,255,255,255,255,255,255,255,255,255,255,255,255,255,255,255,255,255,255,255,255,255,255,255,255,255,255,255,255,255,255,255,255,255,255,255,255,255,255,255,255,255,255,255,255,255,255,255,255,255,255,255,255,255,255,255,255,255,255,255,255,255,255,255,255,255,255,255,255,255,255,255,255,255,255,255,255,255,255,255,255,255,255,255,255,255,255,255,255,255,255,255,255,255,255,255,255,255,255,255,255,255,255,255,255,255,255,255,255,255,255,255,255,255,255,255,255,255,255,255,255,255,255,255,255,255,255,255,255,255,255,255,255,255,255,255,255,255,255,255,255,255,255,255,255,255,255,255,255,255,255,255,255,255
MYD17A2H.A2021337.h12v02.006.2021346064652.Gpp_500m,MYD17A2H,A2021337,Lat65.9255Lon-137.4220833Samp13Line13,2021346064652,Gpp_500m,32767,32767,32767,32767,32767,32767,32767,32767,32767,32767,32767,32767,32767,32767,32767,32767,32767,32767,32767,32767,32767,32767,32767,32767,32767,32767,32767,32767,32767,32767,32767,32767,32767,32767,32767,32767,32767,32767,32767,32767,32767,32767,32767,32767,32767,32767,32767,32767,32767,32767,32767,32767,32767,32767,32767,32767,32767,32767,32767,32767,32767,32767,32767,32767,32767,32767,32767,32767,32767,32767,32767,32767,32767,32767,32767,32767,32767,32767,32767,32767,32767,32767,32767,32767,32767,32767,32767,32767,32767,32767,32767,32767,32767,32767,32767,32767,32767,32767,32767,32767,32767,32767,32767,32767,32767,32767,32767,32767,32767,32767,32767,32767,32767,32767,32767,32767,32767,32767,32767,32767,32767,32767,32767,32767,32767,32767,32767,32767,32767,32767,32767,32767,32767,32767,32767,32767,32767,32767,32767,32767,32767,32767,32767,32767,32767,32767,32767,32767,32767,32767,32767,32767,32767,32767,32767,32767,32767,32767,32767,32767,32767,32767,32767,32767,32767,32767,32767,32767,32767
MYD17A2H.A2021337.h12v02.006.2021346064652.PsnNet_500m,MYD17A2H,A2021337,Lat65.9255Lon-137.4220833Samp13Line13,2021346064652,PsnNet_500m,32767,32767,32767,32767,32767,32767,32767,32767,32767,32767,32767,32767,32767,32767,32767,32767,32767,32767,32767,32767,32767,32767,32767,32767,32767,32767,32767,32767,32767,32767,32767,32767,32767,32767,32767,32767,32767,32767,32767,32767,32767,32767,32767,32767,32767,32767,32767,32767,32767,32767,32767,32767,32767,32767,32767,32767,32767,32767,32767,32767,32767,32767,32767,32767,32767,32767,32767,32767,32767,32767,32767,32767,32767,32767,32767,32767,32767,32767,32767,32767,32767,32767,32767,32767,32767,32767,32767,32767,32767,32767,32767,32767,32767,32767,32767,32767,32767,32767,32767,32767,32767,32767,32767,32767,32767,32767,32767,32767,32767,32767,32767,32767,32767,32767,32767,32767,32767,32767,32767,32767,32767,32767,32767,32767,32767,32767,32767,32767,32767,32767,32767,32767,32767,32767,32767,32767,32767,32767,32767,32767,32767,32767,32767,32767,32767,32767,32767,32767,32767,32767,32767,32767,32767,32767,32767,32767,32767,32767,32767,32767,32767,32767,32767,32767,32767,32767,32767,32767,32767
MYD17A2H.A2021337.h12v02.006.2021346064652.Psn_QC_500m,MYD17A2H,A2021337,Lat65.9255Lon-137.4220833Samp13Line13,2021346064652,Psn_QC_500m,255,255,255,255,255,255,255,255,255,255,255,255,255,255,255,255,255,255,255,255,255,255,255,255,255,255,255,255,255,255,255,255,255,255,255,255,255,255,255,255,255,255,255,255,255,255,255,255,255,255,255,255,255,255,255,255,255,255,255,255,255,255,255,255,255,255,255,255,255,255,255,255,255,255,255,255,255,255,255,255,255,255,255,255,255,255,255,255,255,255,255,255,255,255,255,255,255,255,255,255,255,255,255,255,255,255,255,255,255,255,255,255,255,255,255,255,255,255,255,255,255,255,255,255,255,255,255,255,255,255,255,255,255,255,255,255,255,255,255,255,255,255,255,255,255,255,255,255,255,255,255,255,255,255,255,255,255,255,255,255,255,255,255,255,255,255,255,255,255
MYD17A2H.A2021345.h12v02.006.2021357151735.Gpp_500m,MYD17A2H,A2021345,Lat65.9255Lon-137.4220833Samp13Line13,2021357151735,Gpp_500m,32767,32767,32767,32767,32767,32767,32767,32767,32767,32767,32767,32767,32767,32767,32767,32767,32767,32767,32767,32767,32767,32767,32767,32767,32767,32767,32767,32767,32767,32767,32767,32767,32767,32767,32767,32767,32767,32767,32767,32767,32767,32767,32767,32767,32767,32767,32767,32767,32767,32767,32767,32767,32767,32767,32767,32767,32767,32767,32767,32767,32767,32767,32767,32767,32767,32767,32767,32767,32767,32767,32767,32767,32767,32767,32767,32767,32767,32767,32767,32767,32767,32767,32767,32767,32767,32767,32767,32767,32767,32767,32767,32767,32767,32767,32767,32767,32767,32767,32767,32767,32767,32767,32767,32767,32767,32767,32767,32767,32767,32767,32767,32767,32767,32767,32767,32767,32767,32767,32767,32767,32767,32767,32767,32767,32767,32767,32767,32767,32767,32767,32767,32767,32767,32767,32767,32767,32767,32767,32767,32767,32767,32767,32767,32767,32767,32767,32767,32767,32767,32767,32767,32767,32767,32767,32767,32767,32767,32767,32767,32767,32767,32767,32767,32767,32767,32767,32767,32767,32767
MYD17A2H.A2021345.h12v02.006.2021357151735.PsnNet_500m,MYD17A2H,A2021345,Lat65.9255Lon-137.4220833Samp13Line13,2021357151735,PsnNet_500m,32767,32767,32767,32767,32767,32767,32767,32767,32767,32767,32767,32767,32767,32767,32767,32767,32767,32767,32767,32767,32767,32767,32767,32767,32767,32767,32767,32767,32767,32767,32767,32767,32767,32767,32767,32767,32767,32767,32767,32767,32767,32767,32767,32767,32767,32767,32767,32767,32767,32767,32767,32767,32767,32767,32767,32767,32767,32767,32767,32767,32767,32767,32767,32767,32767,32767,32767,32767,32767,32767,32767,32767,32767,32767,32767,32767,32767,32767,32767,32767,32767,32767,32767,32767,32767,32767,32767,32767,32767,32767,32767,32767,32767,32767,32767,32767,32767,32767,32767,32767,32767,32767,32767,32767,32767,32767,32767,32767,32767,32767,32767,32767,32767,32767,32767,32767,32767,32767,32767,32767,32767,32767,32767,32767,32767,32767,32767,32767,32767,32767,32767,32767,32767,32767,32767,32767,32767,32767,32767,32767,32767,32767,32767,32767,32767,32767,32767,32767,32767,32767,32767,32767,32767,32767,32767,32767,32767,32767,32767,32767,32767,32767,32767,32767,32767,32767,32767,32767,32767
MYD17A2H.A2021345.h12v02.006.2021357151735.Psn_QC_500m,MYD17A2H,A2021345,Lat65.9255Lon-137.4220833Samp13Line13,2021357151735,Psn_QC_500m,255,255,255,255,255,255,255,255,255,255,255,255,255,255,255,255,255,255,255,255,255,255,255,255,255,255,255,255,255,255,255,255,255,255,255,255,255,255,255,255,255,255,255,255,255,255,255,255,255,255,255,255,255,255,255,255,255,255,255,255,255,255,255,255,255,255,255,255,255,255,255,255,255,255,255,255,255,255,255,255,255,255,255,255,255,255,255,255,255,255,255,255,255,255,255,255,255,255,255,255,255,255,255,255,255,255,255,255,255,255,255,255,255,255,255,255,255,255,255,255,255,255,255,255,255,255,255,255,255,255,255,255,255,255,255,255,255,255,255,255,255,255,255,255,255,255,255,255,255,255,255,255,255,255,255,255,255,255,255,255,255,255,255,255,255,255,255,255,255
MYD17A2H.A2021353.h12v02.006.2022004003820.Gpp_500m,MYD17A2H,A2021353,Lat65.9255Lon-137.4220833Samp13Line13,2022004003820,Gpp_500m,32767,32767,32767,32767,32767,32767,32767,32767,32767,32767,32767,32767,32767,32767,32767,32767,32767,32767,32767,32767,32767,32767,32767,32767,32767,32767,32767,32767,32767,32767,32767,32767,32767,32767,32767,32767,32767,32767,32767,32767,32767,32767,32767,32767,32767,32767,32767,32767,32767,32767,32767,32767,32767,32767,32767,32767,32767,32767,32767,32767,32767,32767,32767,32767,32767,32767,32767,32767,32767,32767,32767,32767,32767,32767,32767,32767,32767,32767,32767,32767,32767,32767,32767,32767,32767,32767,32767,32767,32767,32767,32767,32767,32767,32767,32767,32767,32767,32767,32767,32767,32767,32767,32767,32767,32767,32767,32767,32767,32767,32767,32767,32767,32767,32767,32767,32767,32767,32767,32767,32767,32767,32767,32767,32767,32767,32767,32767,32767,32767,32767,32767,32767,32767,32767,32767,32767,32767,32767,32767,32767,32767,32767,32767,32767,32767,32767,32767,32767,32767,32767,32767,32767,32767,32767,32767,32767,32767,32767,32767,32767,32767,32767,32767,32767,32767,32767,32767,32767,32767
MYD17A2H.A2021353.h12v02.006.2022004003820.PsnNet_500m,MYD17A2H,A2021353,Lat65.9255Lon-137.4220833Samp13Line13,2022004003820,PsnNet_500m,32767,32767,32767,32767,32767,32767,32767,32767,32767,32767,32767,32767,32767,32767,32767,32767,32767,32767,32767,32767,32767,32767,32767,32767,32767,32767,32767,32767,32767,32767,32767,32767,32767,32767,32767,32767,32767,32767,32767,32767,32767,32767,32767,32767,32767,32767,32767,32767,32767,32767,32767,32767,32767,32767,32767,32767,32767,32767,32767,32767,32767,32767,32767,32767,32767,32767,32767,32767,32767,32767,32767,32767,32767,32767,32767,32767,32767,32767,32767,32767,32767,32767,32767,32767,32767,32767,32767,32767,32767,32767,32767,32767,32767,32767,32767,32767,32767,32767,32767,32767,32767,32767,32767,32767,32767,32767,32767,32767,32767,32767,32767,32767,32767,32767,32767,32767,32767,32767,32767,32767,32767,32767,32767,32767,32767,32767,32767,32767,32767,32767,32767,32767,32767,32767,32767,32767,32767,32767,32767,32767,32767,32767,32767,32767,32767,32767,32767,32767,32767,32767,32767,32767,32767,32767,32767,32767,32767,32767,32767,32767,32767,32767,32767,32767,32767,32767,32767,32767,32767
MYD17A2H.A2021353.h12v02.006.2022004003820.Psn_QC_500m,MYD17A2H,A2021353,Lat65.9255Lon-137.4220833Samp13Line13,2022004003820,Psn_QC_500m,255,255,255,255,255,255,255,255,255,255,255,255,255,255,255,255,255,255,255,255,255,255,255,255,255,255,255,255,255,255,255,255,255,255,255,255,255,255,255,255,255,255,255,255,255,255,255,255,255,255,255,255,255,255,255,255,255,255,255,255,255,255,255,255,255,255,255,255,255,255,255,255,255,255,255,255,255,255,255,255,255,255,255,255,255,255,255,255,255,255,255,255,255,255,255,255,255,255,255,255,255,255,255,255,255,255,255,255,255,255,255,255,255,255,255,255,255,255,255,255,255,255,255,255,255,255,255,255,255,255,255,255,255,255,255,255,255,255,255,255,255,255,255,255,255,255,255,255,255,255,255,255,255,255,255,255,255,255,255,255,255,255,255,255,255,255,255,255,255
MYD17A2H.A2021361.h12v02.006.2022005050246.Gpp_500m,MYD17A2H,A2021361,Lat65.9255Lon-137.4220833Samp13Line13,2022005050246,Gpp_500m,32767,32767,32767,32767,32767,32767,32767,32767,32767,32767,32767,32767,32767,32767,32767,32767,32767,32767,32767,32767,32767,32767,32767,32767,32767,32767,32767,32767,32767,32767,32767,32767,32767,32767,32767,32767,32767,32767,32767,32767,32767,32767,32767,32767,32767,32767,32767,32767,32767,32767,32767,32767,32767,32767,32767,32767,32767,32767,32767,32767,32767,32767,32767,32767,32767,32767,32767,32767,32767,32767,32767,32767,32767,32767,32767,32767,32767,32767,32767,32767,32767,32767,32767,32767,32767,32767,32767,32767,32767,32767,32767,32767,32767,32767,32767,32767,32767,32767,32767,32767,32767,32767,32767,32767,32767,32767,32767,32767,32767,32767,32767,32767,32767,32767,32767,32767,32767,32767,32767,32767,32767,32767,32767,32767,32767,32767,32767,32767,32767,32767,32767,32767,32767,32767,32767,32767,32767,32767,32767,32767,32767,32767,32767,32767,32767,32767,32767,32767,32767,32767,32767,32767,32767,32767,32767,32767,32767,32767,32767,32767,32767,32767,32767,32767,32767,32767,32767,32767,32767
MYD17A2H.A2021361.h12v02.006.2022005050246.PsnNet_500m,MYD17A2H,A2021361,Lat65.9255Lon-137.4220833Samp13Line13,2022005050246,PsnNet_500m,32767,32767,32767,32767,32767,32767,32767,32767,32767,32767,32767,32767,32767,32767,32767,32767,32767,32767,32767,32767,32767,32767,32767,32767,32767,32767,32767,32767,32767,32767,32767,32767,32767,32767,32767,32767,32767,32767,32767,32767,32767,32767,32767,32767,32767,32767,32767,32767,32767,32767,32767,32767,32767,32767,32767,32767,32767,32767,32767,32767,32767,32767,32767,32767,32767,32767,32767,32767,32767,32767,32767,32767,32767,32767,32767,32767,32767,32767,32767,32767,32767,32767,32767,32767,32767,32767,32767,32767,32767,32767,32767,32767,32767,32767,32767,32767,32767,32767,32767,32767,32767,32767,32767,32767,32767,32767,32767,32767,32767,32767,32767,32767,32767,32767,32767,32767,32767,32767,32767,32767,32767,32767,32767,32767,32767,32767,32767,32767,32767,32767,32767,32767,32767,32767,32767,32767,32767,32767,32767,32767,32767,32767,32767,32767,32767,32767,32767,32767,32767,32767,32767,32767,32767,32767,32767,32767,32767,32767,32767,32767,32767,32767,32767,32767,32767,32767,32767,32767,32767
MYD17A2H.A2021361.h12v02.006.2022005050246.Psn_QC_500m,MYD17A2H,A2021361,Lat65.9255Lon-137.4220833Samp13Line13,2022005050246,Psn_QC_500m,255,255,255,255,255,255,255,255,255,255,255,255,255,255,255,255,255,255,255,255,255,255,255,255,255,255,255,255,255,255,255,255,255,255,255,255,255,255,255,255,255,255,255,255,255,255,255,255,255,255,255,255,255,255,255,255,255,255,255,255,255,255,255,255,255,255,255,255,255,255,255,255,255,255,255,255,255,255,255,255,255,255,255,255,255,255,255,255,255,255,255,255,255,255,255,255,255,255,255,255,255,255,255,255,255,255,255,255,255,255,255,255,255,255,255,255,255,255,255,255,255,255,255,255,255,255,255,255,255,255,255,255,255,255,255,255,255,255,255,255,255,255,255,255,255,255,255,255,255,255,255,255,255,255,255,255,255,255,255,255,255,255,255,255,255,255,255,255,255
